2 0.64453125 0.2015625 0.03125 0.03515625
2 0.3921875 0.5890625 0.02421875 0.03828125
2 0.3765625 0.640625 0.03203125 0.040625
2 0.4390625 0.79296875 0.03203125 0.03984375
3 0.959375 0.76484375 0.03828125 0.0859375
3 0.95625 0.8765625 0.065625 0.0921875
3 0.90546875 0.92578125 0.0625 0.07890625
2 0.775 0.74609375 0.03984375 0.06875
2 0.65546875 0.91796875 0.0515625 0.05703125
2 0.61875 0.865625 0.0375 0.0421875
2 0.5828125 0.89453125 0.0390625 0.05625
2 0.540625 0.83828125 0.0390625 0.053125
2 0.79609375 0.5328125 0.0375 0.053125
2 0.8625 0.665625 0.04375 0.06484375
2 0.82265625 0.61953125 0.03671875 0.04296875
2 0.81328125 0.5875 0.0453125 0.0390625
2 0.809375 0.98125 0.04765625 0.0375
2 0.95078125 0.59375 0.040625 0.0640625
2 0.715625 0.6125 0.04375 0.0453125
2 0.915625 0.56875 0.03828125 0.0328125
2 0.7765625 0.3265625 0.03671875 0.0484375
2 0.83671875 0.303125 0.04375 0.04296875
2 0.81171875 0.22265625 0.0421875 0.04609375
2 0.54140625 0.3265625 0.02265625 0.040625
2 0.51875 0.3390625 0.03203125 0.02734375
2 0.55390625 0.23125 0.0265625 0.0328125
2 0.63203125 0.1734375 0.03828125 0.03515625
2 0.63984375 0.2953125 0.02421875 0.0328125
2 0.65703125 0.31015625 0.0234375 0.03359375
2 0.684375 0.29296875 0.0296875 0.03828125