2 0.915625 0.5640625 0.03125 0.03203125
2 0.7953125 0.540625 0.0359375 0.02578125
2 0.3875 0.58515625 0.03515625 0.0453125
2 0.37890625 0.63671875 0.040625 0.03828125
2 0.64765625 0.19765625 0.034375 0.02734375
2 0.64140625 0.23125 0.0328125 0.025
2 0.63203125 0.16796875 0.034375 0.034375
2 0.684375 0.28671875 0.028125 0.03203125
2 0.64296875 0.2890625 0.02578125 0.0375
2 0.559375 0.22109375 0.03203125 0.0328125
2 0.54375 0.31875 0.025 0.046875
2 0.81328125 0.209375 0.0328125 0.0453125
2 0.83203125 0.30234375 0.0453125 0.0375
2 0.78125 0.3265625 0.0375 0.04296875
2 0.7125 0.60859375 0.040625 0.0453125
2 0.815625 0.5859375 0.04140625 0.0453125
2 0.8265625 0.615625 0.0375 0.04453125
2 0.5453125 0.8421875 0.0328125 0.0375
2 0.9515625 0.58671875 0.0453125 0.0625
2 0.86328125 0.6640625 0.0421875 0.06796875
2 0.778125 0.74140625 0.0375 0.06171875
2 0.58359375 0.8890625 0.03828125 0.0546875
2 0.6578125 0.91484375 0.04765625 0.0515625
2 0.8125 0.9796875 0.0484375 0.040625
3 0.93828125 0.846875 0.0578125 0.08984375
3 0.9109375 0.9234375 0.0640625 0.08359375
3 0.96015625 0.7328125 0.03125 0.084375
2 0.6203125 0.8625 0.0328125 0.0484375
2 0.52109375 0.3375 0.0265625 0.0375
2 0.6390625 0.1234375 0.03125 0.0296875