2 0.5625 0.953125 0.05 0.040625
2 0.38203125 0.52421875 0.0359375 0.040625
2 0.77578125 0.43828125 0.03359375 0.040625
2 0.82265625 0.48515625 0.03046875 0.0328125
3 0.96796875 0.52421875 0.0453125 0.05625
2 0.8921875 0.47109375 0.03203125 0.034375
2 0.8125 0.55 0.03359375 0.04375
2 0.44609375 0.8875 0.0359375 0.03984375
2 0.809375 0.7796875 0.04296875 0.04921875
2 0.87421875 0.8078125 0.0359375 0.05078125
2 0.89453125 0.86328125 0.03671875 0.0515625
2 0.7984375 0.865625 0.0453125 0.04140625
2 0.7140625 0.903125 0.0421875 0.04375
2 0.67578125 0.97734375 0.0359375 0.0453125