3 0.23203125 0.78984375 0.06953125 0.1015625
0 0.6375 0.8 0.0953125 0.1390625
0 0.57734375 0.57578125 0.096875 0.23828125
0 0.59921875 0.29921875 0.1125 0.1859375
0 0.47734375 0.9625 0.0734375 0.075
0 0.1015625 0.9078125 0.10546875 0.09921875
0 0.0890625 0.82421875 0.14140625 0.11328125
0 0.015625 0.42734375 0.03046875 0.11015625
0 0.1515625 0.2265625 0.10546875 0.16875
0 0.0296875 0.16953125 0.059375 0.15390625
3 0.86875 0.8140625 0.06015625 0.06875
1 0.475 0.1765625 0.1640625 0.1484375
1 0.30703125 0.5140625 0.115625 0.184375
3 0.02578125 0.65546875 0.05078125 0.09921875
3 0.515625 0.6515625 0.07265625 0.1390625
3 0.4859375 0.60625 0.0484375 0.0890625
3 0.44140625 0.72421875 0.090625 0.1609375
3 0.3515625 0.75625 0.078125 0.12109375
3 0.33046875 0.11796875 0.05390625 0.08671875
3 0.96171875 0.96875 0.07578125 0.06171875
3 0.959375 0.89921875 0.0796875 0.109375
3 0.940625 0.59921875 0.11796875 0.18359375
3 0.77734375 0.5234375 0.11953125 0.1515625
3 0.60546875 0.12109375 0.10546875 0.18046875
3 0.17421875 0.453125 0.12734375 0.16875