3 0.446875 0.73203125 0.04375 0.05078125
2 0.06953125 0.853125 0.046875 0.0484375
2 0.07265625 0.93984375 0.04765625 0.0609375
2 0.03125 0.93515625 0.0375 0.04609375
3 0.96796875 0.6796875 0.0625 0.071875
3 0.01640625 0.8765625 0.0328125 0.071875
3 0.234375 0.56171875 0.05 0.053125
3 0.11484375 0.7296875 0.0515625 0.065625
3 0.2484375 0.73671875 0.05 0.05625
3 0.228125 0.8796875 0.06953125 0.06875
2 0.1296875 0.88046875 0.0453125 0.040625
2 0.0265625 0.68984375 0.04453125 0.0484375
2 0.065625 0.5625 0.040625 0.046875
2 0.1171875 0.56875 0.034375 0.03671875
2 0.2265625 0.2375 0.03125 0.03828125
2 0.3234375 0.49375 0.04140625 0.03828125
2 0.321875 0.46875 0.0296875 0.03671875
2 0.10078125 0.55 0.040625 0.03671875
2 0.378125 0.878125 0.0484375 0.053125
2 0.4359375 0.83671875 0.0421875 0.0578125
2 0.4609375 0.7984375 0.0390625 0.0578125
2 0.28359375 0.70859375 0.03828125 0.04609375
2 0.30859375 0.74453125 0.040625 0.05078125
2 0.3390625 0.72734375 0.0359375 0.040625
2 0.3265625 0.778125 0.0359375 0.04609375
2 0.3421875 0.809375 0.04453125 0.04140625
2 0.35859375 0.75078125 0.0390625 0.03671875
2 0.38046875 0.7078125 0.0328125 0.03203125
3 0.40234375 0.6671875 0.046875 0.040625
2 0.49609375 0.75 0.0390625 0.03984375
2 0.5390625 0.759375 0.034375 0.0546875
2 0.4546875 0.59296875 0.0390625 0.03671875
2 0.54921875 0.6875 0.046875 0.03671875
2 0.5515625 0.71328125 0.0390625 0.028125
2 0.64609375 0.6984375 0.0375 0.040625
2 0.7375 0.525 0.04140625 0.03515625
2 0.79140625 0.5125 0.0375 0.0453125
2 0.8828125 0.66796875 0.0453125 0.05390625