2 0.34453125 0.740625 0.040625 0.04375
3 0.11953125 0.74296875 0.0578125 0.071875
3 0.0203125 0.8875 0.040625 0.06796875
3 0.45078125 0.746875 0.04375 0.0625
3 0.409375 0.68515625 0.0421875 0.05078125
2 0.0375 0.95703125 0.0421875 0.053125
2 0.0828125 0.9625 0.053125 0.06484375
2 0.0765625 0.8671875 0.040625 0.0484375
2 0.13984375 0.89453125 0.0453125 0.0453125
2 0.03125 0.70234375 0.046875 0.046875
3 0.25625 0.75546875 0.0421875 0.05234375
2 0.071875 0.58046875 0.03828125 0.04765625
2 0.1203125 0.584375 0.0359375 0.03203125
2 0.10625 0.56484375 0.0421875 0.03515625
2 0.234375 0.25703125 0.0328125 0.04140625
2 0.32890625 0.5109375 0.034375 0.034375
2 0.33125 0.48828125 0.0234375 0.028125
2 0.290625 0.72890625 0.0453125 0.046875
2 0.33359375 0.80234375 0.0359375 0.034375
2 0.4421875 0.8578125 0.0421875 0.05
2 0.4671875 0.821875 0.0390625 0.04765625
2 0.46484375 0.60859375 0.0484375 0.040625
2 0.4890625 0.64375 0.0421875 0.0453125
2 0.55625 0.70625 0.04921875 0.0328125
2 0.55859375 0.7328125 0.03984375 0.03125
2 0.64921875 0.7203125 0.0375 0.0453125
2 0.74375 0.54296875 0.03984375 0.0453125
2 0.79765625 0.53125 0.0390625 0.04921875
2 0.88984375 0.6890625 0.04453125 0.059375
2 0.85 0.6890625 0.04375 0.053125