2 0.4421875 0.625 0.0390625 0.03828125
2 0.53828125 0.53671875 0.0375 0.04453125
2 0.1515625 0.44296875 0.0359375 0.046875
2 0.4046875 0.9203125 0.0546875 0.06875
2 0.8546875 0.49921875 0.0328125 0.040625
2 0.79921875 0.5078125 0.03984375 0.046875
2 0.78125 0.58125 0.0484375 0.0421875
2 0.9 0.6609375 0.04609375 0.04921875
2 0.93828125 0.665625 0.0375 0.0546875
2 0.73125 0.59765625 0.0359375 0.0375
2 0.7 0.66015625 0.03828125 0.04140625
2 0.6109375 0.6609375 0.03125 0.034375
2 0.60859375 0.63046875 0.0453125 0.046875
2 0.55859375 0.68046875 0.04375 0.040625
2 0.5125 0.73203125 0.0375 0.04296875
2 0.48984375 0.7640625 0.0421875 0.046875
2 0.4359375 0.7890625 0.03984375 0.04921875
2 0.36953125 0.65078125 0.03671875 0.040625
2 0.4015625 0.63515625 0.02890625 0.04140625
2 0.38671875 0.6859375 0.0375 0.04453125
3 0.31640625 0.634375 0.0421875 0.053125
2 0.35 0.61328125 0.040625 0.04296875
3 0.8265625 0.646875 0.05703125 0.06640625
3 0.75703125 0.6484375 0.05703125 0.0609375
3 0.434375 0.43125 0.0453125 0.05859375
3 0.50234375 0.65625 0.046875 0.05234375
3 0.59609375 0.72890625 0.0421875 0.046875
3 0.328125 0.8015625 0.065625 0.06328125
3 0.02109375 0.759375 0.0421875 0.06796875
2 0.0171875 0.6328125 0.034375 0.05625
2 0.046875 0.64921875 0.0375 0.05703125
2 0.10546875 0.55078125 0.0546875 0.046875
3 0.1859375 0.60703125 0.04375 0.06484375
2 0.178125 0.6546875 0.05234375 0.03671875
2 0.11875 0.646875 0.0359375 0.0484375
2 0.196875 0.7484375 0.04375 0.04609375
2 0.1984375 0.92734375 0.0515625 0.059375
2 0.1375 0.803125 0.0453125 0.06640625
2 0.1375 0.72109375 0.040625 0.04296875
2 0.0921875 0.7953125 0.04453125 0.04609375