2 0.79453125 0.5390625 0.0359375 0.028125
2 0.9125 0.5625 0.03046875 0.02890625
2 0.65546875 0.31171875 0.02109375 0.028125
2 0.64140625 0.2921875 0.02265625 0.0375
2 0.4375 0.7890625 0.03359375 0.04609375
2 0.3734375 0.6390625 0.0375 0.0421875
2 0.7125 0.6078125 0.0421875 0.04765625
2 0.80703125 0.97734375 0.0515625 0.0453125
2 0.653125 0.90546875 0.053125 0.06171875
2 0.61484375 0.8609375 0.03828125 0.046875
2 0.578125 0.8890625 0.04296875 0.05625
2 0.54140625 0.8390625 0.040625 0.05546875
2 0.7734375 0.73515625 0.03359375 0.0640625
2 0.8578125 0.6625 0.0453125 0.071875
2 0.94921875 0.584375 0.04609375 0.0671875
2 0.81328125 0.57890625 0.0453125 0.0484375
2 0.8203125 0.6109375 0.03828125 0.0609375
3 0.9078125 0.91640625 0.06171875 0.09296875
3 0.934375 0.84296875 0.06015625 0.084375
2 0.5421875 0.3203125 0.028125 0.04609375
2 0.5171875 0.33828125 0.028125 0.0328125
2 0.77890625 0.32734375 0.034375 0.04296875
2 0.834375 0.296875 0.0421875 0.0421875
2 0.628125 0.16875 0.0375 0.03984375
2 0.5546875 0.23046875 0.03203125 0.03203125
2 0.61640625 0.32109375 0.03203125 0.03046875
2 0.809375 0.2171875 0.03203125 0.03984375
2 0.64453125 0.2015625 0.02265625 0.025
2 0.61953125 0.25546875 0.0203125 0.040625