2 0.834375 0.74609375 0.025 0.028125
2 0.3234375 0.60859375 0.0359375 0.046875
3 0.159375 0.75625 0.02265625 0.0453125
3 0.1015625 0.6078125 0.0328125 0.04453125
3 0.1515625 0.80390625 0.0296875 0.053125
3 0.14140625 0.853125 0.0265625 0.046875
3 0.5109375 0.9671875 0.04375 0.05859375
2 0.54609375 0.940625 0.0296875 0.0328125
2 0.45703125 0.6625 0.034375 0.03515625
2 0.41484375 0.73046875 0.0265625 0.040625
2 0.36171875 0.76328125 0.0296875 0.0328125
2 0.35859375 0.828125 0.0328125 0.04140625
2 0.4453125 0.92734375 0.0328125 0.04375
2 0.36796875 0.9453125 0.034375 0.05078125