2 0.1296875 0.8609375 0.04609375 0.040625
2 0.321875 0.45078125 0.0296875 0.03515625
2 0.32109375 0.47890625 0.0390625 0.0390625
2 0.228125 0.225 0.0421875 0.0390625
2 0.7890625 0.4984375 0.03671875 0.05
2 0.7359375 0.51015625 0.0390625 0.04375
2 0.84375 0.65234375 0.04140625 0.053125
2 0.88046875 0.6546875 0.040625 0.05078125
2 0.64375 0.6828125 0.04140625 0.03984375
2 0.55234375 0.696875 0.0390625 0.02890625
2 0.4546875 0.57265625 0.0390625 0.03984375
2 0.54765625 0.66875 0.046875 0.0359375
2 0.5359375 0.74140625 0.0359375 0.0515625
2 0.496875 0.72890625 0.0390625 0.04140625
2 0.334375 0.70625 0.0390625 0.0421875
2 0.32421875 0.759375 0.0390625 0.040625
2 0.3421875 0.7859375 0.04375 0.0453125
2 0.37890625 0.6859375 0.034375 0.034375
2 0.3828125 0.75 0.04140625 0.0421875
2 0.4609375 0.7796875 0.034375 0.053125
2 0.43671875 0.821875 0.0484375 0.05703125
2 0.28125 0.696875 0.0390625 0.0359375
2 0.0984375 0.528125 0.0375 0.034375
2 0.115625 0.55 0.040625 0.03515625
2 0.0671875 0.546875 0.0375 0.046875
2 0.021875 0.665625 0.04375 0.040625
2 0.06640625 0.828125 0.040625 0.0546875
2 0.071875 0.91640625 0.046875 0.075
2 0.028125 0.915625 0.0421875 0.0484375
3 0.946875 0.60234375 0.0453125 0.059375
3 0.3984375 0.64140625 0.04765625 0.0578125
3 0.2265625 0.5390625 0.0484375 0.0546875
3 0.25 0.71640625 0.046875 0.0578125
3 0.11015625 0.70859375 0.0578125 0.07265625
3 0.44375 0.71015625 0.0484375 0.059375
3 0.0140625 0.85546875 0.028125 0.059375