2 0.2296875 0.26484375 0.028125 0.03125
2 0.2609375 0.3640625 0.0171875 0.03046875
2 0.33125 0.4140625 0.02421875 0.0390625
2 0.178125 0.36171875 0.025 0.03515625
2 0.278125 0.3828125 0.01953125 0.02578125
2 0.31328125 0.465625 0.0203125 0.0234375
3 0.37734375 0.3796875 0.0203125 0.0390625
2 0.54921875 0.6609375 0.0234375 0.03359375
2 0.5875 0.6796875 0.0265625 0.03984375
3 0.4640625 0.61796875 0.02421875 0.04296875
2 0.5296875 0.64296875 0.02421875 0.02890625
2 0.40703125 0.58828125 0.025 0.034375
2 0.43046875 0.6109375 0.0234375 0.03515625
2 0.43125 0.64375 0.0203125 0.028125
2 0.4546875 0.6703125 0.0265625 0.034375
2 0.484375 0.68515625 0.02109375 0.05078125
3 0.4125 0.665625 0.02734375 0.03984375
2 0.41328125 0.68828125 0.0203125 0.03125
3 0.95625 0.81328125 0.05625 0.11484375
3 0.67890625 0.7203125 0.02109375 0.03828125
3 0.64296875 0.72265625 0.0265625 0.040625
2 0.665625 0.72890625 0.0203125 0.028125
2 0.75546875 0.8734375 0.01875 0.02109375
2 0.4859375 0.85703125 0.0296875 0.040625
2 0.4796875 0.80625 0.0265625 0.03828125
2 0.46640625 0.7890625 0.0234375 0.03359375
2 0.4015625 0.76640625 0.028125 0.04140625
2 0.35234375 0.68125 0.0203125 0.028125
2 0.31953125 0.64609375 0.0234375 0.02578125
3 0.4796875 0.715625 0.028125 0.04453125
3 0.43515625 0.734375 0.0328125 0.04609375
3 0.2875 0.66484375 0.0390625 0.04765625
3 0.203125 0.828125 0.03125 0.06015625
3 0.2046875 0.871875 0.0390625 0.05703125
2 0.2125 0.90703125 0.0328125 0.04453125
2 0.2703125 0.5484375 0.0265625 0.034375
2 0.2484375 0.54609375 0.028125 0.03828125