2 0.1734375 0.69296875 0.0296875 0.03046875
3 0.765625 0.5328125 0.03125 0.04765625
2 0.66953125 0.43046875 0.03046875 0.03359375
2 0.56796875 0.36796875 0.025 0.03203125
3 0.40859375 0.634375 0.0375 0.03984375
2 0.4390625 0.5546875 0.028125 0.02421875
2 0.40625 0.4703125 0.028125 0.040625
2 0.3703125 0.503125 0.0296875 0.0390625
2 0.35625 0.54296875 0.028125 0.034375
2 0.3703125 0.65625 0.0296875 0.028125
2 0.25859375 0.6140625 0.028125 0.03203125
2 0.08125 0.584375 0.03125 0.03671875
3 0.10078125 0.76484375 0.034375 0.040625
2 0.15546875 0.7640625 0.028125 0.0359375
3 0.84921875 0.45703125 0.0328125 0.04375
3 0.7921875 0.640625 0.0375 0.0515625
3 0.29921875 0.578125 0.0328125 0.0359375
3 0.3265625 0.47734375 0.03515625 0.03984375
3 0.390625 0.55390625 0.03125 0.03359375
3 0.19296875 0.61015625 0.0359375 0.04765625
3 0.290625 0.95 0.034375 0.046875
3 0.1921875 0.91640625 0.04140625 0.05