2 0.6671875 0.53203125 0.021875 0.03359375
2 0.6140625 0.4578125 0.0234375 0.03046875
2 0.5875 0.465625 0.021875 0.03046875
2 0.58046875 0.50703125 0.03046875 0.0296875
2 0.490625 0.5703125 0.02421875 0.02578125
2 0.5421875 0.56875 0.025 0.03203125
2 0.41484375 0.5625 0.02265625 0.040625
2 0.44765625 0.53125 0.025 0.0328125
2 0.1671875 0.5859375 0.025 0.0359375
2 0.23515625 0.5453125 0.021875 0.02421875
2 0.2171875 0.615625 0.02578125 0.028125
2 0.13828125 0.64375 0.02265625 0.02578125
2 0.29453125 0.8046875 0.0296875 0.03359375
2 0.23125 0.74375 0.025 0.028125
2 0.1765625 0.675 0.02109375 0.028125
2 0.1921875 0.675 0.02109375 0.02734375
3 0.3375 0.621875 0.0265625 0.03046875
2 0.3546875 0.60625 0.028125 0.025
2 0.3875 0.65234375 0.025 0.02421875
2 0.43828125 0.6625 0.0265625 0.02578125
2 0.40859375 0.68671875 0.021875 0.028125
3 0.46875 0.76171875 0.03125 0.05
3 0.26328125 0.625 0.0265625 0.0359375
3 0.5828125 0.571875 0.02890625 0.03359375
3 0.95859375 0.70625 0.025 0.040625
3 0.8171875 0.575 0.028125 0.034375
3 0.43984375 0.60234375 0.025 0.0296875
3 0.4015625 0.61015625 0.028125 0.0296875
3 0.4828125 0.93046875 0.046875 0.05859375
3 0.3296875 0.91953125 0.0359375 0.04921875
3 0.2640625 0.940625 0.0390625 0.05859375
3 0.24921875 0.8734375 0.028125 0.04375
3 0.25 0.74921875 0.025 0.0296875
3 0.1828125 0.7359375 0.03203125 0.0375
3 0.2625 0.70390625 0.0296875 0.0296875