3 0.8109375 0.64921875 0.0203125 0.0390625
3 0.24921875 0.9625 0.034375 0.04921875
3 0.3109375 0.875 0.0328125 0.028125
3 0.3578125 0.9328125 0.0375 0.0515625
3 0.46484375 0.721875 0.0265625 0.0375
3 0.43125 0.69453125 0.02578125 0.03359375
3 0.4609375 0.659375 0.03046875 0.03359375
2 0.5515625 0.621875 0.0265625 0.02734375
2 0.66171875 0.61875 0.025 0.03125
2 0.6046875 0.5453125 0.02265625 0.02734375
2 0.58203125 0.56015625 0.0234375 0.02421875
2 0.53828125 0.6578125 0.0234375 0.021875
2 0.44453125 0.625 0.0234375 0.0296875
2 0.37265625 0.7359375 0.01875 0.0296875
2 0.38359375 0.746875 0.021875 0.0234375
2 0.34921875 0.7 0.0203125 0.028125
2 0.43515625 0.75625 0.0234375 0.028125
2 0.4046875 0.78046875 0.0265625 0.0296875
2 0.27421875 0.7984375 0.025 0.03046875
2 0.228125 0.75390625 0.021875 0.02890625
2 0.2328125 0.63828125 0.02265625 0.021875
2 0.25546875 0.64140625 0.01953125 0.02109375
2 0.1515625 0.71171875 0.0125 0.01953125
2 0.10546875 0.72578125 0.0171875 0.02734375
2 0.13671875 0.7421875 0.01875 0.0171875
2 0.215625 0.70703125 0.0265625 0.02265625
2 0.1921875 0.77265625 0.01953125 0.028125
2 0.25625 0.75703125 0.021875 0.02578125
2 0.2421875 0.79375 0.021875 0.0203125
2 0.22578125 0.8390625 0.0234375 0.02421875
2 0.24609375 0.83984375 0.0265625 0.03359375
2 0.2890625 0.89609375 0.0296875 0.03203125