2 0.70078125 0.3375 0.02265625 0.02890625
2 0.64453125 0.35859375 0.02890625 0.0296875
2 0.646875 0.32421875 0.02734375 0.0265625
2 0.6046875 0.34765625 0.02890625 0.0296875
2 0.565625 0.95390625 0.05 0.0484375
2 0.803125 0.5359375 0.0453125 0.040625
2 0.77109375 0.70078125 0.040625 0.04921875
2 0.80859375 0.77265625 0.03828125 0.040625
2 0.77890625 0.76953125 0.0359375 0.04921875
2 0.87578125 0.79375 0.0421875 0.04296875
2 0.89296875 0.846875 0.04296875 0.0484375
2 0.7984375 0.8546875 0.0484375 0.05078125
2 0.7171875 0.89765625 0.040625 0.04609375
2 0.6796875 0.97265625 0.040625 0.05390625
2 0.54453125 0.884375 0.04375 0.04140625
2 0.5015625 0.88828125 0.03828125 0.046875
2 0.484375 0.85078125 0.03046875 0.0421875