2 0.796875 0.5390625 0.0375 0.03046875
3 0.9125 0.915625 0.071875 0.09140625
3 0.96328125 0.92265625 0.07265625 0.10546875
3 0.96328125 0.75234375 0.0359375 0.07421875
2 0.81015625 0.9796875 0.053125 0.040625
2 0.775 0.7359375 0.040625 0.06328125
2 0.65703125 0.91015625 0.05234375 0.0484375
2 0.58046875 0.8890625 0.03515625 0.05625
2 0.62265625 0.859375 0.03203125 0.0484375
2 0.5421875 0.83359375 0.04140625 0.0515625
2 0.7140625 0.60390625 0.0359375 0.040625
2 0.8171875 0.58359375 0.0390625 0.0390625
2 0.86171875 0.66015625 0.04375 0.06875
2 0.82578125 0.615625 0.03828125 0.04296875
2 0.95390625 0.58359375 0.0375 0.0640625
2 0.915625 0.55859375 0.0328125 0.034375
2 0.378125 0.6359375 0.0375 0.0421875
2 0.38671875 0.58359375 0.03359375 0.03359375
2 0.5421875 0.321875 0.021875 0.0375
2 0.52109375 0.33515625 0.03046875 0.02734375
2 0.55859375 0.228125 0.02421875 0.02890625
2 0.6328125 0.1703125 0.034375 0.03046875
2 0.64296875 0.2359375 0.02578125 0.0328125
2 0.78203125 0.32578125 0.040625 0.04296875
2 0.8390625 0.2953125 0.0359375 0.040625
2 0.8140625 0.2109375 0.0375 0.04140625
2 0.640625 0.290625 0.021875 0.03125
2 0.6609375 0.30703125 0.02421875 0.02890625
2 0.66328125 0.2734375 0.03125 0.0265625