3 0.13203125 0.91796875 0.0671875 0.071875
3 0.0765625 0.9609375 0.046875 0.06484375
3 0.35234375 0.6640625 0.0421875 0.053125
3 0.34140625 0.4921875 0.04140625 0.04296875
3 0.61171875 0.89921875 0.06484375 0.06484375
3 0.77578125 0.64609375 0.053125 0.0578125
3 0.68515625 0.96015625 0.04609375 0.0515625
2 0.37421875 0.5171875 0.0375 0.03359375
2 0.3984375 0.67109375 0.04609375 0.03515625
2 0.40546875 0.8453125 0.03828125 0.0453125
2 0.46875 0.8296875 0.0453125 0.04296875
2 0.43203125 0.88984375 0.040625 0.04140625
2 0.528125 0.88515625 0.03984375 0.040625
2 0.546875 0.9546875 0.05390625 0.05234375
2 0.703125 0.90703125 0.04609375 0.04921875
2 0.6625 0.978125 0.03515625 0.04375
2 0.7859375 0.875 0.0515625 0.05625
2 0.79921875 0.790625 0.04921875 0.0546875
2 0.6671875 0.6984375 0.046875 0.03984375
2 0.865625 0.8265625 0.04765625 0.0453125
2 0.88203125 0.87890625 0.04609375 0.05546875
2 0.9796875 0.82109375 0.040625 0.0609375
2 0.79296875 0.54765625 0.04375 0.046875
2 0.8375 0.57421875 0.04375 0.0359375
2 0.58671875 0.35234375 0.0328125 0.025
2 0.703125 0.3421875 0.02421875 0.03046875
2 0.7765625 0.453125 0.034375 0.05
2 0.8859375 0.48046875 0.0328125 0.0296875