0 0.9796875 0.82890625 0.03515625 0.059375
0 0.6609375 0.45078125 0.025 0.03359375
0 0.73203125 0.40234375 0.02890625 0.03984375
0 0.80625 0.4171875 0.028125 0.0375
0 0.78046875 0.41796875 0.0296875 0.0453125
0 0.9359375 0.49609375 0.0296875 0.0453125
2 0.8453125 0.44375 0.0265625 0.02734375
2 0.7578125 0.53125 0.028125 0.0296875
2 0.7546875 0.5875 0.03125 0.03984375
2 0.825 0.61015625 0.034375 0.0328125
2 0.9078125 0.6171875 0.034375 0.034375
3 0.971875 0.925 0.05546875 0.06484375
2 0.9203125 0.79140625 0.02890625 0.0640625
2 0.903125 0.865625 0.04296875 0.0484375
2 0.60546875 0.65390625 0.03515625 0.04375
2 0.603125 0.70859375 0.034375 0.028125
2 0.56875 0.7515625 0.0328125 0.03046875
2 0.10625 0.5515625 0.03359375 0.07421875
0 0.7734375 0.7109375 0.03828125 0.0515625
0 0.6484375 0.9171875 0.03359375 0.0546875