3 0.6265625 0.53671875 0.0265625 0.034375
2 0.66875 0.53671875 0.0234375 0.034375
2 0.61484375 0.4578125 0.02109375 0.02734375
2 0.58828125 0.46875 0.0234375 0.03125
2 0.44765625 0.5375 0.0296875 0.028125
2 0.4171875 0.56484375 0.01875 0.0296875
2 0.54140625 0.57265625 0.028125 0.0296875
2 0.490625 0.575 0.02578125 0.02421875
2 0.43828125 0.66875 0.0234375 0.02578125
2 0.38828125 0.66015625 0.028125 0.02421875
2 0.40859375 0.690625 0.0265625 0.034375
2 0.2953125 0.81328125 0.0296875 0.03671875
2 0.228125 0.746875 0.0265625 0.03359375
2 0.246875 0.70078125 0.02578125 0.0234375
2 0.2328125 0.665625 0.0234375 0.02734375
2 0.196875 0.67890625 0.02734375 0.028125
2 0.109375 0.640625 0.0265625 0.028125
2 0.16953125 0.59140625 0.025 0.03125
2 0.21875 0.61796875 0.03046875 0.02421875
2 0.259375 0.5484375 0.021875 0.02421875
2 0.2359375 0.55078125 0.0234375 0.02421875
3 0.96171875 0.71015625 0.0328125 0.04375
3 0.8203125 0.57734375 0.02890625 0.0359375
3 0.7515625 0.66875 0.03203125 0.0453125
3 0.43828125 0.603125 0.0296875 0.0390625
3 0.46640625 0.71015625 0.0296875 0.03203125
3 0.265625 0.63125 0.03046875 0.0359375
3 0.39453125 0.60859375 0.0296875 0.0328125
3 0.3375 0.625 0.0265625 0.0359375
3 0.34296875 0.64765625 0.02734375 0.03359375
3 0.25078125 0.8765625 0.03125 0.04765625
3 0.1859375 0.7453125 0.028125 0.034375
3 0.33125 0.92890625 0.03515625 0.040625
3 0.32734375 0.97890625 0.0515625 0.04140625