2 0.52734375 0.4203125 0.0375 0.05546875
2 0.65078125 0.39375 0.02734375 0.0328125
2 0.6609375 0.35859375 0.021875 0.01953125
2 0.78046875 0.3109375 0.028125 0.02421875
2 0.80703125 0.2828125 0.03515625 0.04453125
2 0.71171875 0.3546875 0.025 0.0328125
2 0.6140625 0.40703125 0.02578125 0.0265625
3 0.93671875 0.2765625 0.05 0.05390625
2 0.3796875 0.74140625 0.0359375 0.040625
2 0.43984375 0.86484375 0.03046875 0.040625
2 0.55703125 0.94375 0.03828125 0.05078125
2 0.58828125 0.9765625 0.0359375 0.04140625
2 0.625 0.94140625 0.0359375 0.0453125
3 0.92421875 0.96328125 0.04296875 0.06328125
3 0.93984375 0.90546875 0.0609375 0.0890625
2 0.90859375 0.92421875 0.04140625 0.05859375
3 0.89765625 0.9171875 0.03984375 0.06484375
2 0.771875 0.39453125 0.03515625 0.046875
2 0.82109375 0.39296875 0.0328125 0.05625
2 0.7125 0.6796875 0.04375 0.04765625
2 0.8171875 0.646875 0.03828125 0.04765625
2 0.82578125 0.67578125 0.0296875 0.04609375
2 0.8609375 0.72265625 0.0453125 0.06875
2 0.91640625 0.615625 0.0359375 0.040625
2 0.94921875 0.6453125 0.03828125 0.0640625
2 0.77734375 0.80546875 0.0328125 0.059375