3 0.35234375 0.1265625 0.05234375 0.0734375
0 0.49453125 0.503125 0.0765625 0.1265625
0 0.42890625 0.48828125 0.0625 0.11953125
0 0.390625 0.41796875 0.0578125 0.090625
0 0.35703125 0.35859375 0.05703125 0.09140625
0 0.33515625 0.27109375 0.0515625 0.08984375
0 0.2953125 0.24375 0.0484375 0.08984375
0 0.23671875 0.31796875 0.06015625 0.084375
0 0.21796875 0.23046875 0.0828125 0.1140625
0 0.0875 0.03828125 0.10234375 0.07578125
0 0.64609375 0.75390625 0.07734375 0.11015625
0 0.63359375 0.59453125 0.08515625 0.15625
0 0.56171875 0.653125 0.08125 0.15390625
0 0.503125 0.78046875 0.0703125 0.1203125
0 0.36328125 0.67734375 0.07265625 0.11015625
0 0.1796875 0.62578125 0.09765625 0.115625
0 0.05625 0.74140625 0.1125 0.121875
3 0.4390625 0.3765625 0.05546875 0.11484375
3 0.3625 0.04609375 0.09765625 0.08671875
3 0.67578125 0.08671875 0.08203125 0.09921875
3 0.803125 0.84140625 0.10390625 0.14609375
3 0.246875 0.9296875 0.11171875 0.140625
3 0.5515625 0.96796875 0.07265625 0.0640625
1 0.5984375 0.86796875 0.06171875 0.175