2 0.37890625 0.63125 0.0296875 0.04921875
2 0.809375 0.21171875 0.03984375 0.0484375
2 0.65546875 0.3078125 0.025 0.02421875
2 0.64140625 0.28515625 0.02421875 0.03203125
2 0.6171875 0.31953125 0.028125 0.0390625
3 0.95546875 0.94921875 0.0609375 0.1015625
3 0.90625 0.91171875 0.0609375 0.0859375
3 0.96484375 0.7609375 0.040625 0.07109375
2 0.775 0.734375 0.03515625 0.05703125
2 0.86328125 0.6578125 0.0453125 0.07109375
2 0.9515625 0.58203125 0.040625 0.05703125
2 0.82265625 0.61328125 0.03984375 0.046875
2 0.8140625 0.57890625 0.03828125 0.0515625
2 0.7109375 0.803125 0.0265625 0.0453125
2 0.621875 0.8609375 0.03515625 0.04296875
2 0.6578125 0.90546875 0.04609375 0.06875
2 0.5859375 0.8875 0.0375 0.0609375
2 0.8109375 0.98125 0.0484375 0.0375
2 0.54140625 0.83046875 0.040625 0.0484375
2 0.83125 0.29453125 0.04296875 0.0453125
2 0.78125 0.3234375 0.03984375 0.04921875
3 0.87890625 0.2140625 0.04609375 0.06171875