2 0.31328125 0.65859375 0.02578125 0.02890625
2 0.375 0.7328125 0.03203125 0.0390625
2 0.3984375 0.74375 0.0234375 0.03984375
2 0.2140625 0.81953125 0.0296875 0.046875
2 0.3765625 0.82109375 0.02890625 0.03671875
2 0.8484375 0.86015625 0.02890625 0.034375
2 0.69921875 0.846875 0.03046875 0.02890625
2 0.6140625 0.7953125 0.0296875 0.03046875
2 0.6046875 0.8984375 0.03125 0.02734375
2 0.578125 0.8953125 0.0296875 0.03359375
2 0.49921875 0.8625 0.03046875 0.034375
2 0.46875 0.96171875 0.03828125 0.03671875
2 0.36640625 0.93125 0.034375 0.03515625
2 0.3203125 0.965625 0.0453125 0.05390625
2 0.2703125 0.93828125 0.028125 0.03046875
2 0.23125 0.90546875 0.0328125 0.0453125
2 0.19140625 0.91796875 0.034375 0.03828125
2 0.1265625 0.9203125 0.0328125 0.03515625
3 0.0828125 0.86171875 0.034375 0.03671875
3 0.059375 0.83046875 0.0390625 0.040625
2 0.078125 0.834375 0.0296875 0.01640625
2 0.0140625 0.7765625 0.028125 0.04609375
2 0.121875 0.728125 0.03046875 0.02890625
2 0.06015625 0.75859375 0.0296875 0.0328125