2 0.7140625 0.35 0.034375 0.04453125
2 0.76171875 0.37109375 0.0375 0.03359375
2 0.74375 0.35546875 0.034375 0.03828125
2 0.63671875 0.2796875 0.028125 0.040625
2 0.63203125 0.321875 0.02421875 0.028125
2 0.55078125 0.31875 0.025 0.0328125
2 0.51640625 0.428125 0.0296875 0.0328125
2 0.53984375 0.41484375 0.0234375 0.0390625
2 0.803125 0.28515625 0.0328125 0.03671875
2 0.821875 0.40078125 0.03359375 0.04296875
2 0.77578125 0.40390625 0.034375 0.04375
3 0.3734375 0.55390625 0.03984375 0.046875
2 0.44296875 0.86328125 0.0328125 0.0421875
2 0.915625 0.62578125 0.03359375 0.04140625
3 0.97265625 0.22265625 0.0390625 0.05625
3 0.91953125 0.96640625 0.0578125 0.0671875
3 0.9453125 0.90625 0.0640625 0.08125
2 0.59140625 0.97109375 0.040625 0.0578125
2 0.621875 0.94296875 0.04765625 0.04296875
2 0.54921875 0.92421875 0.0375 0.05625
2 0.7796875 0.8109375 0.0375 0.06328125
2 0.95078125 0.6453125 0.03984375 0.05703125
2 0.8640625 0.725 0.0453125 0.06953125
2 0.715625 0.6859375 0.040625 0.0390625
2 0.8140625 0.6515625 0.03984375 0.05390625
2 0.828125 0.68359375 0.0375 0.0515625
3 0.30078125 0.6890625 0.04765625 0.06015625
2 0.3796875 0.73828125 0.03515625 0.0453125
2 0.6640625 0.978125 0.0453125 0.04296875
2 0.65 0.39453125 0.028125 0.0328125
2 0.6859375 0.378125 0.0359375 0.03984375
2 0.66640625 0.3578125 0.03359375 0.03125