3 0.44296875 0.7140625 0.0453125 0.0578125
2 0.02421875 0.671875 0.0484375 0.04140625
3 0.1171875 0.7078125 0.05 0.07265625
3 0.23046875 0.55 0.04375 0.0484375
2 0.096875 0.53203125 0.0296875 0.0296875
2 0.115625 0.55625 0.0375 0.034375
2 0.0703125 0.54921875 0.0390625 0.04453125
2 0.13125 0.859375 0.04296875 0.04921875
3 0.9875 0.7078125 0.02421875 0.0578125
2 0.9703125 0.66796875 0.0453125 0.05390625
2 0.7328125 0.5078125 0.0421875 0.04140625
2 0.71953125 0.58515625 0.05 0.05078125
2 0.67265625 0.61796875 0.034375 0.034375
2 0.6421875 0.684375 0.04375 0.0484375
2 0.54921875 0.67578125 0.0421875 0.0359375
2 0.4546875 0.7796875 0.0421875 0.04296875
2 0.49375 0.734375 0.0359375 0.04140625
2 0.378125 0.69375 0.034375 0.0328125
2 0.3390625 0.73984375 0.0390625 0.03359375
2 0.34375 0.79375 0.0359375 0.046875
2 0.4390625 0.8203125 0.040625 0.0453125
2 0.378125 0.8609375 0.046875 0.04765625
2 0.0296875 0.91796875 0.0390625 0.05078125
3 0.24453125 0.725 0.0515625 0.05390625
2 0.2828125 0.69453125 0.0390625 0.04375
2 0.26328125 0.80234375 0.0390625 0.04453125
2 0.21484375 0.85859375 0.04609375 0.04296875
2 0.0671875 0.83359375 0.03984375 0.04296875