2 0.7203125 0.78359375 0.021875 0.0390625
3 0.21484375 0.2265625 0.0265625 0.0375
3 0.1515625 0.81953125 0.03125 0.0484375
2 0.54296875 0.3546875 0.021875 0.05625
2 0.5296875 0.38125 0.03125 0.06171875
2 0.7953125 0.87734375 0.0203125 0.03359375
2 0.525 0.5578125 0.01796875 0.03828125
2 0.33359375 0.35703125 0.02890625 0.0359375
3 0.36796875 0.7078125 0.03125 0.0453125
3 0.153125 0.4953125 0.03359375 0.04765625
3 0.325 0.63359375 0.0359375 0.05859375
3 0.45546875 0.9796875 0.034375 0.040625
3 0.43046875 0.80859375 0.034375 0.05546875
3 0.890625 0.6140625 0.04375 0.109375
2 0.2546875 0.49140625 0.02109375 0.02890625
2 0.27109375 0.4953125 0.0234375 0.03515625
2 0.35390625 0.5375 0.025 0.028125
2 0.3453125 0.5125 0.021875 0.0296875
2 0.43515625 0.55703125 0.0234375 0.0328125
2 0.44921875 0.55390625 0.0234375 0.0359375
2 0.421875 0.61875 0.03203125 0.04375
2 0.440625 0.646875 0.02421875 0.0359375
2 0.42265625 0.69609375 0.03125 0.03984375
2 0.5140625 0.78671875 0.03046875 0.05078125
2 0.484375 0.78046875 0.03359375 0.04609375
2 0.46875 0.728125 0.0265625 0.05
2 0.6703125 0.6734375 0.025 0.03984375
3 0.95078125 0.725 0.06171875 0.1296875
2 0.2765625 0.31875 0.02265625 0.0359375
2 0.25703125 0.30625 0.025 0.025