2 0.75625 0.48359375 0.03828125 0.053125
3 0.075 0.9734375 0.04609375 0.053125
2 0.75546875 0.74296875 0.03203125 0.034375
2 0.9765625 0.834375 0.0359375 0.05703125
2 0.87734375 0.89296875 0.04375 0.04375
2 0.859375 0.83515625 0.03984375 0.05
2 0.79375 0.8078125 0.03828125 0.05625
2 0.78046875 0.8921875 0.04375 0.04453125
2 0.66875 0.75078125 0.0359375 0.03203125
2 0.696875 0.9265625 0.040625 0.0484375
3 0.1921875 0.634375 0.0546875 0.04921875
3 0.321875 0.7484375 0.03046875 0.03515625
2 0.36796875 0.54296875 0.0390625 0.0328125
3 0.384375 0.96953125 0.0625 0.0609375
2 0.43203125 0.91171875 0.04140625 0.04453125
2 0.52734375 0.91015625 0.03984375 0.0375
2 0.54296875 0.9765625 0.04921875 0.040625
2 0.4640625 0.85859375 0.0390625 0.03828125
2 0.78515625 0.5640625 0.03828125 0.046875
2 0.82890625 0.59140625 0.03671875 0.034375
2 0.85234375 0.5140625 0.028125 0.03203125
2 0.85234375 0.56875 0.0265625 0.03671875
2 0.88046875 0.49453125 0.03515625 0.028125
2 0.8125 0.46640625 0.03125 0.03046875
2 0.653125 0.390625 0.028125 0.0296875
2 0.565625 0.4 0.028125 0.03359375
2 0.69921875 0.36796875 0.03046875 0.03046875