1 0.54453125 0.10390625 0.02421875 0.06640625
3 0.43828125 0.11640625 0.03828125 0.05703125
3 0.79140625 0.84296875 0.053125 0.05390625
3 0.421875 0.38515625 0.034375 0.05390625
3 0.48671875 0.365625 0.04140625 0.0609375
3 0.4984375 0.296875 0.05078125 0.08046875
3 0.4203125 0.31171875 0.02734375 0.0484375
3 0.6046875 0.31015625 0.06640625 0.09453125
3 0.69609375 0.16953125 0.07578125 0.10625
3 0.56953125 0.0921875 0.046875 0.08984375
3 0.51015625 0.028125 0.06796875 0.05390625
3 0.05625 0.2375 0.1125 0.10625
0 0.646875 0.89296875 0.0296875 0.034375
0 0.615625 0.8734375 0.0234375 0.02890625
0 0.55078125 0.9046875 0.01875 0.02578125
0 0.38046875 0.97421875 0.01796875 0.0234375
0 0.340625 0.984375 0.02578125 0.03125
0 0.29609375 0.9734375 0.03359375 0.04453125
0 0.24453125 0.98203125 0.03359375 0.0359375
0 0.14375 0.984375 0.05390625 0.02890625
0 0.1328125 0.9578125 0.0359375 0.04140625
0 0.51953125 0.88671875 0.0328125 0.040625
0 0.596875 0.84296875 0.040625 0.05859375
0 0.48046875 0.86328125 0.040625 0.05859375
0 0.44609375 0.9203125 0.03203125 0.03671875
0 0.7359375 0.83671875 0.0359375 0.05
0 0.70859375 0.78671875 0.04609375 0.059375
0 0.42109375 0.7546875 0.03515625 0.04609375
0 0.46953125 0.72109375 0.0515625 0.07421875
0 0.68828125 0.6484375 0.0703125 0.0859375
0 0.946875 0.4109375 0.10625 0.09921875
0 0.8390625 0.65 0.04765625 0.04453125
0 0.72421875 0.4640625 0.075 0.09453125
0 0.6171875 0.59375 0.06171875 0.08671875
0 0.5140625 0.58671875 0.07734375 0.11640625
0 0.37890625 0.56875 0.05546875 0.0796875
0 0.328125 0.6140625 0.046875 0.05390625
0 0.28671875 0.496875 0.07734375 0.096875
0 0.0859375 0.48984375 0.08984375 0.090625
0 0.07734375 0.36875 0.13828125 0.13359375
0 0.0421875 0.11640625 0.08359375 0.13515625
3 0.43203125 0.66015625 0.03515625 0.06484375