3 0.46796875 0.14609375 0.02265625 0.04140625
0 0.3140625 0.85234375 0.0203125 0.03203125
0 0.29609375 0.88125 0.02265625 0.03671875
0 0.353125 0.80703125 0.02890625 0.0484375
0 0.378125 0.70078125 0.02578125 0.040625
0 0.47265625 0.659375 0.02734375 0.0515625
0 0.40546875 0.29375 0.015625 0.0265625
0 0.3921875 0.27109375 0.01640625 0.0296875
0 0.35546875 0.22890625 0.01796875 0.03515625
0 0.365625 0.15625 0.03125 0.04296875
0 0.32109375 0.11796875 0.01796875 0.03828125
0 0.3015625 0.08203125 0.02109375 0.0390625
0 0.35625 0.090625 0.01640625 0.03046875
0 0.48359375 0.0140625 0.02421875 0.028125
0 0.4015625 0.01171875 0.02265625 0.021875
0 0.40703125 0.040625 0.02421875 0.03984375
0 0.4453125 0.06953125 0.02421875 0.0546875
0 0.42734375 0.22265625 0.02421875 0.04921875
0 0.4203125 0.34296875 0.02109375 0.034375
0 0.42734375 0.434375 0.02421875 0.03984375
0 0.42734375 0.84609375 0.028125 0.05859375
0 0.48125 0.54140625 0.02265625 0.04453125
3 0.8859375 0.04453125 0.1453125 0.0890625
3 0.9734375 0.22890625 0.05234375 0.1484375
3 0.66875 0.22421875 0.09921875 0.1796875
3 0.50625 0.39765625 0.02421875 0.09140625
3 0.525 0.5203125 0.03046875 0.0484375
0 0.90390625 0.42734375 0.19140625 0.21953125
0 0.76640625 0.56640625 0.090625 0.1296875
0 0.53359375 0.62578125 0.04453125 0.06015625
0 0.56484375 0.578125 0.0640625 0.1359375
0 0.28828125 0.8 0.0234375 0.04453125
0 0.315625 0.52421875 0.0265625 0.04296875
0 0.30546875 0.41796875 0.025 0.04140625
0 0.35234375 0.3578125 0.02734375 0.0359375
0 0.28671875 0.30390625 0.02265625 0.0296875
0 0.21953125 0.23359375 0.028125 0.03515625
0 0.19140625 0.27421875 0.021875 0.02890625
0 0.165625 0.34140625 0.01640625 0.0265625
0 0.1765625 0.3796875 0.01484375 0.02421875
0 0.28515625 0.55703125 0.0203125 0.0359375
0 0.23828125 0.6171875 0.021875 0.03828125
0 0.2234375 0.52890625 0.01796875 0.02890625
0 0.25859375 0.54921875 0.01640625 0.028125
0 0.26171875 0.5859375 0.02265625 0.034375
0 0.27421875 0.921875 0.02890625 0.04296875
0 0.12421875 0.8546875 0.02734375 0.04453125
0 0.13984375 0.58671875 0.0265625 0.03515625
0 0.16796875 0.503125 0.02578125 0.03046875
0 0.14296875 0.40078125 0.0234375 0.02578125
0 0.1984375 0.42890625 0.02421875 0.03125
0 0.0109375 0.484375 0.021875 0.04375
0 0.01015625 0.54140625 0.01953125 0.04609375
0 0.2734375 0.196875 0.034375 0.03671875
0 0.2046875 0.16328125 0.0265625 0.02890625
0 0.1 0.18671875 0.021875 0.03125
0 0.2046875 0.09296875 0.03203125 0.028125
0 0.215625 0.11953125 0.02734375 0.028125
0 0.1734375 0.1515625 0.02578125 0.03203125
0 0.26328125 0.053125 0.01796875 0.0390625