3 0.19375 0.7796875 0.040625 0.05546875
3 0.3765625 0.37578125 0.0234375 0.03671875
2 0.265625 0.29921875 0.0234375 0.028125
2 0.26640625 0.390625 0.01875 0.02578125
2 0.259375 0.3578125 0.0234375 0.03046875
2 0.3109375 0.4609375 0.02265625 0.021875
3 0.365625 0.784375 0.03125 0.040625
3 0.2890625 0.65703125 0.0375 0.04765625
3 0.3609375 0.60546875 0.0359375 0.04609375
3 0.69375 0.83359375 0.03359375 0.05234375
3 0.56640625 0.65 0.02421875 0.03984375
2 0.75703125 0.86875 0.0203125 0.025
2 0.59140625 0.6765625 0.02578125 0.03359375
2 0.66640625 0.72265625 0.021875 0.03125
2 0.45390625 0.59140625 0.025 0.034375
2 0.40859375 0.58359375 0.028125 0.03671875
2 0.53046875 0.63828125 0.025 0.02578125
2 0.43203125 0.63359375 0.0203125 0.03515625
2 0.45703125 0.665625 0.0203125 0.02734375
2 0.48359375 0.67578125 0.01875 0.034375
2 0.41875 0.67578125 0.0234375 0.04140625
2 0.31953125 0.6390625 0.0265625 0.034375
2 0.271875 0.54296875 0.01875 0.02890625
2 0.246875 0.540625 0.025 0.034375
2 0.20703125 0.89375 0.03203125 0.05546875
2 0.525 0.80859375 0.025 0.02890625
2 0.47890625 0.803125 0.025 0.03515625
2 0.4625 0.78125 0.02421875 0.03671875
2 0.4875 0.853125 0.03203125 0.040625
2 0.40234375 0.76015625 0.025 0.0390625