2 0.3125 0.69375 0.034375 0.034375
3 0.04609375 0.7734375 0.0546875 0.0734375
2 0.0984375 0.73828125 0.034375 0.0515625
2 0.0375 0.83515625 0.03984375 0.0375
3 0.15 0.43203125 0.0328125 0.0453125
2 0.2421875 0.4765625 0.0328125 0.0375
2 0.240625 0.49765625 0.034375 0.040625
2 0.33046875 0.63046875 0.0375 0.053125
3 0.3234375 0.65546875 0.04765625 0.0515625
2 0.26953125 0.728125 0.0375 0.040625
2 0.371875 0.57421875 0.028125 0.03671875
2 0.390625 0.578125 0.0375 0.046875
2 0.8 0.56015625 0.04765625 0.0515625
2 0.625 0.5296875 0.040625 0.03828125
2 0.64765625 0.44375 0.0390625 0.03984375
2 0.7 0.42109375 0.03984375 0.046875
2 0.5921875 0.56640625 0.03125 0.03984375
2 0.56875 0.63984375 0.03828125 0.046875
2 0.4828125 0.66484375 0.03046875 0.02265625
2 0.47421875 0.64296875 0.0453125 0.0390625
2 0.42578125 0.71484375 0.034375 0.04375
2 0.39375 0.77890625 0.0375 0.0578125
2 0.375 0.82421875 0.0421875 0.04140625
2 0.32421875 0.87265625 0.0453125 0.0453125
2 0.2609375 0.78671875 0.0328125 0.0453125
2 0.28125 0.80703125 0.0453125 0.046875
3 0.54296875 0.5875 0.053125 0.06171875
3 0.65546875 0.50625 0.0359375 0.0578125
3 0.2578125 0.56953125 0.0359375 0.04375
3 0.27421875 0.521875 0.0359375 0.053125
3 0.18203125 0.76015625 0.0375 0.053125
2 0.21484375 0.7203125 0.040625 0.0453125
2 0.03671875 0.61875 0.034375 0.03671875
2 0.0171875 0.91171875 0.0296875 0.0484375
3 0.45859375 0.7578125 0.0375 0.05390625
3 0.375 0.7109375 0.0515625 0.0484375