2 0.771875 0.715625 0.03515625 0.0375
2 0.678125 0.9765625 0.0359375 0.04609375
2 0.71328125 0.9046875 0.04765625 0.0453125
2 0.80078125 0.8703125 0.04765625 0.046875
2 0.89375 0.8703125 0.0453125 0.04765625
2 0.56015625 0.9484375 0.04453125 0.05625
2 0.4171875 0.85625 0.04140625 0.06328125
2 0.5390625 0.88515625 0.0421875 0.040625
2 0.403125 0.68359375 0.0375 0.03125
2 0.3828125 0.53046875 0.034375 0.0296875
2 0.3765625 0.4234375 0.028125 0.02421875
2 0.2015625 0.35390625 0.02890625 0.02734375
2 0.80625 0.78125 0.03984375 0.05
2 0.87421875 0.81640625 0.04609375 0.034375
2 0.6859375 0.7265625 0.03203125 0.0375
2 0.98515625 0.79921875 0.0296875 0.05859375
2 0.85078125 0.55859375 0.03984375 0.04375
2 0.81171875 0.5546875 0.0328125 0.03671875
2 0.7890625 0.5421875 0.0359375 0.034375
3 0.96796875 0.528125 0.040625 0.04765625
2 0.88984375 0.471875 0.034375 0.02578125
2 0.6671875 0.36875 0.03046875 0.02578125
2 0.61640625 0.353125 0.03046875 0.02890625
2 0.6734375 0.4125 0.02890625 0.021875
2 0.709375 0.34609375 0.03203125 0.02734375
2 0.65390625 0.33359375 0.0296875 0.02421875