2 0.415625 0.64921875 0.0421875 0.0421875
2 0.475 0.6078125 0.03984375 0.0375
3 0.43828125 0.6296875 0.0484375 0.065625
3 0.40625 0.66875 0.040625 0.06015625
2 0.3109375 0.74375 0.0390625 0.03828125
2 0.3421875 0.72734375 0.03671875 0.0375
2 0.38515625 0.709375 0.0359375 0.03046875
2 0.54375 0.7625 0.0359375 0.04375
2 0.67734375 0.63671875 0.0375 0.034375
2 0.8875 0.678125 0.0421875 0.05
2 0.84296875 0.67265625 0.025 0.034375
2 0.73125 0.6046875 0.040625 0.0375
2 0.71484375 0.61875 0.0296875 0.028125
2 0.79921875 0.51953125 0.0390625 0.04765625
2 0.74296875 0.53046875 0.0453125 0.0421875
2 0.6484375 0.70078125 0.04296875 0.040625
2 0.553125 0.69609375 0.040625 0.03359375
2 0.55859375 0.71953125 0.040625 0.025
2 0.50078125 0.7546875 0.0328125 0.0421875
2 0.4640625 0.80703125 0.0390625 0.034375
2 0.4421875 0.85 0.03828125 0.0359375
2 0.33203125 0.78125 0.0359375 0.04375
2 0.3484375 0.81015625 0.040625 0.0390625
2 0.33359375 0.471875 0.03125 0.02890625
2 0.328125 0.4921875 0.03125 0.03359375
2 0.2359375 0.24140625 0.0375 0.0375
3 0.528125 0.85703125 0.0515625 0.065625
3 0.45 0.73359375 0.046875 0.053125
3 0.2546875 0.7359375 0.0421875 0.05
2 0.28984375 0.71171875 0.040625 0.0375
3 0.12109375 0.728125 0.053125 0.075
3 0.10234375 0.90546875 0.05078125 0.05390625
2 0.078125 0.94375 0.0453125 0.0546875
2 0.05234375 0.784375 0.0359375 0.03359375
2 0.10703125 0.78125 0.040625 0.03203125
2 0.07421875 0.85234375 0.0421875 0.04296875
2 0.171875 0.70234375 0.0375 0.0484375
2 0.03203125 0.690625 0.046875 0.03359375
2 0.0734375 0.56796875 0.03671875 0.03984375
2 0.1078125 0.553125 0.034375 0.028125
2 0.121875 0.575 0.0390625 0.02734375