2 0.4125 0.8546875 0.0375 0.0390625
2 0.97421875 0.890625 0.0296875 0.0296875
3 0.14609375 0.65859375 0.0515625 0.05625
3 0.3625 0.85546875 0.053125 0.06171875
2 0.43984375 0.8984375 0.0453125 0.04375
2 0.47421875 0.8390625 0.04140625 0.04453125
2 0.53125 0.89765625 0.03984375 0.0328125
2 0.37265625 0.5390625 0.03671875 0.03125
2 0.3875 0.6890625 0.03515625 0.0453125
2 0.5546875 0.96796875 0.0484375 0.0515625
2 0.66875 0.98359375 0.028125 0.0328125
2 0.70546875 0.915625 0.040625 0.0609375
2 0.78828125 0.88125 0.04765625 0.0515625
2 0.884375 0.88125 0.040625 0.0578125
2 0.98125 0.82421875 0.0375 0.06328125
2 0.8015625 0.7984375 0.0453125 0.05078125
2 0.86875 0.82421875 0.04609375 0.05625
2 0.76484375 0.73046875 0.03828125 0.03984375
2 0.67578125 0.74140625 0.0359375 0.03515625
2 0.7921875 0.55078125 0.03828125 0.04765625
2 0.834375 0.58203125 0.03828125 0.0390625
2 0.8828125 0.48359375 0.03203125 0.03515625
2 0.58203125 0.3671875 0.0296875 0.02578125
2 0.703125 0.3578125 0.0296875 0.0375
2 0.825 0.44140625 0.02734375 0.0234375
2 0.859375 0.50546875 0.0328125 0.0296875
3 0.08359375 0.965625 0.04609375 0.05859375
2 0.65859375 0.3828125 0.03203125 0.0265625