2 0.6625 0.28359375 0.02734375 0.02890625
2 0.6796875 0.2953125 0.03046875 0.0296875
2 0.6359375 0.24140625 0.02734375 0.0328125
2 0.653125 0.31640625 0.03046875 0.03203125
2 0.5546875 0.23125 0.03203125 0.0359375
2 0.5171875 0.33984375 0.0328125 0.034375
2 0.53984375 0.328125 0.021875 0.0453125
2 0.6265625 0.17578125 0.0296875 0.04375
2 0.80859375 0.221875 0.03515625 0.0375
2 0.82890625 0.3 0.04375 0.046875
2 0.77890625 0.33203125 0.0328125 0.04375
2 0.79296875 0.5453125 0.03359375 0.0328125
2 0.91171875 0.57109375 0.03046875 0.0296875
2 0.8203125 0.61640625 0.0421875 0.0484375
2 0.8125 0.58828125 0.04453125 0.040625
2 0.71328125 0.6171875 0.0328125 0.0375
2 0.434375 0.77109375 0.03203125 0.04375
2 0.94921875 0.59375 0.0453125 0.06171875
2 0.8609375 0.6671875 0.03984375 0.0703125
2 0.77421875 0.74453125 0.0390625 0.0609375
3 0.9609375 0.76640625 0.03203125 0.0859375
3 0.9078125 0.92578125 0.071875 0.08046875
3 0.946875 0.95390625 0.075 0.0921875
3 0.80625 0.98046875 0.0515625 0.03828125
3 0.58046875 0.89296875 0.03515625 0.05859375
3 0.6515625 0.91640625 0.05625 0.05703125
3 0.615625 0.86640625 0.03828125 0.053125
3 0.540625 0.8421875 0.0375 0.053125
2 0.3734375 0.64140625 0.04296875 0.046875