2 0.83203125 0.3 0.03984375 0.04609375
2 0.7796875 0.33046875 0.04140625 0.0515625
2 0.49765625 0.30625 0.0328125 0.0546875
2 0.54453125 0.8390625 0.0359375 0.05
2 0.58046875 0.8953125 0.03828125 0.0546875
2 0.62109375 0.865625 0.03984375 0.04296875
2 0.65703125 0.91640625 0.05078125 0.06015625
2 0.840625 0.91875 0.03671875 0.053125
3 0.909375 0.9171875 0.06484375 0.09765625
3 0.93828125 0.85234375 0.0578125 0.0640625
3 0.94609375 0.771875 0.05546875 0.065625
2 0.80625 0.98203125 0.046875 0.0359375
2 0.79765625 0.53203125 0.03671875 0.0453125
2 0.8171875 0.5875 0.0328125 0.0484375
2 0.825 0.61796875 0.03203125 0.03984375
2 0.95078125 0.58828125 0.0375 0.0609375
2 0.859375 0.6640625 0.04609375 0.06328125
2 0.77265625 0.740625 0.04296875 0.05625