3 0.13203125 0.91875 0.01875 0.03515625
2 0.103125 0.91875 0.01484375 0.034375
2 0.1265625 0.959375 0.0265625 0.03515625
2 0.5484375 0.51953125 0.02265625 0.03046875
2 0.75234375 0.725 0.0328125 0.0359375
3 0.91953125 0.71640625 0.0375 0.04296875
2 0.54140625 0.9828125 0.0359375 0.034375
2 0.5171875 0.9734375 0.0328125 0.040625
2 0.1625 0.9 0.02890625 0.03046875
2 0.20078125 0.9296875 0.03125 0.02890625
2 0.27734375 0.89296875 0.03046875 0.03515625
2 0.303125 0.9109375 0.0265625 0.02890625
2 0.31484375 0.94453125 0.021875 0.021875
2 0.29296875 0.93984375 0.0265625 0.03046875
2 0.3296875 0.80625 0.025 0.03125
2 0.428125 0.76171875 0.02421875 0.0265625