3 0.8875 0.71953125 0.03671875 0.096875
2 0.31875 0.64296875 0.02109375 0.03046875
2 0.4109375 0.5890625 0.03125 0.0359375
3 0.2671875 0.81015625 0.0375 0.06171875
3 0.19453125 0.75 0.0375 0.06171875
3 0.1515625 0.88125 0.0328125 0.0421875
3 0.2875 0.665625 0.0375 0.0515625
3 0.4328125 0.73125 0.0359375 0.053125
3 0.94765625 0.8203125 0.0578125 0.11875
3 0.64765625 0.696875 0.0265625 0.040625
3 0.378125 0.37421875 0.021875 0.03828125
3 0.46640625 0.62109375 0.0328125 0.046875
2 0.2703125 0.54296875 0.025 0.034375
2 0.24921875 0.5453125 0.0265625 0.03359375
3 0.2 0.8734375 0.0328125 0.04375
2 0.21171875 0.91171875 0.0359375 0.05703125
2 0.3515625 0.6828125 0.028125 0.0359375
2 0.48046875 0.809375 0.0234375 0.034375
2 0.46640625 0.790625 0.0234375 0.0375
2 0.40078125 0.765625 0.02578125 0.040625
2 0.415625 0.684375 0.0359375 0.05
2 0.590625 0.6796875 0.025 0.034375
2 0.48515625 0.684375 0.02421875 0.0375
2 0.490625 0.86015625 0.02890625 0.0390625
2 0.43046875 0.60546875 0.0203125 0.03046875
2 0.33125 0.41640625 0.0234375 0.034375
2 0.28203125 0.371875 0.0203125 0.03984375
2 0.53203125 0.640625 0.0265625 0.028125
2 0.72109375 0.83828125 0.025 0.040625
2 0.259375 0.36015625 0.01953125 0.02734375