2 0.440625 0.79609375 0.02890625 0.0328125
2 0.3734375 0.6421875 0.0375 0.0390625
2 0.64296875 0.2015625 0.02265625 0.028125
2 0.5171875 0.3390625 0.03125 0.02734375
2 0.6203125 0.25859375 0.02265625 0.03984375
2 0.65625 0.3140625 0.02265625 0.02890625
2 0.6296875 0.171875 0.03203125 0.046875
2 0.55390625 0.2328125 0.028125 0.03359375
2 0.63984375 0.29609375 0.0203125 0.03359375
2 0.54140625 0.3265625 0.02421875 0.0453125
2 0.809375 0.2171875 0.0328125 0.03828125
2 0.83203125 0.30234375 0.04453125 0.04296875
2 0.77890625 0.325 0.03046875 0.0484375
2 0.7109375 0.6125 0.0421875 0.03984375
2 0.5796875 0.89453125 0.0359375 0.05859375
2 0.6546875 0.9171875 0.0453125 0.04609375
2 0.61796875 0.86328125 0.03984375 0.05078125
2 0.540625 0.840625 0.03515625 0.04921875
3 0.93359375 0.846875 0.06328125 0.078125
3 0.90703125 0.92265625 0.0765625 0.0796875
2 0.8046875 0.98203125 0.05 0.0359375
2 0.77265625 0.74140625 0.03984375 0.05703125
2 0.94921875 0.590625 0.04375 0.0609375
2 0.85859375 0.66328125 0.04140625 0.0625
2 0.815625 0.58984375 0.0375 0.04765625
2 0.815625 0.61796875 0.03515625 0.0515625
2 0.79296875 0.5421875 0.0328125 0.02734375
2 0.91328125 0.5671875 0.03125 0.03046875