0 0.3953125 0.78515625 0.0328125 0.04765625
2 0.60078125 0.89453125 0.0390625 0.02578125
2 0.5734375 0.890625 0.028125 0.02109375
2 0.05859375 0.75234375 0.0328125 0.02734375
2 0.18515625 0.9125 0.040625 0.02890625
2 0.27109375 0.934375 0.0296875 0.03046875
2 0.61640625 0.79609375 0.03046875 0.02578125
2 0.37734375 0.82265625 0.03046875 0.02734375
2 0.11953125 0.72421875 0.02421875 0.02578125
2 0.496875 0.8546875 0.0265625 0.03203125
2 0.23125 0.90234375 0.03671875 0.03359375
2 0.128125 0.91171875 0.034375 0.04609375
2 0.471875 0.95390625 0.0390625 0.03203125
2 0.32421875 0.96484375 0.04375 0.053125
3 0.0765625 0.853125 0.0390625 0.025
3 0.0640625 0.82578125 0.034375 0.04296875