2 0.7046875 0.840625 0.0265625 0.040625
2 0.4046875 0.74609375 0.028125 0.03515625
2 0.3765625 0.73125 0.03203125 0.0453125
2 0.01875 0.7734375 0.03046875 0.040625
2 0.125 0.725 0.03125 0.0234375
2 0.065625 0.75078125 0.0359375 0.0328125
2 0.21875 0.815625 0.0265625 0.03828125
2 0.3421875 0.803125 0.0328125 0.040625
2 0.3828125 0.81953125 0.03125 0.03671875
2 0.52578125 0.7703125 0.0390625 0.04609375
2 0.61953125 0.79296875 0.03359375 0.04140625
2 0.609375 0.89453125 0.025 0.03515625
2 0.58125 0.8921875 0.028125 0.03671875
2 0.50390625 0.86015625 0.0296875 0.034375
2 0.43359375 0.98515625 0.0359375 0.02890625
2 0.4765625 0.95625 0.0421875 0.03671875
2 0.3265625 0.959375 0.0453125 0.053125
2 0.275 0.93359375 0.0359375 0.034375
2 0.23671875 0.89921875 0.03046875 0.04140625
2 0.19375 0.909375 0.03203125 0.04140625
2 0.1328125 0.91171875 0.03203125 0.04765625
3 0.0875 0.8484375 0.03984375 0.040625
3 0.0671875 0.81953125 0.0421875 0.04296875
3 0.0171875 0.84375 0.03359375 0.05078125