2 0.659375 0.35625 0.02578125 0.03515625
2 0.6515625 0.390625 0.03203125 0.03046875
2 0.6859375 0.37421875 0.03515625 0.04765625
2 0.63671875 0.27890625 0.02421875 0.02890625
2 0.6328125 0.31796875 0.0328125 0.03125
2 0.55078125 0.31640625 0.02890625 0.03125
2 0.51953125 0.4234375 0.03203125 0.0328125
2 0.540625 0.4109375 0.021875 0.046875
2 0.74453125 0.3484375 0.0296875 0.04140625
2 0.7171875 0.34375 0.0296875 0.0375
2 0.80625 0.28125 0.03203125 0.04296875
2 0.7765625 0.39453125 0.0328125 0.0515625
2 0.821875 0.39453125 0.034375 0.0453125
2 0.91875 0.6171875 0.0390625 0.0421875
2 0.8265625 0.6796875 0.0375 0.04609375
2 0.81796875 0.65 0.0421875 0.05078125
2 0.715625 0.6828125 0.04375 0.0453125
2 0.67265625 0.97890625 0.040625 0.0421875
3 0.953125 0.2359375 0.04375 0.05703125
3 0.92421875 0.965625 0.053125 0.06875
3 0.946875 0.9 0.05078125 0.09765625
3 0.284375 0.715625 0.04296875 0.05625
2 0.78046875 0.80546875 0.0390625 0.06875
2 0.8640625 0.7234375 0.040625 0.06640625
2 0.95234375 0.640625 0.03515625 0.06171875
2 0.59453125 0.9703125 0.0421875 0.059375
2 0.62890625 0.9375 0.02734375 0.053125
2 0.55625 0.93125 0.04296875 0.06796875
2 0.38125 0.7296875 0.03203125 0.05078125
2 0.409375 0.67109375 0.03125 0.04140625