2 0.38046875 0.703125 0.02421875 0.02890625
3 0.38671875 0.8640625 0.0265625 0.04296875
3 0.77890625 0.66328125 0.0375 0.05078125
2 0.55 0.9765625 0.034375 0.034375
2 0.51796875 0.9578125 0.0296875 0.02734375
2 0.403125 0.696875 0.0234375 0.02578125
2 0.13125 0.890625 0.0203125 0.03359375
2 0.41796875 0.85625 0.021875 0.03515625
2 0.35 0.965625 0.0234375 0.034375
2 0.34296875 0.88359375 0.02421875 0.03203125
2 0.32109375 0.928125 0.0265625 0.034375
2 0.2828125 0.85234375 0.0265625 0.02734375
2 0.2046875 0.87578125 0.02421875 0.034375
2 0.10703125 0.8609375 0.021875 0.0296875
3 0.17265625 0.890625 0.025 0.03203125
3 0.16328125 0.84609375 0.0328125 0.03984375