2 0.259375 0.3625 0.02109375 0.0328125
2 0.2796875 0.3734375 0.0234375 0.0359375
2 0.32890625 0.415625 0.025 0.0421875
2 0.45703125 0.678125 0.025 0.02734375
2 0.4296875 0.609375 0.0203125 0.0359375
2 0.48125 0.68515625 0.0234375 0.04140625
2 0.4140625 0.684375 0.02890625 0.04375
2 0.465625 0.78828125 0.0296875 0.03359375
2 0.4796875 0.8046875 0.0234375 0.0421875
2 0.5328125 0.64609375 0.021875 0.0328125
2 0.5859375 0.67890625 0.021875 0.03828125
2 0.4875 0.8546875 0.0296875 0.0421875
2 0.3484375 0.684375 0.01875 0.04140625
2 0.3140625 0.646875 0.0234375 0.0359375
2 0.25078125 0.54765625 0.025 0.034375
2 0.26953125 0.54609375 0.0265625 0.0375
3 0.1921875 0.87109375 0.03125 0.04609375
3 0.22421875 0.8609375 0.034375 0.05
3 0.946875 0.82265625 0.0609375 0.1171875
3 0.640625 0.728125 0.028125 0.040625
3 0.49453125 0.79453125 0.0265625 0.040625
3 0.375 0.7859375 0.0296875 0.046875
3 0.43125 0.72734375 0.03046875 0.046875
3 0.284375 0.66171875 0.034375 0.04765625
3 0.171875 0.63046875 0.03203125 0.046875
3 0.375 0.38125 0.025 0.04375
3 0.46484375 0.62109375 0.034375 0.040625
3 0.38828125 0.634375 0.0359375 0.03984375
3 0.88828125 0.715625 0.040625 0.1046875
2 0.41015625 0.58828125 0.02890625 0.034375