0 0.63203125 0.43671875 0.03671875 0.07890625
0 0.50703125 0.140625 0.04609375 0.0765625
0 0.59453125 0.26640625 0.071875 0.1359375
0 0.5671875 0.3828125 0.04296875 0.06171875
0 0.76640625 0.3484375 0.06953125 0.1046875
0 0.68046875 0.62734375 0.05390625 0.11953125
0 0.01640625 0.4828125 0.03046875 0.07890625
0 0.0703125 0.56875 0.0546875 0.10390625
0 0.20859375 0.47265625 0.03203125 0.05078125
0 0.1765625 0.96328125 0.05078125 0.0734375
0 0.228125 0.95 0.06015625 0.0890625
0 0.2890625 0.915625 0.06328125 0.128125
0 0.390625 0.44140625 0.0578125 0.08046875
3 0.38125 0.37109375 0.06484375 0.08203125
1 0.84375 0.69453125 0.13515625 0.10703125
1 0.484375 0.890625 0.14140625 0.078125
1 0.3140625 0.9578125 0.11171875 0.084375
1 0.47734375 0.25 0.07890625 0.0890625
1 0.66953125 0.50859375 0.05390625 0.10703125