2 0.74609375 0.58671875 0.0453125 0.0484375
2 0.8734375 0.56953125 0.0453125 0.053125
2 0.68125 0.44609375 0.0390625 0.0515625
2 0.63125 0.47109375 0.03828125 0.0453125
2 0.5546875 0.665625 0.046875 0.05390625
2 0.4625 0.7015625 0.0390625 0.02890625
2 0.4546875 0.6734375 0.0453125 0.040625
2 0.409375 0.746875 0.040625 0.0453125
2 0.3578125 0.60234375 0.0390625 0.03671875
3 0.328125 0.62109375 0.0328125 0.0375
2 0.37734375 0.80390625 0.0390625 0.053125
2 0.35703125 0.8484375 0.04375 0.0515625
2 0.26171875 0.84296875 0.0453125 0.04453125
2 0.25390625 0.78828125 0.0453125 0.040625
2 0.19375 0.7578125 0.04140625 0.05546875
2 0.196875 0.89140625 0.0484375 0.04453125
2 0.15 0.87265625 0.05390625 0.05
2 0.121875 0.85546875 0.04140625 0.04375
2 0.0859375 0.8875 0.0421875 0.04609375
2 0.01875 0.86953125 0.0359375 0.05234375
2 0.05234375 0.96015625 0.04375 0.03984375
2 0.01484375 0.65390625 0.0296875 0.0484375
3 0.1640625 0.796875 0.05859375 0.059375
3 0.10703125 0.8125 0.05625 0.0609375
3 0.0484375 0.88203125 0.046875 0.05546875
3 0.12890625 0.684375 0.0421875 0.07734375
3 0.35546875 0.73984375 0.04453125 0.06015625
3 0.3078125 0.6890625 0.040625 0.046875