2 0.77265625 0.7 0.03828125 0.03046875
2 0.7 0.334375 0.03203125 0.0296875
2 0.64375 0.32421875 0.0296875 0.02578125
2 0.60546875 0.3453125 0.0328125 0.02890625
2 0.65703125 0.359375 0.03203125 0.02578125
2 0.77734375 0.4546875 0.028125 0.0265625
2 0.6671875 0.4609375 0.02421875 0.0234375
2 0.7765625 0.49140625 0.02421875 0.02109375
2 0.8046875 0.4765625 0.0265625 0.03203125
2 0.40078125 0.69453125 0.0359375 0.0375
2 0.48359375 0.8421875 0.03515625 0.03671875
2 0.50234375 0.8890625 0.0359375 0.0515625
2 0.80859375 0.53359375 0.04609375 0.03671875
2 0.54140625 0.88359375 0.03828125 0.03671875
2 0.37578125 0.5359375 0.0421875 0.034375
2 0.8109375 0.7640625 0.05 0.05625
2 0.875 0.784375 0.0453125 0.040625
2 0.896875 0.8453125 0.03984375 0.0484375
2 0.79921875 0.84609375 0.046875 0.053125
2 0.7171875 0.8921875 0.0453125 0.05078125
2 0.56640625 0.953125 0.04765625 0.0421875
2 0.6828125 0.971875 0.040625 0.0546875