2 0.378125 0.72890625 0.0203125 0.02578125
2 0.5484375 0.5203125 0.0234375 0.02734375
2 0.75390625 0.7265625 0.034375 0.03984375
2 0.515625 0.98203125 0.0234375 0.03046875
2 0.54765625 0.98046875 0.0296875 0.0390625
3 0.6265625 0.95625 0.04140625 0.046875
3 0.703125 0.940625 0.040625 0.046875
3 0.74609375 0.8921875 0.04296875 0.0578125
2 0.3 0.8890625 0.028125 0.02421875
2 0.1953125 0.934375 0.01875 0.02734375
2 0.42734375 0.76640625 0.0203125 0.03046875
2 0.3640625 0.79296875 0.0234375 0.02578125