2 0.27578125 0.390625 0.0234375 0.03828125
2 0.525 0.8359375 0.02890625 0.03359375
2 0.48671875 0.86796875 0.0265625 0.03046875
3 0.284375 0.68203125 0.03828125 0.0453125
3 0.43359375 0.80390625 0.0359375 0.053125
3 0.4171875 0.740625 0.02734375 0.03828125
3 0.94765625 0.81796875 0.059375 0.09765625
3 0.4609375 0.63359375 0.028125 0.046875
2 0.26875 0.56328125 0.021875 0.0359375
2 0.2515625 0.56015625 0.025 0.0296875
2 0.3515625 0.703125 0.025 0.040625
2 0.20546875 0.91015625 0.03125 0.06953125
3 0.14921875 0.89765625 0.0328125 0.05390625
2 0.48046875 0.8234375 0.02578125 0.034375
2 0.4625 0.809375 0.0234375 0.0390625
2 0.4359375 0.61796875 0.0234375 0.0296875
2 0.315625 0.66640625 0.021875 0.03203125
2 0.58671875 0.6953125 0.0265625 0.0375
2 0.4140625 0.70078125 0.03046875 0.04375
2 0.6671875 0.7453125 0.0234375 0.040625
2 0.53125 0.65859375 0.025 0.03359375
2 0.4828125 0.703125 0.0296875 0.04296875
2 0.403125 0.603125 0.025 0.03359375
2 0.33125 0.43359375 0.0265625 0.03359375
2 0.71640625 0.853125 0.0203125 0.03203125