2 0.0890625 0.303125 0.03359375 0.0390625
2 0.3453125 0.6078125 0.03515625 0.034375
3 0.8734375 0.62890625 0.05703125 0.06328125
3 0.346875 0.746875 0.05 0.065625
3 0.115625 0.71640625 0.0546875 0.090625
3 0.15625 0.80546875 0.0515625 0.06953125
3 0.1078125 0.80625 0.05625 0.07578125
3 0.04921875 0.83125 0.0546875 0.06640625
2 0.0765625 0.90078125 0.04375 0.0421875
2 0.07265625 0.8625 0.0453125 0.034375
2 0.1453125 0.88046875 0.040625 0.034375
2 0.18671875 0.896875 0.040625 0.0375
2 0.04375 0.971875 0.04375 0.0359375
2 0.0140625 0.878125 0.0265625 0.04453125
2 0.1859375 0.76484375 0.0421875 0.0421875
2 0.2453125 0.796875 0.0453125 0.0390625
2 0.2515625 0.8484375 0.05 0.04296875
2 0.35 0.85234375 0.046875 0.046875
2 0.28125 0.7375 0.03359375 0.034375
2 0.36796875 0.81015625 0.0421875 0.05234375
2 0.4 0.75234375 0.03828125 0.04296875
2 0.453125 0.70390625 0.0390625 0.0296875
2 0.446875 0.68046875 0.0421875 0.034375
2 0.5421875 0.66640625 0.03671875 0.04609375
2 0.621875 0.47265625 0.0359375 0.0421875
2 0.675 0.446875 0.03828125 0.046875
2 0.740625 0.59140625 0.04140625 0.0390625
2 0.75859375 0.5375 0.034375 0.040625
2 0.86640625 0.57109375 0.04765625 0.04375
3 0.29375 0.69296875 0.0375 0.0390625