2 0.89140625 0.675 0.040625 0.0609375
2 0.80078125 0.51953125 0.0359375 0.04765625
2 0.7453125 0.53203125 0.0359375 0.04296875
2 0.7265625 0.603125 0.0515625 0.04765625
2 0.6796875 0.63203125 0.0296875 0.03828125
2 0.65234375 0.69765625 0.0375 0.05
2 0.56171875 0.71875 0.040625 0.03515625
2 0.5546875 0.68828125 0.04296875 0.03984375
2 0.07578125 0.56640625 0.034375 0.040625
2 0.12421875 0.571875 0.034375 0.03828125
3 0.44140625 0.92421875 0.05390625 0.06796875
3 0.25 0.7421875 0.0359375 0.053125
2 0.29453125 0.71015625 0.040625 0.0375
2 0.315625 0.74453125 0.03203125 0.0328125
2 0.34609375 0.72421875 0.03125 0.04296875
2 0.33203125 0.77890625 0.0390625 0.04765625
2 0.3546875 0.8078125 0.040625 0.04765625
2 0.50625 0.75 0.04140625 0.04921875
2 0.46953125 0.80625 0.0328125 0.05234375
2 0.44375 0.83828125 0.03671875 0.053125
2 0.38359375 0.8734375 0.04375 0.04609375
2 0.0359375 0.6859375 0.0484375 0.04140625
2 0.05703125 0.7875 0.034375 0.04765625
2 0.1140625 0.78359375 0.04765625 0.0515625
3 0.01953125 0.8703125 0.0390625 0.0546875
2 0.075 0.93671875 0.0578125 0.06171875
2 0.140625 0.8765625 0.0390625 0.03671875
2 0.07890625 0.8515625 0.040625 0.0390625
2 0.0390625 0.93515625 0.04140625 0.04296875