2 0.421875 0.56171875 0.021875 0.0390625
3 0.41640625 0.57265625 0.028125 0.03984375
2 0.4125 0.68984375 0.0234375 0.0328125
2 0.44375 0.665625 0.0234375 0.021875
2 0.49765625 0.57890625 0.021875 0.021875
2 0.59140625 0.47109375 0.021875 0.0296875
2 0.61875 0.4625 0.02421875 0.021875
2 0.67109375 0.540625 0.0203125 0.0328125
2 0.56015625 0.53671875 0.0203125 0.021875
2 0.3140625 0.36171875 0.025 0.02734375
2 0.45078125 0.5359375 0.025 0.028125
2 0.384375 0.6125 0.021875 0.02578125
3 0.26953125 0.63125 0.0296875 0.0390625
2 0.2984375 0.615625 0.025 0.0375
2 0.2609375 0.546875 0.01953125 0.02421875
2 0.2375 0.5484375 0.02421875 0.01875
2 0.2984375 0.81015625 0.03046875 0.03046875
3 0.9625 0.715625 0.0296875 0.0453125
3 0.8203125 0.578125 0.0265625 0.034375
3 0.54140625 0.5921875 0.025 0.0328125
3 0.425 0.80078125 0.0328125 0.040625
3 0.440625 0.6078125 0.0265625 0.03125
3 0.340625 0.6265625 0.0265625 0.0328125
3 0.38671875 0.65625 0.0328125 0.04375
3 0.434375 0.86640625 0.046875 0.04765625
3 0.33203125 0.92578125 0.0375 0.04375
3 0.2765625 0.9390625 0.046875 0.06640625
3 0.25078125 0.8765625 0.0390625 0.0453125
3 0.22578125 0.72578125 0.0296875 0.0453125
2 0.1984375 0.684375 0.0234375 0.034375
2 0.2328125 0.75234375 0.025 0.02578125
2 0.26484375 0.66640625 0.021875 0.021875
2 0.2375 0.66875 0.02265625 0.02421875
2 0.2234375 0.61953125 0.02578125 0.03125
2 0.171875 0.58359375 0.02109375 0.03515625
2 0.134375 0.55 0.0234375 0.02265625
2 0.15625 0.6203125 0.01875 0.02421875
2 0.1421875 0.64453125 0.01796875 0.02421875