2 0.7203125 0.834375 0.028125 0.040625
2 0.7953125 0.928125 0.025 0.0390625
2 0.621875 0.75234375 0.025 0.04375
2 0.33203125 0.41484375 0.02578125 0.034375
2 0.31953125 0.6484375 0.03125 0.040625
2 0.2484375 0.5421875 0.0296875 0.03359375
2 0.271875 0.54453125 0.025 0.0375
2 0.3515625 0.65 0.0265625 0.04453125
2 0.41796875 0.6734375 0.0375 0.0515625
3 0.459375 0.61875 0.03046875 0.0421875
2 0.4203125 0.58828125 0.0234375 0.02890625
2 0.44140625 0.60078125 0.021875 0.03515625
2 0.4515625 0.5828125 0.021875 0.0328125
2 0.6671875 0.72578125 0.028125 0.03984375
2 0.4640625 0.78515625 0.02890625 0.03671875
2 0.48125 0.80234375 0.02734375 0.040625
2 0.47890625 0.83359375 0.0265625 0.0359375
2 0.51015625 0.840625 0.02890625 0.0484375
3 0.88828125 0.728125 0.04921875 0.13125
3 0.94921875 0.8234375 0.0671875 0.11328125
3 0.409375 0.728125 0.03125 0.0515625
3 0.30234375 0.8984375 0.04375 0.06328125
3 0.3203125 0.690625 0.03828125 0.05625
2 0.278125 0.37578125 0.021875 0.0375
2 0.25703125 0.36328125 0.02109375 0.028125