3 0.9796875 0.64296875 0.040625 0.05234375
3 0.7921875 0.60703125 0.0515625 0.06171875
2 0.76328125 0.53984375 0.0328125 0.040625
2 0.87578125 0.571875 0.0484375 0.046875
2 0.68046875 0.44609375 0.034375 0.04453125
2 0.615625 0.54453125 0.05625 0.06015625
2 0.62890625 0.47421875 0.034375 0.03828125
2 0.571875 0.59375 0.0390625 0.04140625
2 0.378125 0.80546875 0.034375 0.053125
2 0.55078125 0.665625 0.034375 0.046875
2 0.08515625 0.89375 0.040625 0.04609375
2 0.0515625 0.965625 0.04453125 0.0375
3 0.05234375 0.77109375 0.059375 0.065625
3 0.1171875 0.825 0.04765625 0.059375
3 0.16640625 0.79453125 0.04375 0.05703125
2 0.28984375 0.7359375 0.0359375 0.03515625
2 0.26171875 0.8390625 0.0421875 0.05078125
2 0.19375 0.75625 0.03984375 0.03671875
2 0.1921875 0.89375 0.0375 0.040625
2 0.409375 0.746875 0.03828125 0.04609375
2 0.453125 0.6765625 0.04140625 0.03359375
2 0.35625 0.85078125 0.04140625 0.05078125
2 0.25 0.7921875 0.04375 0.04375
2 0.1515625 0.87734375 0.0421875 0.05078125
2 0.01875 0.8703125 0.0375 0.04375