2 0.81796875 0.5765625 0.0359375 0.040625
2 0.82578125 0.6109375 0.03203125 0.0390625
2 0.8890625 0.74140625 0.0328125 0.0390625
2 0.5390625 0.84140625 0.0265625 0.0296875
2 0.5484375 0.80625 0.021875 0.02890625
2 0.378125 0.946875 0.03046875 0.03515625
2 0.6234375 0.85546875 0.03046875 0.04296875
2 0.58046875 0.88671875 0.03828125 0.05390625
2 0.65546875 0.9 0.05859375 0.06015625
2 0.84296875 0.90625 0.03828125 0.05703125
2 0.81015625 0.9765625 0.04765625 0.04609375
3 0.90703125 0.9078125 0.065625 0.0796875
3 0.93125 0.83671875 0.0609375 0.08203125
2 0.86328125 0.6578125 0.03828125 0.06484375
2 0.95234375 0.58359375 0.040625 0.06015625
2 0.775 0.7328125 0.03828125 0.05703125