3 0.790625 0.63984375 0.0484375 0.071875
3 0.684375 0.9640625 0.0390625 0.0640625
3 0.65390625 0.8875 0.06875 0.075
3 0.35234375 0.6640625 0.0453125 0.053125
3 0.35234375 0.5640625 0.04140625 0.04765625
3 0.07578125 0.9546875 0.0484375 0.05703125
3 0.10859375 0.83515625 0.05859375 0.05625
2 0.43125 0.88828125 0.040625 0.03984375
2 0.4703125 0.8328125 0.0359375 0.03671875
2 0.52578125 0.88671875 0.0359375 0.0296875
2 0.54609375 0.95859375 0.05 0.0453125
2 0.60859375 0.63984375 0.040625 0.0390625
2 0.671875 0.73046875 0.03984375 0.0375
2 0.7609375 0.72421875 0.0375 0.03828125
2 0.7984375 0.7953125 0.04609375 0.04453125
2 0.7 0.91015625 0.04375 0.04296875
2 0.7828125 0.87578125 0.04765625 0.05390625
2 0.86328125 0.8265625 0.04609375 0.0453125
2 0.88125 0.875 0.04765625 0.05
2 0.98359375 0.82265625 0.0328125 0.0484375
2 0.79140625 0.54609375 0.040625 0.0453125
2 0.834375 0.57578125 0.0390625 0.0390625
2 0.83828125 0.54296875 0.03671875 0.03203125
2 0.85703125 0.45546875 0.0296875 0.03046875
2 0.8828125 0.4796875 0.034375 0.0296875
2 0.77578125 0.4515625 0.03046875 0.046875
2 0.58359375 0.35390625 0.0296875 0.02890625
2 0.70390625 0.34765625 0.02734375 0.02421875