2 0.8578125 0.5046875 0.034375 0.0265625
2 0.759375 0.48203125 0.0328125 0.02890625
2 0.65625 0.3859375 0.03203125 0.0296875
2 0.56484375 0.39375 0.0296875 0.03203125
2 0.81796875 0.4609375 0.0359375 0.0328125
2 0.88125 0.4859375 0.03515625 0.0296875
2 0.7890625 0.55625 0.03828125 0.0453125
2 0.83203125 0.58515625 0.03984375 0.03828125
3 0.89765625 0.54296875 0.0421875 0.03984375
2 0.6640625 0.98203125 0.03828125 0.0359375
2 0.70234375 0.92421875 0.0453125 0.05390625
2 0.78515625 0.884375 0.04453125 0.05078125
2 0.8828125 0.8859375 0.0421875 0.05
2 0.97890625 0.8234375 0.0421875 0.05859375
2 0.79609375 0.80078125 0.040625 0.0515625
2 0.8609375 0.82890625 0.0421875 0.05234375
2 0.5484375 0.9703125 0.04921875 0.05234375
2 0.434375 0.90625 0.040625 0.0453125
2 0.46796875 0.85078125 0.0453125 0.040625
2 0.52734375 0.90234375 0.034375 0.034375
2 0.6734375 0.74453125 0.03203125 0.0296875
2 0.36953125 0.5390625 0.034375 0.0296875
3 0.38125 0.47265625 0.040625 0.03671875
3 0.2359375 0.59296875 0.0515625 0.05390625
3 0.3453125 0.67578125 0.0359375 0.0421875
2 0.76171875 0.73359375 0.03671875 0.0375