2 0.2515625 0.653125 0.028125 0.02890625
2 0.21171875 0.65234375 0.0265625 0.028125
2 0.29140625 0.6703125 0.0296875 0.034375
2 0.515625 0.759375 0.0296875 0.04453125
3 0.865625 0.8203125 0.0515625 0.07265625
2 0.9125 0.84921875 0.04140625 0.04921875
2 0.85 0.675 0.034375 0.03671875
2 0.6578125 0.4859375 0.025 0.04140625
2 0.6390625 0.51875 0.025 0.0328125
2 0.60546875 0.48203125 0.028125 0.03671875
2 0.38125 0.9578125 0.04375 0.0515625
2 0.103125 0.95546875 0.02578125 0.04296875
2 0.10859375 0.92421875 0.053125 0.040625
2 0.25859375 0.87578125 0.0359375 0.03828125
2 0.31640625 0.78671875 0.0390625 0.040625
2 0.38046875 0.8140625 0.034375 0.053125