3 0.73125 0.84296875 0.021875 0.04375
2 0.45859375 0.66875 0.021875 0.03984375
2 0.33359375 0.41171875 0.025 0.04453125
2 0.209375 0.88984375 0.03046875 0.05546875
2 0.246875 0.5421875 0.021875 0.03359375
2 0.26953125 0.540625 0.01953125 0.03671875
2 0.3171875 0.646875 0.0265625 0.040625
2 0.35546875 0.6765625 0.02109375 0.0390625
2 0.403125 0.759375 0.0296875 0.0421875
2 0.52890625 0.81171875 0.0234375 0.046875
2 0.484375 0.678125 0.0203125 0.0390625
2 0.415625 0.6828125 0.03203125 0.0484375
2 0.45390625 0.58359375 0.025 0.028125
2 0.4078125 0.58359375 0.0234375 0.028125
2 0.53359375 0.640625 0.02265625 0.03203125
2 0.5890625 0.6765625 0.0265625 0.03359375
2 0.66640625 0.725 0.0265625 0.040625
2 0.75703125 0.87421875 0.021875 0.0296875
2 0.2796875 0.37421875 0.0234375 0.03125
3 0.37421875 0.37421875 0.028125 0.040625
3 0.2828125 0.659375 0.0296875 0.053125
3 0.171875 0.64453125 0.03203125 0.0546875
3 0.3625 0.79921875 0.02890625 0.06171875
3 0.9421875 0.83359375 0.0578125 0.1390625
2 0.490625 0.85625 0.03671875 0.046875
2 0.48125 0.8046875 0.0265625 0.03671875
2 0.4671875 0.78984375 0.0296875 0.04375
2 0.2609375 0.35703125 0.0203125 0.03046875
3 0.6140625 0.74921875 0.0296875 0.04765625
3 0.64140625 0.83203125 0.0234375 0.0390625