2 0.87265625 0.50859375 0.02734375 0.028125
2 0.890625 0.52890625 0.0328125 0.0296875
2 0.73046875 0.4609375 0.03046875 0.03046875
2 0.89375 0.43359375 0.0265625 0.0296875
2 0.81640625 0.57578125 0.02890625 0.02578125
2 0.5734375 0.74375 0.03125 0.03359375
2 0.48828125 0.77890625 0.03515625 0.0328125
2 0.61015625 0.6984375 0.0375 0.02734375
2 0.85234375 0.65703125 0.03203125 0.0296875
2 0.8671875 0.625 0.028125 0.03984375
2 0.75859375 0.5796875 0.03125 0.0375
2 0.63046875 0.53828125 0.02421875 0.03046875
0 0.703125 0.3953125 0.028125 0.0453125
0 0.7828125 0.40625 0.0171875 0.034375
0 0.65390625 0.9140625 0.03359375 0.0453125
0 0.78046875 0.7125 0.0390625 0.05390625
0 0.775 0.83515625 0.0328125 0.03828125
3 0.9734375 0.93125 0.053125 0.0703125
3 0.9140625 0.9140625 0.03671875 0.0578125
2 0.9125 0.86171875 0.03984375 0.04140625
2 0.925 0.78984375 0.025 0.0609375
2 0.6078125 0.65078125 0.03359375 0.03984375
2 0.1078125 0.54296875 0.0265625 0.0828125