3 0.571875 0.203125 0.03984375 0.05703125
3 0.334375 0.540625 0.05234375 0.08515625
3 0.1859375 0.76328125 0.06640625 0.0890625
3 0.278125 0.75078125 0.07109375 0.0890625
3 0.29140625 0.88359375 0.05 0.0765625
3 0.4375 0.578125 0.06015625 0.08984375
3 0.5015625 0.25390625 0.10859375 0.1796875
3 0.71640625 0.20546875 0.0484375 0.0765625
3 0.83828125 0.08515625 0.05234375 0.0796875
0 0.0515625 0.98203125 0.0734375 0.0359375
0 0.19296875 0.85703125 0.08671875 0.09375
0 0.2328125 0.65390625 0.07421875 0.115625
0 0.334375 0.79921875 0.08203125 0.1109375
0 0.34140625 0.85625 0.05546875 0.05078125
0 0.3875 0.8859375 0.0484375 0.06484375
0 0.446875 0.925 0.05546875 0.09296875
0 0.50234375 0.5890625 0.08203125 0.109375
0 0.61484375 0.57578125 0.08984375 0.1203125
0 0.77578125 0.80078125 0.12421875 0.11640625
0 0.7609375 0.303125 0.0953125 0.08828125
0 0.784375 0.184375 0.11171875 0.12578125
0 0.93046875 0.5578125 0.13828125 0.12890625
0 0.92265625 0.43671875 0.15390625 0.11796875
0 0.86484375 0.23125 0.10703125 0.1203125
0 0.9359375 0.30546875 0.128125 0.1203125
0 0.87109375 0.1234375 0.05078125 0.08125