3 0.38828125 0.20625 0.05 0.0609375
3 0.340625 0.0703125 0.05859375 0.07421875
3 0.13828125 0.103125 0.08828125 0.08359375
3 0.2015625 0.92578125 0.10703125 0.1265625
3 0.40625 0.60859375 0.08984375 0.128125
3 0.36015625 0.4515625 0.06328125 0.09296875
3 0.64140625 0.1515625 0.04765625 0.075
3 0.7765625 0.2734375 0.08046875 0.090625
3 0.51953125 0.146875 0.059375 0.059375
3 0.80625 0.07890625 0.05703125 0.05546875
3 0.47265625 0.27578125 0.059375 0.0953125
3 0.41171875 0.3078125 0.071875 0.115625
3 0.47109375 0.41875 0.07890625 0.1515625
3 0.52265625 0.34296875 0.078125 0.11015625
0 0.2453125 0.2265625 0.0375 0.05703125
0 0.34375 0.23984375 0.0359375 0.0515625
0 0.37890625 0.15546875 0.05078125 0.07890625
0 0.45625 0.11328125 0.04140625 0.0796875
0 0.709375 0.103125 0.06796875 0.1234375
0 0.84921875 0.25859375 0.084375 0.11171875
0 0.875 0.3546875 0.09453125 0.128125
0 0.96015625 0.47109375 0.07890625 0.15390625
0 0.3953125 0.51640625 0.06171875 0.14609375
0 0.5625 0.34140625 0.05703125 0.10625
0 0.61953125 0.25625 0.06796875 0.14296875
0 0.63828125 0.3546875 0.071875 0.1484375
0 0.67109375 0.55625 0.05703125 0.115625
0 0.55859375 0.67109375 0.06953125 0.13515625