0 0.97578125 0.309375 0.04765625 0.090625
0 0.909375 0.4640625 0.0828125 0.10546875
0 0.7234375 0.17734375 0.10390625 0.11796875
0 0.78671875 0.52890625 0.06875 0.090625
0 0.86328125 0.79453125 0.084375 0.0890625
0 0.8515625 0.87421875 0.0640625 0.06875
0 0.79453125 0.89140625 0.08046875 0.103125
0 0.7203125 0.67109375 0.03671875 0.065625
0 0.63359375 0.71328125 0.09375 0.115625
0 0.478125 0.76953125 0.06171875 0.0984375
0 0.38671875 0.9109375 0.084375 0.1046875
0 0.165625 0.89453125 0.15625 0.14453125
0 0.53203125 0.4890625 0.0921875 0.1203125
0 0.4515625 0.1234375 0.05234375 0.08359375
3 0.92890625 0.08203125 0.07421875 0.08671875
3 0.76484375 0.83203125 0.04921875 0.090625
3 0.871875 0.17421875 0.0890625 0.09921875
3 0.8453125 0.24375 0.09140625 0.11953125
3 0.80703125 0.47421875 0.06015625 0.11875
3 0.74140625 0.61640625 0.059375 0.09453125
3 0.73828125 0.453125 0.06796875 0.1
3 0.76171875 0.33203125 0.0703125 0.10859375
3 0.61484375 0.14296875 0.07734375 0.08203125
3 0.4953125 0.19375 0.053125 0.08125
3 0.06015625 0.85625 0.1203125 0.21875
3 0.13359375 0.70078125 0.18671875 0.19375
3 0.03671875 0.61640625 0.0734375 0.1484375
3 0.48515625 0.490625 0.07578125 0.12109375
3 0.30546875 0.36796875 0.078125 0.11875
3 0.08359375 0.36484375 0.13671875 0.12421875
3 0.38984375 0.03125 0.0765625 0.0625
3 0.71484375 0.93828125 0.0546875 0.07421875