0 0.5296875 0.5390625 0.0484375 0.09296875
0 0.71171875 0.61328125 0.07265625 0.11015625
0 0.58203125 0.590625 0.0625 0.10546875
0 0.4703125 0.5453125 0.05390625 0.1
0 0.30078125 0.27109375 0.07734375 0.09296875
0 0.2578125 0.17421875 0.07578125 0.09453125
0 0.115625 0.071875 0.11875 0.08203125
0 0.04765625 0.6984375 0.09453125 0.14921875
0 0.8328125 0.24453125 0.0546875 0.06328125
0 0.9046875 0.1890625 0.03671875 0.04921875
0 0.94375 0.24765625 0.02421875 0.0359375
0 0.8828125 0.1390625 0.02734375 0.03359375
3 0.22890625 0.65859375 0.10234375 0.125
3 0.28203125 0.3515625 0.084375 0.08359375
3 0.4171875 0.5640625 0.06953125 0.103125
3 0.59609375 0.5421875 0.0609375 0.08828125
3 0.65859375 0.54921875 0.059375 0.065625
3 0.81171875 0.84921875 0.08046875 0.153125
3 0.89375 0.83046875 0.1109375 0.128125
3 0.96875 0.90703125 0.0609375 0.13515625
3 0.86171875 0.5140625 0.07109375 0.1046875
3 0.82109375 0.68359375 0.06484375 0.09296875
3 0.95234375 0.55625 0.078125 0.06796875
3 0.9625 0.34921875 0.0671875 0.075