0 0.065625 0.071875 0.13125 0.14375
0 0.0671875 0.37578125 0.134375 0.1484375
3 0.03515625 0.271875 0.0703125 0.09375
3 0.29609375 0.83203125 0.09296875 0.128125
3 0.115625 0.80390625 0.08984375 0.08515625
3 0.1796875 0.5921875 0.07109375 0.0859375
3 0.3515625 0.28203125 0.0859375 0.07578125
3 0.2484375 0.1359375 0.0875 0.12890625
3 0.33046875 0.04296875 0.078125 0.0859375
3 0.33046875 0.1515625 0.09375 0.13125
3 0.41640625 0.2546875 0.05390625 0.071875
0 0.67890625 0.671875 0.04375 0.075
0 0.65234375 0.65390625 0.03671875 0.0640625
0 0.6828125 0.0234375 0.0359375 0.04453125
0 0.65390625 0.0875 0.03203125 0.053125
0 0.69375 0.13125 0.02265625 0.04296875
0 0.7453125 0.1125 0.0203125 0.03203125
0 0.74296875 0.14453125 0.01640625 0.02578125
3 0.66640625 0.0515625 0.02265625 0.03125
3 0.73046875 0.11953125 0.021875 0.0296875
3 0.72890625 0.146875 0.02109375 0.0296875
3 0.759375 0.209375 0.0171875 0.034375
0 0.78125 0.18671875 0.02421875 0.03828125
0 0.72578125 0.1890625 0.01171875 0.021875
3 0.78515625 0.22265625 0.02421875 0.034375
3 0.871875 0.30390625 0.03046875 0.04140625
0 0.82109375 0.25703125 0.0171875 0.03046875
0 0.8453125 0.2484375 0.02109375 0.03046875
0 0.83046875 0.28203125 0.02109375 0.028125
0 0.81875 0.328125 0.0203125 0.03125
0 0.75625 0.2609375 0.02109375 0.03359375
0 0.73046875 0.240625 0.03046875 0.05390625
0 0.79375 0.11015625 0.01484375 0.02578125
3 0.88984375 0.371875 0.02421875 0.03671875
3 0.91328125 0.42109375 0.02265625 0.03828125
3 0.94296875 0.50859375 0.02421875 0.05
3 0.99375 0.46640625 0.01171875 0.03359375
3 0.9875 0.51171875 0.025 0.0546875
3 0.9609375 0.42421875 0.03984375 0.0640625
0 0.91796875 0.3859375 0.0296875 0.0359375
0 0.96953125 0.38046875 0.03359375 0.04140625
0 0.75 0.3421875 0.04296875 0.046875
3 0.7765625 0.3359375 0.02578125 0.025
3 0.7390625 0.4421875 0.03828125 0.0546875
0 0.67734375 0.34921875 0.03359375 0.0453125
0 0.94140625 0.603125 0.05 0.06484375
0 0.8890625 0.71328125 0.0515625 0.06640625
3 0.8453125 0.6984375 0.04765625 0.06171875
3 0.6484375 0.21328125 0.02578125 0.053125
3 0.60859375 0.25625 0.02734375 0.090625
0 0.63203125 0.2515625 0.03515625 0.06328125
0 0.5828125 0.34375 0.04921875 0.0765625
0 0.66875 0.471875 0.04765625 0.08203125
0 0.65078125 0.51171875 0.03359375 0.06171875
0 0.77890625 0.59453125 0.06015625 0.096875
3 0.72734375 0.58515625 0.05390625 0.0984375
3 0.69140625 0.590625 0.0515625 0.08671875
3 0.72109375 0.653125 0.034375 0.06328125
3 0.596875 0.56875 0.02734375 0.06171875
3 0.61953125 0.39765625 0.02890625 0.09140625
3 0.5859375 0.68515625 0.05546875 0.08515625
3 0.496875 0.37578125 0.06328125 0.125
0 0.66171875 0.5796875 0.03828125 0.05703125
0 0.63984375 0.60625 0.04140625 0.090625
0 0.55078125 0.4890625 0.07734375 0.13125
0 0.44609375 0.75390625 0.07578125 0.11875