3 0.7265625 0.4515625 0.0671875 0.11640625
3 0.67109375 0.3171875 0.04921875 0.10078125
3 0.7890625 0.390625 0.0484375 0.05078125
3 0.4890625 0.9390625 0.04765625 0.09453125
3 0.4515625 0.5890625 0.05390625 0.07109375
3 0.22421875 0.6546875 0.0765625 0.1015625
0 0.6828125 0.38359375 0.03984375 0.059375
0 0.925 0.59375 0.1484375 0.1359375
0 0.965625 0.36328125 0.06796875 0.11015625
0 0.92578125 0.26875 0.10625 0.08515625
0 0.73125 0.3296875 0.0515625 0.0609375
0 0.6546875 0.4765625 0.05703125 0.08359375
0 0.61953125 0.6328125 0.06328125 0.08828125
0 0.578125 0.73828125 0.07421875 0.1
0 0.46328125 0.51015625 0.07890625 0.1015625
0 0.17421875 0.72421875 0.08203125 0.11640625
0 0.2484375 0.74140625 0.11640625 0.1140625