0 0.65390625 0.925 0.04765625 0.07109375
0 0.78046875 0.7171875 0.0453125 0.05703125
0 0.74296875 0.68203125 0.025 0.0296875
0 0.678125 0.3890625 0.02421875 0.03203125
0 0.65390625 0.4546875 0.02265625 0.03203125
2 0.83125 0.61328125 0.0328125 0.034375
0 0.81171875 0.4140625 0.025 0.034375
0 0.7828125 0.4125 0.02421875 0.03359375
0 0.73671875 0.39609375 0.02421875 0.040625
0 0.93828125 0.49609375 0.03046875 0.040625
2 0.9015625 0.865625 0.03984375 0.0453125
2 0.9203125 0.78359375 0.0296875 0.0546875
2 0.60390625 0.65 0.03125 0.04296875
2 0.60703125 0.7046875 0.0328125 0.0359375
2 0.56640625 0.7515625 0.02890625 0.0328125
2 0.75 0.58203125 0.02890625 0.03828125
2 0.7515625 0.5265625 0.03203125 0.03671875
2 0.1078125 0.55078125 0.0328125 0.078125