0 0.234375 0.02890625 0.09609375 0.05703125
0 0.51875 0.103125 0.08125 0.140625
0 0.740625 0.628125 0.0921875 0.13828125
0 0.659375 0.61796875 0.08046875 0.14921875
0 0.61484375 0.51953125 0.08828125 0.13046875
0 0.515625 0.5484375 0.09609375 0.16796875
0 0.34375 0.44140625 0.05625 0.10390625
0 0.15234375 0.40859375 0.12578125 0.14609375
0 0.109375 0.83125 0.18984375 0.17421875
3 0.0828125 0.1109375 0.1390625 0.13828125
3 0.08203125 0.31015625 0.16328125 0.1703125
3 0.25078125 0.4984375 0.11328125 0.1703125
3 0.428125 0.6640625 0.0578125 0.09609375
3 0.4671875 0.31796875 0.06015625 0.09375
3 0.62265625 0.17109375 0.06796875 0.0890625
3 0.78984375 0.19609375 0.08359375 0.0765625