3 0.621875 0.98359375 0.08515625 0.0328125
3 0.35078125 0.89375 0.0421875 0.03359375
2 0.25390625 0.7453125 0.01796875 0.0140625
2 0.2125 0.75390625 0.0171875 0.0140625
2 0.1796875 0.75234375 0.02265625 0.021875
3 0.91875 0.86953125 0.12109375 0.06015625
2 0.4546875 0.8234375 0.04765625 0.04921875
2 0.26640625 0.77734375 0.02578125 0.02265625
0 0.2890625 0.77265625 0.03203125 0.0375
2 0.2921875 0.8015625 0.0328125 0.02421875
2 0.184375 0.77890625 0.03828125 0.01953125
2 0.29375 0.8296875 0.03203125 0.01953125
2 0.20546875 0.8375 0.04453125 0.02734375
2 0.175 0.80546875 0.046875 0.0296875