0 0.95546875 0.8109375 0.028125 0.0484375
0 0.98046875 0.82578125 0.0265625 0.059375
2 0.75234375 0.53046875 0.0296875 0.0375
0 0.67890625 0.3890625 0.0265625 0.0328125
0 0.7359375 0.4 0.025 0.0359375
2 0.6046875 0.65546875 0.0265625 0.0375
2 0.60546875 0.709375 0.03828125 0.02890625
2 0.56875 0.75 0.03125 0.03359375
2 0.9203125 0.7828125 0.02421875 0.05
2 0.90546875 0.8609375 0.04296875 0.0453125
2 0.74921875 0.58671875 0.0359375 0.03203125
2 0.84921875 0.4140625 0.028125 0.03046875
2 0.82734375 0.61171875 0.03046875 0.03671875
0 0.93671875 0.4890625 0.0296875 0.04375
0 0.81171875 0.4140625 0.0265625 0.03359375
0 0.77890625 0.41015625 0.02421875 0.03203125
0 0.65 0.45546875 0.0234375 0.03125
0 0.65625 0.934375 0.0484375 0.06640625
0 0.7765625 0.7078125 0.040625 0.0453125
0 0.74296875 0.728125 0.0296875 0.0375
2 0.1078125 0.55078125 0.0296875 0.07578125