0 0.69453125 0.05703125 0.1203125 0.1140625
0 0.53828125 0.01796875 0.0609375 0.03515625
0 0.5765625 0.2671875 0.09609375 0.11796875
0 0.58984375 0.5640625 0.09453125 0.14140625
0 0.56640625 0.69375 0.08984375 0.11875
0 0.6484375 0.6234375 0.0734375 0.1296875
0 0.69921875 0.73984375 0.09609375 0.13671875
0 0.69296875 0.85078125 0.1046875 0.12421875
0 0.7078125 0.9515625 0.09921875 0.096875
0 0.43828125 0.9578125 0.0890625 0.084375
3 0.2859375 0.60859375 0.16171875 0.23984375
3 0.38828125 0.546875 0.04609375 0.071875
3 0.53515625 0.5734375 0.04765625 0.08203125
3 0.6265625 0.4515625 0.03046875 0.06796875
3 0.890625 0.46796875 0.18671875 0.21875
3 0.81171875 0.60859375 0.08125 0.10859375
3 0.82734375 0.9640625 0.0609375 0.07109375