0 0.96015625 0.03984375 0.078125 0.0796875
0 0.93984375 0.603125 0.0703125 0.09140625
0 0.80859375 0.6328125 0.0828125 0.11796875
0 0.67578125 0.371875 0.10546875 0.11796875
0 0.146875 0.171875 0.06953125 0.09453125
0 0.04296875 0.23671875 0.08515625 0.13984375
0 0.51796875 0.79296875 0.06484375 0.08515625
0 0.36328125 0.76640625 0.10390625 0.109375
3 0.3171875 0.553125 0.1296875 0.18046875
3 0.25234375 0.675 0.11796875 0.18515625
3 0.18203125 0.90625 0.12109375 0.14609375
3 0.96953125 0.53984375 0.06015625 0.12421875
3 0.97578125 0.81171875 0.046875 0.1296875
3 0.97265625 0.340625 0.05390625 0.13515625
3 0.62421875 0.046875 0.0703125 0.09375
3 0.60625 0.36875 0.07734375 0.115625
3 0.4375 0.2375 0.0640625 0.10859375
3 0.2609375 0.234375 0.0890625 0.1046875
3 0.2171875 0.45859375 0.09453125 0.13359375
3 0.13515625 0.51953125 0.11640625 0.18515625
3 0.09453125 0.75078125 0.13828125 0.14453125