2 0.5671875 0.69921875 0.0625 0.08671875
2 0.7625 0.28203125 0.0625 0.07109375
2 0.73515625 0.22734375 0.05 0.0640625
2 0.728125 0.165625 0.04609375 0.05703125
2 0.21875 0.36484375 0.04375 0.06640625
2 0.85625 0.2796875 0.08125 0.0890625
2 0.93046875 0.25390625 0.0640625 0.065625
2 0.953125 0.35859375 0.08515625 0.09921875
2 0.85625 0.34921875 0.07265625 0.08515625
2 0.93828125 0.6484375 0.0515625 0.0671875
2 0.8796875 0.57109375 0.0859375 0.103125
2 0.81328125 0.4796875 0.09453125 0.103125
2 0.571875 0.91640625 0.0921875 0.15390625
2 0.50625 0.9359375 0.0859375 0.128125
2 0.6765625 0.87421875 0.14921875 0.2234375
2 0.58984375 0.54140625 0.06875 0.12109375
2 0.60546875 0.63828125 0.06953125 0.10625
2 0.5328125 0.528125 0.12890625 0.17421875
2 0.1796875 0.43671875 0.05859375 0.071875
2 0.0578125 0.4640625 0.04296875 0.053125
2 0.0734375 0.4859375 0.0515625 0.0640625
2 0.08359375 0.509375 0.05234375 0.065625
2 0.89375 0.44609375 0.0859375 0.1015625
1 0.728125 0.41484375 0.11484375 0.06953125