2 0.50546875 0.21328125 0.05078125 0.07890625
2 0.55 0.2484375 0.046875 0.0859375
2 0.21875 0.165625 0.04453125 0.05703125
2 0.4015625 0.29140625 0.06875 0.08203125
2 0.59609375 0.2078125 0.0359375 0.0421875
2 0.63828125 0.2109375 0.0375 0.0390625
2 0.1125 0.415625 0.071875 0.1015625
2 0.20859375 0.3046875 0.0609375 0.08046875
2 0.45 0.54375 0.10234375 0.165625
2 0.746875 0.6046875 0.1796875 0.27109375
2 0.60625 0.153125 0.08671875 0.09453125
2 0.63203125 0.07421875 0.06875 0.08125
2 0.15 0.3359375 0.02890625 0.0390625
2 0.9171875 0.446875 0.06953125 0.0609375