2 0.1703125 0.228125 0.07421875 0.11015625
2 0.22578125 0.25234375 0.07578125 0.134375
2 0.084375 0.22109375 0.0859375 0.1390625
2 0.47890625 0.27421875 0.065625 0.08828125
2 0.53984375 0.2765625 0.06796875 0.0875
2 0.58125 0.14296875 0.06875 0.0984375
2 0.55625 0.20859375 0.04140625 0.07890625
2 0.66875 0.096875 0.03828125 0.05390625
2 0.60390625 0.21328125 0.05234375 0.075
2 0.64296875 0.2390625 0.046875 0.071875
2 0.678125 0.30078125 0.0625 0.10703125
2 0.74296875 0.4328125 0.0765625 0.0953125
2 0.9390625 0.546875 0.059375 0.0875
2 0.9171875 0.5875 0.0609375 0.10078125
2 0.13125 0.65390625 0.0515625 0.0953125
2 0.3578125 0.26328125 0.0484375 0.065625
2 0.35390625 0.57421875 0.08515625 0.1484375
2 0.91640625 0.41640625 0.0625 0.07578125
2 0.8953125 0.78828125 0.08359375 0.11875
2 0.66640625 0.7703125 0.0953125 0.1484375
2 0.46328125 0.05703125 0.05703125 0.0859375
2 0.4984375 0.1046875 0.04609375 0.05703125
2 0.43359375 0.17578125 0.053125 0.0796875
2 0.43046875 0.34765625 0.0625 0.0953125