2 0.19609375 0.37265625 0.06015625 0.09921875
2 0.0234375 0.4046875 0.040625 0.071875
2 0.28671875 0.1046875 0.05 0.06953125
2 0.2109375 0.04921875 0.0375 0.04453125
2 0.28125 0.2671875 0.05625 0.07109375
2 0.23359375 0.29453125 0.03125 0.04375
2 0.41875 0.1765625 0.04765625 0.053125
2 0.49296875 0.30390625 0.07265625 0.10078125
2 0.54765625 0.61953125 0.10078125 0.14375
2 0.840625 0.74921875 0.1578125 0.27109375
2 0.59453125 0.26953125 0.06171875 0.09453125
2 0.6953125 0.22421875 0.08515625 0.1125
2 0.721875 0.14453125 0.07734375 0.08125
2 0.5515625 0.0734375 0.06875 0.065625
2 0.6453125 0.315625 0.0578125 0.10546875