2 0.85703125 0.2390625 0.034375 0.0578125
1 0.55859375 0.84140625 0.1140625 0.0984375
2 0.69140625 0.28515625 0.034375 0.046875
2 0.7265625 0.27265625 0.03828125 0.0515625
2 0.97734375 0.815625 0.0453125 0.128125
2 0.878125 0.4265625 0.05625 0.06328125
2 0.8859375 0.471875 0.0453125 0.04921875
2 0.88046875 0.5015625 0.0453125 0.0515625
2 0.71640625 0.52890625 0.06328125 0.0859375
2 0.5953125 0.41875 0.06484375 0.08671875
2 0.59765625 0.5859375 0.04765625 0.08046875
2 0.55625 0.62421875 0.0515625 0.08671875
2 0.684375 0.6609375 0.0703125 0.10546875
2 0.7515625 0.64765625 0.0578125 0.0671875
2 0.84453125 0.79375 0.07265625 0.09453125
2 0.7875 0.85703125 0.08046875 0.09921875
2 0.5796875 0.9328125 0.08828125 0.134375
2 0.44375 0.903125 0.071875 0.13203125
2 0.31328125 0.5 0.04375 0.06796875
2 0.35234375 0.45 0.03984375 0.0640625
2 0.2015625 0.446875 0.04921875 0.06796875
2 0.08203125 0.5921875 0.04375 0.0609375
2 0.0359375 0.7765625 0.0609375 0.084375
2 0.1171875 0.64453125 0.05234375 0.08046875
2 0.13359375 0.38828125 0.0421875 0.07265625