2 0.7828125 0.58125 0.06171875 0.0640625
2 0.57890625 0.23828125 0.03828125 0.03984375
2 0.5390625 0.2234375 0.0328125 0.04609375
2 0.4578125 0.20390625 0.05390625 0.071875
2 0.49609375 0.2671875 0.05703125 0.0984375
2 0.55859375 0.15078125 0.08203125 0.1046875
2 0.59296875 0.06484375 0.07890625 0.08515625
2 0.62265625 0.68984375 0.15859375 0.24296875
2 0.375 0.57109375 0.08359375 0.16015625
2 0.08203125 0.32734375 0.075 0.09375
2 0.17265625 0.21875 0.0671875 0.08828125
2 0.3546875 0.25625 0.059375 0.090625