2 0.69375 0.153125 0.03671875 0.04140625
2 0.0421875 0.44375 0.03671875 0.07109375
2 0.68125 0.1109375 0.02734375 0.053125
2 0.4984375 0.37890625 0.04921875 0.059375
2 0.940625 0.271875 0.06796875 0.0640625
2 0.8859375 0.25546875 0.04921875 0.0578125
2 0.6890625 0.253125 0.053125 0.053125
2 0.65859375 0.30078125 0.03671875 0.0453125
2 0.7203125 0.5 0.08125 0.078125
2 0.74921875 0.3609375 0.06015625 0.0890625
2 0.8234375 0.4140625 0.07109375 0.09375
2 0.928125 0.46796875 0.125 0.13828125
2 0.90703125 0.6078125 0.109375 0.1484375
2 0.8796875 0.70625 0.10625 0.15390625
2 0.9421875 0.80625 0.115625 0.16796875
2 0.825 0.8421875 0.140625 0.16015625
2 0.60234375 0.76953125 0.0984375 0.1390625
2 0.65 0.6984375 0.08046875 0.125
2 0.4875 0.83203125 0.07109375 0.1203125
2 0.52890625 0.88203125 0.0875 0.11328125
2 0.42890625 0.80859375 0.0875 0.146875
2 0.50703125 0.59765625 0.053125 0.07890625
2 0.5265625 0.19609375 0.03671875 0.04296875
2 0.40546875 0.30390625 0.053125 0.06484375
2 0.14375 0.453125 0.0359375 0.04765625
2 0.18359375 0.4109375 0.03984375 0.04921875
2 0.071875 0.74375 0.09140625 0.10859375
2 0.31953125 0.70703125 0.06015625 0.1125
1 0.3046875 0.628125 0.0875 0.071875
2 0.33359375 0.478125 0.04765625 0.0671875
2 0.3703125 0.425 0.046875 0.07734375
2 0.21484375 0.3265625 0.03359375 0.04296875