2 0.6421875 0.559375 0.05390625 0.07734375
2 0.63125 0.65 0.06875 0.10625
2 0.515625 0.44296875 0.04921875 0.065625
2 0.8921875 0.49609375 0.0578125 0.09296875
2 0.7953125 0.41796875 0.04921875 0.07578125
2 0.71875 0.35234375 0.04609375 0.0609375
2 0.71875 0.30078125 0.0328125 0.05703125
2 0.5890625 0.2375 0.0453125 0.0671875
2 0.44765625 0.36328125 0.0453125 0.06328125
2 0.22890625 0.5203125 0.04609375 0.08359375
2 0.05078125 0.48359375 0.0421875 0.05859375
2 0.0515625 0.73203125 0.05859375 0.08359375
2 0.0953125 0.76328125 0.05390625 0.08203125
2 0.47734375 0.26015625 0.0421875 0.0609375
2 0.66484375 0.46171875 0.04453125 0.07109375
2 0.56953125 0.69375 0.0671875 0.08046875
2 0.440625 0.76875 0.05546875 0.08515625
2 0.5390625 0.81875 0.07109375 0.1140625
2 0.90859375 0.765625 0.07265625 0.11640625
2 0.8 0.60390625 0.0765625 0.11953125
2 0.73984375 0.56015625 0.05234375 0.0890625
2 0.6890625 0.53828125 0.05546875 0.0890625
2 0.553125 0.47578125 0.0546875 0.06484375
2 0.50625 0.60703125 0.059375 0.10078125