3 0.9359375 0.2828125 0.128125 0.165625
2 0.334375 0.1890625 0.0484375 0.06171875
2 0.378125 0.35703125 0.0453125 0.07734375
2 0.33046875 0.3453125 0.04296875 0.07109375
2 0.5828125 0.18515625 0.05546875 0.07265625
2 0.6109375 0.26953125 0.0671875 0.096875
2 0.634375 0.19765625 0.07421875 0.11640625
2 0.6375 0.0390625 0.0421875 0.059375
2 0.6828125 0.29609375 0.04921875 0.0640625
2 0.80078125 0.40390625 0.06015625 0.08671875
2 0.715625 0.59921875 0.07421875 0.11953125
2 0.65703125 0.6078125 0.078125 0.11484375
2 0.78046875 0.796875 0.08671875 0.1234375
2 0.82265625 0.70859375 0.07421875 0.1125
2 0.62578125 0.86953125 0.06484375 0.13046875
2 0.5609375 0.8421875 0.0546875 0.115625
2 0.95 0.03671875 0.05234375 0.06875
2 0.7671875 0.2265625 0.03125 0.03984375
2 0.778125 0.15078125 0.0484375 0.053125
2 0.78671875 0.5828125 0.05546875 0.09296875
2 0.040625 0.425 0.05078125 0.059375