1 0.9296875 0.28671875 0.10625 0.11796875
2 0.259375 0.3390625 0.05234375 0.06875
2 0.3171875 0.12578125 0.03984375 0.04609375
2 0.65703125 0.6359375 0.0671875 0.13046875
2 0.72265625 0.41953125 0.0546875 0.08671875
2 0.30625 0.49375 0.0546875 0.08046875
2 0.25625 0.4953125 0.0453125 0.06875
2 0.49609375 0.275 0.046875 0.05078125
2 0.54453125 0.12421875 0.04375 0.046875
2 0.8296875 0.06171875 0.0515625 0.065625
3 0.83828125 0.275 0.11953125 0.1484375
2 0.7734375 0.71875 0.07578125 0.10703125
2 0.73828125 0.83203125 0.09453125 0.14375
2 0.5859375 0.94140625 0.06875 0.11640625
2 0.5125 0.93671875 0.0625 0.1265625
2 0.5984375 0.665625 0.071875 0.1140625
2 0.60390625 0.3609375 0.04765625 0.075
2 0.53984375 0.371875 0.046875 0.05546875
2 0.6890625 0.196875 0.05234375 0.05390625
2 0.38359375 0.134375 0.03515625 0.0578125