2 0.04453125 0.47734375 0.040625 0.04609375
2 0.02421875 0.55390625 0.04609375 0.059375
2 0.55625 0.67265625 0.04453125 0.06328125
2 0.38359375 0.703125 0.0453125 0.06015625
2 0.4171875 0.71640625 0.04453125 0.0578125
2 0.31640625 0.5765625 0.04296875 0.0578125
2 0.2578125 0.51875 0.03984375 0.0578125
2 0.43359375 0.6453125 0.03828125 0.06953125
2 0.46953125 0.5984375 0.0390625 0.0703125
2 0.70703125 0.83203125 0.06015625 0.096875
2 0.7421875 0.596875 0.071875 0.11328125
2 0.88203125 0.73046875 0.078125 0.09609375
2 0.8546875 0.8890625 0.09140625 0.1359375
2 0.9390625 0.88671875 0.071875 0.1015625
2 0.86484375 0.4078125 0.04921875 0.05390625
2 0.81875 0.4203125 0.03671875 0.05390625
2 0.83515625 0.49609375 0.04375 0.06484375
2 0.365625 0.34296875 0.03203125 0.05390625
2 0.41640625 0.39921875 0.02734375 0.05390625
2 0.33125 0.38671875 0.03671875 0.046875