2 0.21953125 0.3703125 0.0765625 0.096875
2 0.321875 0.271875 0.0640625 0.07734375
2 0.33671875 0.12265625 0.053125 0.0640625
2 0.05234375 0.41015625 0.053125 0.053125
2 0.0140625 0.490625 0.028125 0.065625
2 0.59609375 0.62578125 0.12421875 0.184375
2 0.71953125 0.31171875 0.071875 0.1015625
2 0.65859375 0.25390625 0.0625 0.08671875
2 0.5375 0.28984375 0.07890625 0.10625
2 0.8234375 0.29453125 0.05 0.06328125
2 0.7671875 0.27890625 0.0515625 0.05546875
2 0.9390625 0.7921875 0.12109375 0.31328125
2 0.2640625 0.075 0.0375 0.05078125
2 0.2671875 0.2921875 0.0296875 0.03671875