1 0.72734375 0.03203125 0.09140625 0.059375
1 0.0625 0.7765625 0.1203125 0.17421875
2 0.54921875 0.93984375 0.10859375 0.1203125
2 0.7265625 0.26953125 0.1046875 0.1640625
2 0.759375 0.46171875 0.1140625 0.14921875
2 0.81796875 0.63359375 0.13046875 0.1875
2 0.70625 0.68359375 0.11875 0.18984375
2 0.4 0.92578125 0.07421875 0.1484375
2 0.4390625 0.7890625 0.0953125 0.17578125
2 0.40859375 0.515625 0.1125 0.171875
2 0.2609375 0.4203125 0.071875 0.1171875
2 0.0484375 0.215625 0.06015625 0.08671875
2 0.97890625 0.9078125 0.0421875 0.13125
2 0.85078125 0.03984375 0.11015625 0.06953125