2 0.746875 0.16171875 0.07109375 0.0859375
2 0.93359375 0.265625 0.05703125 0.06953125
2 0.125 0.1546875 0.04921875 0.06171875
2 0.6296875 0.584375 0.11484375 0.2
2 0.2765625 0.1640625 0.078125 0.10078125
2 0.38359375 0.0796875 0.07578125 0.08125
2 0.0171875 0.44765625 0.0296875 0.09921875
2 0.89609375 0.128125 0.11796875 0.1546875
2 0.940625 0.04609375 0.11796875 0.0921875
2 0.953125 0.86953125 0.09375 0.2609375
2 0.60078125 0.17890625 0.08984375 0.09453125
2 0.81328125 0.2453125 0.0890625 0.10703125