2 0.44453125 0.39140625 0.04296875 0.04296875
2 0.45703125 0.33671875 0.0265625 0.0390625
2 0.621875 0.30234375 0.03671875 0.04453125
2 0.09453125 0.58671875 0.040625 0.075
2 0.05 0.63671875 0.046875 0.0609375
2 0.32109375 0.48984375 0.059375 0.071875
2 0.35859375 0.6953125 0.078125 0.115625
2 0.621875 0.75703125 0.0828125 0.10859375
2 0.82578125 0.7203125 0.115625 0.15859375
2 0.9625 0.59375 0.071875 0.09140625
2 0.79921875 0.440625 0.0515625 0.0671875
2 0.934375 0.46875 0.07265625 0.0953125
2 0.953125 0.43046875 0.065625 0.0828125
2 0.97890625 0.409375 0.03828125 0.0890625
2 0.61484375 0.42421875 0.05 0.06328125
2 0.5828125 0.484375 0.03984375 0.05078125
2 0.45234375 0.30625 0.0390625 0.04921875
2 0.41015625 0.85859375 0.0765625 0.09140625
2 0.80546875 0.88984375 0.11484375 0.18046875
2 0.74375 0.6375 0.0859375 0.125
2 0.6484375 0.59765625 0.08828125 0.14609375
2 0.85 0.46015625 0.065625 0.08046875
2 0.61640625 0.2453125 0.02734375 0.04609375
2 0.5 0.31953125 0.03671875 0.0390625