2 0.9015625 0.4 0.07109375 0.065625
2 0.55234375 0.1828125 0.03203125 0.04296875
2 0.59375 0.18203125 0.03359375 0.04609375
2 0.45625 0.2109375 0.04453125 0.0984375
2 0.0453125 0.49921875 0.07734375 0.128125
2 0.084375 0.390625 0.03828125 0.06484375
2 0.1390625 0.3453125 0.0671875 0.103125
2 0.3515625 0.2984375 0.07734375 0.12421875
2 0.4078125 0.59375 0.1078125 0.1765625
2 0.73359375 0.62421875 0.18984375 0.30078125
2 0.55625 0.1140625 0.08515625 0.12109375
2 0.14921875 0.18515625 0.0515625 0.0765625
2 0.5046875 0.23203125 0.06328125 0.10390625