2 0.94765625 0.57734375 0.05390625 0.06953125
2 0.47421875 0.2296875 0.03203125 0.04375
2 0.3453125 0.76796875 0.0484375 0.0734375
2 0.4203125 0.88671875 0.04609375 0.08046875
2 0.9265625 0.47578125 0.0453125 0.0578125
2 0.97578125 0.85625 0.0484375 0.10625
2 0.79609375 0.91796875 0.059375 0.103125
2 0.65 0.69921875 0.05234375 0.078125
2 0.4140625 0.3375 0.0359375 0.05078125
2 0.11015625 0.4640625 0.02890625 0.05703125
2 0.37265625 0.47421875 0.03515625 0.06640625
2 0.33515625 0.4671875 0.0375 0.0578125
2 0.4921875 0.48984375 0.03984375 0.0578125
2 0.525 0.496875 0.0421875 0.05625
2 0.55234375 0.6046875 0.0390625 0.065625
2 0.5140625 0.6453125 0.0421875 0.059375
2 0.49375 0.7234375 0.04140625 0.07421875
2 0.46875 0.71171875 0.0484375 0.065625
2 0.40234375 0.553125 0.04296875 0.05703125
2 0.5 0.371875 0.028125 0.06015625
2 0.44453125 0.2953125 0.03046875 0.0515625