2 0.8109375 0.20625 0.0484375 0.04140625
2 0.5265625 0.20078125 0.03515625 0.06328125
2 0.4359375 0.1953125 0.0375 0.04296875
2 0.48203125 0.3359375 0.0625 0.08671875
2 0.509375 0.43125 0.06484375 0.0890625
2 0.553125 0.3234375 0.0515625 0.0640625
2 0.328125 0.34296875 0.05859375 0.07578125
2 0.93203125 0.93671875 0.1359375 0.1265625
2 0.27421875 0.534375 0.05546875 0.053125
2 0.1296875 0.48984375 0.0703125 0.08046875
2 0.36640625 0.4703125 0.05859375 0.08046875
2 0.43515625 0.44609375 0.05703125 0.08125
2 0.40859375 0.3890625 0.04765625 0.08046875
2 0.8296875 0.75546875 0.1875 0.271875
2 0.91875 0.8265625 0.09765625 0.17578125
2 0.90703125 0.90546875 0.10703125 0.1421875
2 0.44296875 0.30390625 0.0484375 0.05625
2 0.25703125 0.49765625 0.05703125 0.05390625
2 0.16796875 0.66484375 0.07421875 0.09609375