2 0.4171875 0.49453125 0.03203125 0.04921875
2 0.53828125 0.4890625 0.0234375 0.04375
2 0.51640625 0.75234375 0.03828125 0.06875
2 0.48515625 0.784375 0.04296875 0.05
2 0.52265625 0.64921875 0.034375 0.04765625
2 0.63203125 0.81328125 0.04296875 0.06953125
2 0.6703125 0.84375 0.03515625 0.06171875
2 0.67421875 0.80546875 0.0359375 0.0578125
2 0.67734375 0.684375 0.03515625 0.05078125
2 0.8203125 0.921875 0.0484375 0.08046875
2 0.76640625 0.77421875 0.053125 0.0609375
2 0.32109375 0.553125 0.0359375 0.03828125
2 0.328125 0.5984375 0.03046875 0.04921875
2 0.375 0.559375 0.03046875 0.04609375
2 0.696875 0.93203125 0.0453125 0.065625
2 0.68203125 0.9703125 0.04921875 0.059375
2 0.46015625 0.90078125 0.03125 0.0453125
2 0.49921875 0.928125 0.03828125 0.07109375
2 0.1515625 0.528125 0.034375 0.05546875
2 0.14296875 0.575 0.03671875 0.04609375
2 0.071875 0.57265625 0.03828125 0.04375
2 0.09296875 0.4703125 0.03828125 0.06484375
2 0.0125 0.4359375 0.0203125 0.0859375