2 0.6109375 0.16953125 0.028125 0.04453125
2 0.42109375 0.646875 0.06015625 0.078125
2 0.5 0.23828125 0.0296875 0.034375
2 0.44921875 0.22578125 0.0296875 0.04140625
2 0.459375 0.2546875 0.0296875 0.04609375
2 0.61328125 0.2140625 0.0375 0.05078125
2 0.603125 0.31171875 0.04453125 0.05703125
2 0.5703125 0.353125 0.03046875 0.040625
2 0.70625 0.4671875 0.0609375 0.09453125
2 0.9046875 0.421875 0.065625 0.065625
2 0.76875 0.31328125 0.04609375 0.05546875
2 0.3375 0.3671875 0.05078125 0.06171875
2 0.9078125 0.9203125 0.13515625 0.159375
2 0.959375 0.61875 0.08125 0.12890625
2 0.63046875 0.4453125 0.0796875 0.1125
2 0.48984375 0.80234375 0.0828125 0.11875
2 0.53515625 0.73515625 0.07734375 0.10625
2 0.60625 0.55546875 0.07421875 0.08203125
2 0.7765625 0.515625 0.08984375 0.11640625
2 0.7484375 0.640625 0.07734375 0.12421875
2 0.75703125 0.8078125 0.0859375 0.1359375
2 0.65703125 0.8453125 0.109375 0.140625
2 0.41953125 0.875 0.07890625 0.1328125
2 0.35625 0.80703125 0.05 0.10078125
2 0.1328125 0.4828125 0.034375 0.0578125
2 0.034375 0.78828125 0.065625 0.10078125
2 0.27109375 0.54140625 0.04375 0.0640625
2 0.30546875 0.48984375 0.040625 0.0765625