2 0.86796875 0.76640625 0.07890625 0.11171875
2 0.27109375 0.28359375 0.04765625 0.06875
2 0.4234375 0.334375 0.04765625 0.08125
2 0.396875 0.90078125 0.0984375 0.19765625
2 0.37421875 0.378125 0.05 0.08125
2 0.35 0.32890625 0.05625 0.0765625
2 0.3109375 0.39453125 0.06171875 0.06953125
2 0.07265625 0.41328125 0.06640625 0.075
2 0.20703125 0.3890625 0.046875 0.04375
2 0.20859375 0.41796875 0.05078125 0.06328125
2 0.21953125 0.44296875 0.05625 0.04609375
1 0.921875 0.5296875 0.1171875 0.08046875
2 0.96328125 0.346875 0.07265625 0.10234375
2 0.934375 0.19453125 0.05390625 0.06640625
2 0.9390625 0.25859375 0.05234375 0.0671875
2 0.67734375 0.61953125 0.14140625 0.203125
2 0.75625 0.63125 0.08515625 0.14609375
2 0.75859375 0.765625 0.10859375 0.12890625