2 0.578125 0.334375 0.0515625 0.1
2 0.865625 0.9359375 0.12890625 0.128125
2 0.71171875 0.8234375 0.11015625 0.17265625
2 0.765625 0.296875 0.1078125 0.11171875
2 0.77890625 0.04453125 0.0609375 0.0890625
2 0.72421875 0.03671875 0.0765625 0.07265625
2 0.64296875 0.1078125 0.0671875 0.07578125
2 0.5234375 0.18984375 0.084375 0.07421875
2 0.4109375 0.115625 0.05703125 0.07109375
2 0.271875 0.20390625 0.0828125 0.10625
2 0.38046875 0.48984375 0.08125 0.1171875
2 0.309375 0.4625 0.07265625 0.1078125
2 0.1375 0.63515625 0.0484375 0.08125
2 0.096875 0.26953125 0.07578125 0.096875
2 0.01171875 0.4984375 0.0234375 0.11328125