2 0.77265625 0.1203125 0.03046875 0.053125
2 0.965625 0.51015625 0.06875 0.1359375
2 0.8640625 0.4515625 0.08515625 0.1296875
2 0.784375 0.284375 0.0515625 0.05546875
2 0.7859375 0.32109375 0.0359375 0.04296875
2 0.77421875 0.34453125 0.03671875 0.04375
2 0.7828125 0.17890625 0.040625 0.04765625
2 0.90234375 0.87109375 0.07421875 0.10546875
2 0.865625 0.5953125 0.0875 0.109375
2 0.803125 0.796875 0.09609375 0.14453125
2 0.77421875 0.9 0.090625 0.1390625
2 0.63984375 0.92734375 0.0671875 0.12734375
2 0.50234375 0.82265625 0.07578125 0.13125
2 0.43125 0.7484375 0.08359375 0.1359375
2 0.58125 0.87265625 0.090625 0.17109375
2 0.65625 0.64921875 0.08046875 0.08671875
2 0.6078125 0.378125 0.053125 0.0734375
2 0.50078125 0.29453125 0.05 0.07578125
2 0.48203125 0.43984375 0.046875 0.078125
2 0.4375 0.47734375 0.053125 0.07578125
2 0.09609375 0.73828125 0.0484375 0.0765625
2 0.0984375 0.36953125 0.0453125 0.0671875
2 0.21875 0.39921875 0.040625 0.053125
2 0.2515625 0.3578125 0.04140625 0.0734375
1 0.4078125 0.6703125 0.09375 0.096875