2 0.0390625 0.40078125 0.065625 0.06328125
2 0.21953125 0.36328125 0.0734375 0.0984375
2 0.26015625 0.28515625 0.0296875 0.04765625
2 0.3109375 0.25703125 0.071875 0.0765625
2 0.32734375 0.10390625 0.0625 0.06953125
2 0.25390625 0.0546875 0.04375 0.04609375
2 0.5390625 0.28046875 0.08671875 0.1265625
2 0.6484375 0.24921875 0.06015625 0.0984375
2 0.71875 0.3 0.0640625 0.11171875
2 0.7734375 0.196875 0.1015625 0.12421875
2 0.8 0.11953125 0.096875 0.07890625
2 0.60234375 0.6265625 0.12578125 0.19140625
2 0.8234375 0.28671875 0.04609375 0.05390625
2 0.93984375 0.80546875 0.1203125 0.3578125