2 0.49140625 0.8828125 0.03125 0.0671875
2 0.5375 0.7875 0.0375 0.04453125
2 0.41328125 0.95078125 0.0390625 0.05703125
2 0.4390625 0.85 0.028125 0.065625
2 0.16328125 0.46953125 0.02734375 0.03984375
2 0.6609375 0.83046875 0.028125 0.046875
2 0.7296875 0.684375 0.03671875 0.06328125
2 0.675 0.78203125 0.0421875 0.0609375
2 0.8125 0.81640625 0.04140625 0.07109375
2 0.85234375 0.81953125 0.034375 0.065625
2 0.884375 0.76171875 0.040625 0.07578125
2 0.840625 0.703125 0.0390625 0.06328125
2 0.9640625 0.7 0.0484375 0.08125
2 0.965625 0.9046875 0.0625 0.10078125
2 0.48125 0.75 0.03046875 0.059375