2 0.46328125 0.2453125 0.03203125 0.04375
2 0.3765625 0.3078125 0.034375 0.05625
2 0.40703125 0.271875 0.04296875 0.04921875
2 0.925 0.69765625 0.0609375 0.06796875
2 0.9125 0.6453125 0.05625 0.0734375
2 0.88046875 0.54921875 0.0578125 0.08359375
2 0.69765625 0.39921875 0.04140625 0.06328125
2 0.39453125 0.44375 0.0453125 0.06640625
2 0.4234375 0.47890625 0.04609375 0.0765625
2 0.27109375 0.45546875 0.04296875 0.05703125
2 0.0859375 0.615625 0.07109375 0.08046875
2 0.48203125 0.49140625 0.04921875 0.071875
2 0.38203125 0.61953125 0.053125 0.08671875
2 0.3578125 0.5546875 0.04140625 0.0859375
2 0.321875 0.62421875 0.046875 0.0875
2 0.6796875 0.92734375 0.1171875 0.1453125