2 0.44921875 0.8796875 0.07421875 0.13828125
2 0.4484375 0.2140625 0.04375 0.075
2 0.40625 0.2546875 0.0484375 0.0765625
2 0.3578125 0.30078125 0.0421875 0.0703125
2 0.8203125 0.18359375 0.0703125 0.078125
3 0.775 0.24296875 0.12578125 0.13046875
2 0.69609375 0.5296875 0.08984375 0.13203125
2 0.87734375 0.5546875 0.09453125 0.1171875
2 0.9765625 0.91953125 0.04609375 0.1609375
2 0.6640625 0.8890625 0.1109375 0.16328125
2 0.55703125 0.63515625 0.0796875 0.12890625
2 0.30234375 0.428125 0.0640625 0.08828125
2 0.16328125 0.53203125 0.0640625 0.12578125