2 0.7921875 0.33828125 0.0296875 0.03828125
2 0.340625 0.63125 0.028125 0.03671875
2 0.33125 0.55546875 0.0203125 0.0421875
2 0.30234375 0.5140625 0.02109375 0.04140625
2 0.2828125 0.52734375 0.028125 0.04609375
2 0.10546875 0.60390625 0.02890625 0.04921875
2 0.09375 0.6546875 0.03515625 0.04375
3 0.2890625 0.63359375 0.065625 0.08125
3 0.72578125 0.58125 0.05703125 0.06875
2 0.8734375 0.91796875 0.06015625 0.0859375
2 0.94609375 0.78671875 0.0609375 0.071875
2 0.7890625 0.71953125 0.04375 0.0671875
2 0.8 0.60390625 0.04375 0.04921875
2 0.815625 0.65390625 0.03828125 0.05078125
2 0.51796875 0.696875 0.03828125 0.05703125
2 0.6203125 0.8453125 0.040625 0.0703125
2 0.58359375 0.85078125 0.03203125 0.04140625
2 0.45859375 0.90859375 0.0453125 0.096875
2 0.49296875 0.86015625 0.03671875 0.06953125
2 0.48046875 0.49453125 0.02734375 0.04765625