3 0.67734375 0.33125 0.06640625 0.09140625
3 0.759375 0.6109375 0.090625 0.1375
2 0.728125 0.3265625 0.03515625 0.04375
2 0.83671875 0.31171875 0.03984375 0.0484375
2 0.91953125 0.46171875 0.05234375 0.05859375
2 0.93359375 0.165625 0.04453125 0.046875
2 0.41953125 0.21328125 0.0296875 0.03203125
2 0.4765625 0.225 0.0265625 0.028125
2 0.51875 0.196875 0.01875 0.03046875
2 0.54921875 0.19609375 0.025 0.0296875
2 0.57421875 0.2 0.02109375 0.03203125
2 0.6109375 0.22265625 0.03125 0.0453125
2 0.60703125 0.3578125 0.02890625 0.04296875
2 0.5515625 0.3546875 0.025 0.04140625
2 0.38828125 0.3546875 0.0328125 0.0328125
2 0.4328125 0.3671875 0.0234375 0.03046875
2 0.49375 0.3546875 0.02734375 0.034375
2 0.47421875 0.43046875 0.0265625 0.0359375
2 0.4359375 0.43359375 0.03046875 0.03828125
2 0.409375 0.4296875 0.028125 0.0390625
2 0.36875 0.47734375 0.0453125 0.05546875
2 0.428125 0.50859375 0.0375 0.05546875
2 0.53984375 0.52421875 0.04140625 0.06171875
2 0.5640625 0.4375 0.03515625 0.05390625
2 0.6046875 0.43828125 0.03359375 0.0546875
2 0.309375 0.3890625 0.0296875 0.03671875
2 0.32265625 0.44140625 0.03046875 0.04453125
2 0.265625 0.44296875 0.03125 0.0390625
2 0.31953125 0.34453125 0.034375 0.04375
2 0.06640625 0.4921875 0.03515625 0.0375
2 0.175 0.39296875 0.0328125 0.03671875
2 0.21640625 0.4421875 0.03203125 0.04375
2 0.234375 0.40390625 0.02890625 0.04375
2 0.2640625 0.40546875 0.0265625 0.04453125
2 0.2140625 0.5 0.03046875 0.04609375
2 0.27890625 0.49453125 0.025 0.04765625
2 0.35859375 0.5578125 0.0359375 0.06484375
2 0.1359375 0.4875 0.03984375 0.0390625
2 0.4046875 0.53828125 0.03671875 0.05859375
2 0.42734375 0.57890625 0.0359375 0.05078125
2 0.428125 0.65078125 0.040625 0.06484375
2 0.5296875 0.703125 0.04765625 0.071875
2 0.515625 0.653125 0.0375 0.04765625
2 0.66484375 0.7265625 0.04453125 0.07890625
2 0.678125 0.51875 0.034375 0.0515625
2 0.6796875 0.840625 0.0546875 0.09609375
2 0.59375 0.87265625 0.05546875 0.1015625
2 0.53671875 0.86953125 0.05625 0.1015625
2 0.475 0.9296875 0.05625 0.078125
2 0.42265625 0.73203125 0.03203125 0.0625
2 0.13984375 0.6796875 0.05234375 0.06875
2 0.2796875 0.63828125 0.04609375 0.0859375
2 0.3171875 0.6703125 0.046875 0.08125
2 0.3484375 0.74609375 0.0609375 0.0890625
2 0.41875 0.8046875 0.046875 0.07421875