2 0.1625 0.465625 0.0359375 0.05546875
2 0.309375 0.5828125 0.034375 0.05625
3 0.59375 0.47890625 0.0609375 0.09296875
3 0.56796875 0.24765625 0.04921875 0.07890625
2 0.89140625 0.75625 0.04375 0.06875
2 0.84921875 0.7421875 0.0359375 0.0609375
2 0.978125 0.81171875 0.0421875 0.07890625
2 0.98125 0.721875 0.0359375 0.0640625
2 0.78671875 0.56796875 0.0390625 0.0578125
2 0.859375 0.48125 0.034375 0.04296875
2 0.84609375 0.44453125 0.03125 0.05390625
2 0.70390625 0.83515625 0.05859375 0.07109375
2 0.65546875 0.778125 0.0390625 0.0515625
2 0.72578125 0.57109375 0.03828125 0.05546875
2 0.725 0.76171875 0.0515625 0.0828125
2 0.696875 0.25390625 0.03984375 0.0515625
2 0.609375 0.25546875 0.034375 0.03984375
2 0.634375 0.96796875 0.065625 0.0640625
2 0.41953125 0.90546875 0.04375 0.0859375
2 0.57109375 0.80859375 0.04609375 0.0734375
2 0.35859375 0.1078125 0.02734375 0.03046875
2 0.27734375 0.096875 0.02265625 0.03359375
2 0.409375 0.125 0.02734375 0.03359375
2 0.5265625 0.14453125 0.02734375 0.0359375
2 0.53984375 0.16796875 0.021875 0.03359375
2 0.5015625 0.25703125 0.0234375 0.03125
2 0.46640625 0.2234375 0.025 0.03125
2 0.45234375 0.2515625 0.02578125 0.03671875
2 0.4609375 0.31953125 0.0359375 0.04296875
2 0.4921875 0.3265625 0.02890625 0.0390625
2 0.04375 0.34921875 0.03046875 0.03671875
2 0.03046875 0.29296875 0.0328125 0.034375
2 0.1671875 0.27734375 0.03515625 0.0390625
2 0.12578125 0.22578125 0.034375 0.03125
2 0.2078125 0.28671875 0.025 0.0328125
2 0.31953125 0.22265625 0.03046875 0.03046875
2 0.35625 0.24296875 0.0234375 0.03046875
2 0.221875 0.1671875 0.01953125 0.03203125
2 0.246875 0.240625 0.028125 0.03046875
2 0.2609375 0.203125 0.0328125 0.03828125
2 0.29140625 0.32265625 0.0359375 0.040625
2 0.33984375 0.35546875 0.0328125 0.0453125
2 0.42734375 0.3875 0.034375 0.05390625
2 0.328125 0.2890625 0.01875 0.03359375
2 0.35390625 0.2984375 0.02890625 0.03203125
2 0.39140625 0.30546875 0.03203125 0.040625
2 0.315625 0.265625 0.021875 0.034375
2 0.159375 0.32109375 0.0265625 0.034375
2 0.215625 0.32734375 0.02578125 0.03828125
2 0.27890625 0.38828125 0.03359375 0.04609375
2 0.31875 0.3796875 0.03203125 0.04140625
2 0.084375 0.4609375 0.03671875 0.04375
2 0.2046875 0.4375 0.0390625 0.0515625
2 0.23828125 0.46953125 0.040625 0.0578125
2 0.2109375 0.575 0.04609375 0.05859375
2 0.203125 0.634375 0.04296875 0.05078125
2 0.24765625 0.53203125 0.03125 0.05390625
2 0.328125 0.46953125 0.0359375 0.053125
2 0.33359375 0.41875 0.0375 0.04453125
2 0.32265625 0.5046875 0.02421875 0.02109375
2 0.31796875 0.5328125 0.02890625 0.03359375
2 0.26875 0.54921875 0.0296875 0.05234375
2 0.34375 0.6703125 0.04140625 0.05859375
2 0.36015625 0.61484375 0.034375 0.04296875
2 0.39375 0.634375 0.04609375 0.06875
2 0.4359375 0.64921875 0.03671875 0.0609375
2 0.50546875 0.6328125 0.03671875 0.06796875
2 0.50625 0.54921875 0.0359375 0.06484375
2 0.48046875 0.64609375 0.0296875 0.06875
2 0.034375 0.6703125 0.053125 0.065625
2 0.06875 0.75703125 0.0375 0.06875
2 0.4640625 0.771875 0.04921875 0.07890625
2 0.39453125 0.775 0.03828125 0.07890625
2 0.475 0.11328125 0.025 0.034375
2 0.40390625 0.5140625 0.03515625 0.046875