2 0.33984375 0.4671875 0.03125 0.04921875
2 0.3609375 0.29609375 0.03671875 0.0484375
2 0.13671875 0.36328125 0.04296875 0.04921875
2 0.1703125 0.45078125 0.0421875 0.05546875
2 0.5125 0.5234375 0.040625 0.0640625
2 0.43828125 0.603125 0.0484375 0.0640625
2 0.80390625 0.5640625 0.04609375 0.07109375
2 0.5703125 0.74296875 0.05390625 0.09140625
2 0.440625 0.70390625 0.04375 0.08203125
2 0.48125 0.74296875 0.06015625 0.0953125
2 0.41171875 0.8875 0.05390625 0.121875
2 0.45390625 0.953125 0.0671875 0.09375
2 0.43828125 0.4296875 0.05 0.06796875
2 0.403125 0.48984375 0.0546875 0.07578125
2 0.428125 0.54296875 0.0453125 0.071875
2 0.31796875 0.57421875 0.04609375 0.08125
2 0.4984375 0.390625 0.0390625 0.0515625
2 0.575 0.41484375 0.0359375 0.0515625
2 0.57265625 0.3234375 0.03515625 0.0390625
2 0.07265625 0.428125 0.05390625 0.05703125
2 0.1828125 0.52734375 0.040625 0.04453125
2 0.2703125 0.565625 0.05 0.0859375