2 0.5796875 0.69765625 0.0375 0.05390625
2 0.45390625 0.7140625 0.0359375 0.06640625
2 0.48125 0.68046875 0.03515625 0.046875
2 0.096875 0.6453125 0.0390625 0.05625
2 0.6015625 0.80546875 0.04453125 0.07890625
2 0.421875 0.72734375 0.0359375 0.0609375
2 0.3828125 0.77734375 0.03515625 0.0609375
2 0.7859375 0.91796875 0.07109375 0.11015625
2 0.5484375 0.609375 0.03515625 0.065625
2 0.340625 0.61015625 0.0296875 0.04375
2 0.384375 0.48203125 0.02734375 0.046875
2 0.6015625 0.54609375 0.0265625 0.05078125
2 0.959375 0.58046875 0.06875 0.10234375
2 0.8515625 0.45625 0.0359375 0.06875