2 0.5015625 0.34765625 0.03125 0.04609375
2 0.8125 0.2859375 0.0390625 0.046875
2 0.7 0.26640625 0.03203125 0.0578125
2 0.05 0.621875 0.0484375 0.08671875
2 0.321875 0.553125 0.0875 0.12421875
2 0.384375 0.58984375 0.0390625 0.05859375
2 0.42890625 0.69140625 0.05703125 0.07109375
2 0.37421875 0.86328125 0.05859375 0.13828125
2 0.45625 0.86484375 0.075 0.10703125
2 0.6625 0.60625 0.05625 0.0859375
2 0.678125 0.54921875 0.0625 0.071875
2 0.6953125 0.49921875 0.06171875 0.07890625
2 0.5515625 0.33046875 0.0421875 0.053125
2 0.4953125 0.30546875 0.0421875 0.0609375
2 0.484375 0.4328125 0.04765625 0.06640625
2 0.77265625 0.80078125 0.103125 0.18046875
2 0.8921875 0.91796875 0.1203125 0.1640625
2 0.965625 0.60859375 0.06875 0.12109375
2 0.8046875 0.60078125 0.0453125 0.090625
2 0.70625 0.3359375 0.0484375 0.05703125