2 0.87890625 0.28828125 0.034375 0.05390625
2 0.71953125 0.73203125 0.0359375 0.059375
2 0.71953125 0.7828125 0.04140625 0.090625
2 0.72109375 0.50234375 0.02734375 0.059375
2 0.66328125 0.53359375 0.021875 0.0484375
2 0.5609375 0.46796875 0.040625 0.0625
2 0.44453125 0.74453125 0.06171875 0.08515625
2 0.45625 0.68125 0.05 0.08359375
2 0.5609375 0.91171875 0.06015625 0.0859375
2 0.79375 0.8796875 0.06328125 0.09765625
2 0.65703125 0.921875 0.0625 0.096875
2 0.7015625 0.9609375 0.059375 0.078125
2 0.6421875 0.8453125 0.05390625 0.0765625
2 0.65234375 0.784375 0.05234375 0.0734375
2 0.61953125 0.67734375 0.06953125 0.090625
2 0.271875 0.61015625 0.05078125 0.0765625
2 0.690625 0.53046875 0.0390625 0.06484375
2 0.63515625 0.44375 0.04765625 0.0515625