2 0.50234375 0.7109375 0.04375 0.0625
2 0.496875 0.896875 0.06484375 0.08828125
2 0.46015625 0.85 0.0640625 0.10546875
2 0.6109375 0.88125 0.0640625 0.0953125
2 0.70078125 0.8875 0.05234375 0.09375
2 0.559375 0.56171875 0.05390625 0.05859375
2 0.4234375 0.5703125 0.03359375 0.0515625
2 0.4125 0.61640625 0.04921875 0.07109375
2 0.271875 0.53984375 0.0375 0.05859375
1 0.4015625 0.81796875 0.05625 0.09765625
2 0.58125 0.63671875 0.0453125 0.05
2 0.68046875 0.678125 0.04921875 0.06171875
2 0.5765625 0.715625 0.0515625 0.0609375
2 0.621875 0.44921875 0.03515625 0.04921875
2 0.5984375 0.45625 0.02109375 0.034375
2 0.63125 0.6265625 0.0359375 0.05546875
2 0.6359375 0.58984375 0.02578125 0.04453125
2 0.79453125 0.25625 0.02890625 0.03671875
2 0.5125 0.4140625 0.03515625 0.04296875