2 0.490625 0.71015625 0.05625 0.084375
2 0.02578125 0.20546875 0.046875 0.05390625
2 0.05859375 0.56171875 0.04921875 0.0859375
2 0.8265625 0.2015625 0.05390625 0.0921875
2 0.5703125 0.14140625 0.04765625 0.06171875
2 0.4109375 0.02578125 0.046875 0.0515625
2 0.325 0.17890625 0.05390625 0.08671875
2 0.29609375 0.0859375 0.046875 0.05625
2 0.25390625 0.13046875 0.03515625 0.06171875
2 0.51875 0.24375 0.06015625 0.09921875
2 0.6671875 0.24296875 0.06171875 0.08359375
2 0.62109375 0.315625 0.078125 0.10546875
2 0.49375 0.49140625 0.07265625 0.08984375
2 0.2125 0.2453125 0.0625 0.0765625
2 0.41640625 0.3546875 0.07265625 0.08046875
2 0.7609375 0.58984375 0.1 0.10859375
2 0.73203125 0.484375 0.09375 0.15859375
2 0.9234375 0.703125 0.0921875 0.17421875
2 0.8234375 0.93671875 0.121875 0.12578125
2 0.66796875 0.890625 0.1015625 0.21875
2 0.5625 0.89453125 0.10859375 0.17890625
2 0.5625 0.7515625 0.10703125 0.16328125
2 0.41328125 0.9 0.10390625 0.2
2 0.465625 0.59765625 0.0875 0.13203125
2 0.409375 0.6953125 0.0890625 0.1640625
2 0.33203125 0.52734375 0.05703125 0.096875
2 0.30625 0.7 0.0578125 0.09765625
2 0.284375 0.61875 0.04609375 0.090625
2 0.22890625 0.61953125 0.07421875 0.1046875
2 0.0921875 0.34296875 0.05078125 0.09296875
3 0.95390625 0.17265625 0.09140625 0.19609375
3 0.60625 0.0390625 0.1171875 0.075