2 0.3421875 0.659375 0.053125 0.075
3 0.93515625 0.359375 0.08671875 0.13984375
2 0.9859375 0.36953125 0.02734375 0.06640625
2 0.809375 0.1765625 0.04375 0.0625
2 0.6234375 0.1421875 0.0421875 0.04921875
2 0.546875 0.1125 0.04375 0.0390625
2 0.76171875 0.38203125 0.05234375 0.065625
2 0.68046875 0.34296875 0.05390625 0.06328125
2 0.83671875 0.396875 0.04765625 0.06796875
2 0.525 0.31953125 0.0453125 0.0546875
2 0.68046875 0.11171875 0.03046875 0.04609375
2 0.72109375 0.1171875 0.034375 0.04921875
2 0.75390625 0.125 0.03125 0.05625
2 0.8515625 0.0921875 0.03515625 0.04375
2 0.8515625 0.51796875 0.0515625 0.08125
2 0.7953125 0.51015625 0.06015625 0.09375
2 0.77265625 0.6609375 0.07265625 0.10546875
2 0.76796875 0.884375 0.07109375 0.08984375
2 0.8078125 0.96484375 0.0671875 0.0703125
2 0.63125 0.92890625 0.046875 0.04140625
2 0.63515625 0.85 0.065625 0.12265625
2 0.63125 0.971875 0.059375 0.05625
2 0.50234375 0.95546875 0.0640625 0.0890625
2 0.440625 0.971875 0.0546875 0.05625
2 0.4828125 0.02421875 0.03828125 0.04609375
2 0.42265625 0.1 0.03828125 0.05
2 0.3484375 0.209375 0.03046875 0.05
2 0.434375 0.20390625 0.0296875 0.05078125
2 0.48125 0.18828125 0.03515625 0.0328125
2 0.41796875 0.2796875 0.05078125 0.0625
2 0.41015625 0.3484375 0.04375 0.05859375
2 0.20546875 0.25390625 0.02734375 0.06171875
2 0.21640625 0.32578125 0.04765625 0.05546875
2 0.2796875 0.4125 0.05 0.07109375
2 0.30390625 0.36171875 0.0453125 0.0625
2 0.34765625 0.365625 0.04296875 0.07109375
2 0.353125 0.43125 0.04609375 0.06171875
2 0.38203125 0.38671875 0.0453125 0.0484375
2 0.43515625 0.44296875 0.046875 0.07265625
2 0.5875 0.35703125 0.0390625 0.053125
2 0.5375 0.3578125 0.04296875 0.04765625
2 0.52890625 0.40078125 0.0359375 0.0609375
2 0.66328125 0.465625 0.04765625 0.059375
2 0.61484375 0.47265625 0.05 0.075
2 0.56875 0.46484375 0.04609375 0.08203125
2 0.59609375 0.53203125 0.0296875 0.06796875
2 0.484375 0.48828125 0.0375 0.071875
2 0.51484375 0.52265625 0.06171875 0.08515625
2 0.28125 0.50625 0.03984375 0.05546875
2 0.37578125 0.5234375 0.05078125 0.0734375
2 0.50703125 0.65078125 0.06875 0.10703125
2 0.5765625 0.63671875 0.05859375 0.0890625
2 0.6109375 0.59609375 0.0609375 0.0984375
2 0.61484375 0.72890625 0.07421875 0.10546875
2 0.38671875 0.75859375 0.0578125 0.096875
2 0.46328125 0.84921875 0.06953125 0.1296875
2 0.1296875 0.29921875 0.04296875 0.06171875
2 0.16484375 0.47265625 0.0484375 0.05703125
2 0.23203125 0.4625 0.05859375 0.07578125
2 0.06640625 0.45625 0.05546875 0.0578125
2 0.08203125 0.34609375 0.04921875 0.07578125
2 0.028125 0.64609375 0.05390625 0.08984375
2 0.09375 0.57421875 0.05703125 0.078125
2 0.1875 0.51015625 0.05546875 0.065625