2 0.6765625 0.37578125 0.0390625 0.06171875
2 0.48046875 0.41328125 0.028125 0.0390625
2 0.5140625 0.45703125 0.0359375 0.053125
2 0.56640625 0.4703125 0.053125 0.0828125
2 0.6140625 0.428125 0.0375 0.065625
2 0.8484375 0.62421875 0.065625 0.0921875
2 0.790625 0.88828125 0.0921875 0.13828125
2 0.75625 0.7578125 0.0578125 0.12265625
2 0.71328125 0.75625 0.05390625 0.09296875
2 0.459375 0.94921875 0.0609375 0.1015625
2 0.43046875 0.68671875 0.04453125 0.053125
2 0.47265625 0.615625 0.05 0.05703125