2 0.290625 0.565625 0.021875 0.03203125
2 0.29765625 0.53828125 0.0265625 0.02421875
3 0.3640625 0.475 0.0546875 0.065625
0 0.58203125 0.50703125 0.04765625 0.06328125
2 0.93984375 0.94140625 0.0734375 0.1015625
2 0.86796875 0.7765625 0.06171875 0.05625
2 0.790625 0.803125 0.06796875 0.10546875
2 0.68125 0.678125 0.0421875 0.05859375
2 0.728125 0.60390625 0.05234375 0.071875
2 0.615625 0.49140625 0.03515625 0.0484375
2 0.69609375 0.5125 0.0375 0.046875
2 0.6296875 0.559375 0.03515625 0.040625
2 0.66640625 0.5625 0.03671875 0.05546875
2 0.6640625 0.5328125 0.03046875 0.0328125
2 0.6296875 0.53046875 0.03203125 0.02890625
2 0.59609375 0.64609375 0.0515625 0.03046875
2 0.52109375 0.67578125 0.04375 0.053125
2 0.52421875 0.63671875 0.0359375 0.04140625
2 0.5609375 0.66953125 0.03203125 0.04296875
2 0.62421875 0.7359375 0.0515625 0.07421875
2 0.71953125 0.71796875 0.04765625 0.06640625
2 0.6625 0.93046875 0.0515625 0.07109375
2 0.7296875 0.9703125 0.0546875 0.059375
2 0.98203125 0.74765625 0.03515625 0.07734375
2 0.41953125 0.515625 0.03203125 0.04609375
2 0.39609375 0.50703125 0.03046875 0.02578125
2 0.4640625 0.50703125 0.03359375 0.03203125
2 0.4703125 0.47578125 0.025 0.040625
2 0.35078125 0.6015625 0.03359375 0.05078125
2 0.35546875 0.634375 0.0390625 0.04296875