2 0.59453125 0.51875 0.034375 0.053125
2 0.5984375 0.37890625 0.03203125 0.04453125
2 0.55078125 0.525 0.0359375 0.0328125
2 0.6296875 0.55703125 0.0359375 0.053125
2 0.54375 0.58515625 0.0375 0.05546875
2 0.5375 0.4671875 0.046875 0.0421875
2 0.4203125 0.46328125 0.02890625 0.03984375
2 0.40859375 0.50078125 0.03828125 0.05078125
2 0.478125 0.57265625 0.03671875 0.04375
2 0.5578125 0.69921875 0.0484375 0.06640625
2 0.4640625 0.70703125 0.04921875 0.0625
2 0.4375 0.67109375 0.0515625 0.07109375
2 0.66875 0.94921875 0.05078125 0.1015625
2 0.60859375 0.85546875 0.04921875 0.0953125
1 0.3875 0.64296875 0.046875 0.0765625
3 0.95703125 0.90546875 0.0859375 0.1890625