2 0.5609375 0.60078125 0.04765625 0.07578125
2 0.5234375 0.946875 0.06640625 0.10546875
2 0.60078125 0.93828125 0.0609375 0.12265625
2 0.896875 0.91640625 0.1125 0.1234375
2 0.8359375 0.815625 0.084375 0.13359375
2 0.45859375 0.5890625 0.04296875 0.06328125
2 0.415625 0.68046875 0.05625 0.08984375
2 0.44296875 0.69921875 0.059375 0.07578125
2 0.38828125 0.81015625 0.04296875 0.0859375
2 0.4703125 0.76015625 0.05078125 0.10078125
2 0.5171875 0.678125 0.0578125 0.09296875
2 0.8828125 0.5828125 0.07421875 0.1171875
2 0.68671875 0.46796875 0.040625 0.0828125
2 0.69453125 0.5484375 0.05703125 0.0953125
2 0.65 0.4625 0.04375 0.07265625
2 0.76015625 0.39609375 0.04609375 0.0609375