2 0.32109375 0.52265625 0.025 0.040625
2 0.32578125 0.48515625 0.034375 0.0328125
3 0.4640625 0.53671875 0.0625 0.08203125
3 0.4078125 0.40546875 0.0671875 0.08046875
2 0.815625 0.54140625 0.04609375 0.065625
2 0.78828125 0.61875 0.04921875 0.08046875
0 0.66875 0.503125 0.059375 0.084375
2 0.39609375 0.74375 0.0546875 0.0859375
2 0.3984375 0.62890625 0.04375 0.06484375
2 0.38828125 0.58359375 0.0328125 0.07578125
2 0.615625 0.7453125 0.0609375 0.090625
2 0.52734375 0.4765625 0.03984375 0.0453125
2 0.46953125 0.47578125 0.03984375 0.05703125
2 0.3921875 0.49921875 0.0375 0.03671875
2 0.44140625 0.46171875 0.03828125 0.034375
2 0.775 0.56875 0.04609375 0.06640625
2 0.55390625 0.38203125 0.03984375 0.053125
2 0.8171875 0.7765625 0.06484375 0.090625
2 0.8703125 0.69296875 0.0484375 0.08359375
2 0.69765625 0.30625 0.03515625 0.04296875
2 0.6609375 0.22421875 0.03125 0.03828125
2 0.28515625 0.290625 0.03203125 0.040625