2 0.46328125 0.11484375 0.040625 0.05546875
2 0.40625 0.025 0.04375 0.05
2 0.45546875 0.17421875 0.04140625 0.05703125
2 0.32734375 0.153125 0.0421875 0.08046875
2 0.26640625 0.11640625 0.03203125 0.0640625
2 0.271875 0.25 0.0578125 0.08359375
2 0.11875 0.29296875 0.053125 0.08984375
2 0.2265625 0.2125 0.04921875 0.06875
2 0.325 0.45078125 0.046875 0.078125
2 0.278125 0.534375 0.0453125 0.103125
2 0.29375 0.59921875 0.05625 0.09921875
2 0.2375 0.525 0.0703125 0.0921875
2 0.5453125 0.1375 0.0421875 0.05625
2 0.76640625 0.18984375 0.05078125 0.0703125
2 0.62109375 0.21875 0.05546875 0.07421875
2 0.6515625 0.29453125 0.05625 0.08125
2 0.57890625 0.27421875 0.06328125 0.0875
2 0.49296875 0.221875 0.046875 0.08828125
2 0.40078125 0.30546875 0.06796875 0.0765625
2 0.46171875 0.42890625 0.06171875 0.06796875
2 0.42890625 0.5078125 0.06796875 0.09296875
2 0.38046875 0.58046875 0.07265625 0.11796875
2 0.6625 0.415625 0.0765625 0.10546875
2 0.6796875 0.5 0.078125 0.0859375
2 0.371875 0.74765625 0.090625 0.1515625
2 0.446875 0.60390625 0.05 0.09296875
2 0.50625 0.62421875 0.08046875 0.1359375
2 0.503125 0.73984375 0.078125 0.1359375
2 0.58984375 0.7546875 0.08515625 0.18125
2 0.4578125 0.89453125 0.0921875 0.1640625
2 0.7296875 0.89140625 0.065625 0.09453125
2 0.70234375 0.8125 0.09609375 0.16796875
2 0.77890625 0.94140625 0.0671875 0.1171875
2 0.9515625 0.846875 0.071875 0.13203125
2 0.84921875 0.7609375 0.05703125 0.07890625
2 0.87421875 0.6234375 0.078125 0.14453125
2 0.78984375 0.60546875 0.07265625 0.14921875
2 0.96875 0.13515625 0.0625 0.06796875
3 0.89609375 0.16328125 0.11640625 0.171875
3 0.58359375 0.040625 0.096875 0.078125
2 0.03984375 0.58671875 0.0453125 0.09609375
2 0.06875 0.70390625 0.0828125 0.13671875