2 0.45703125 0.10078125 0.03828125 0.0640625
2 0.45078125 0.1640625 0.04609375 0.0609375
2 0.28671875 0.06953125 0.04375 0.06171875
2 0.25546875 0.25 0.053125 0.090625
2 0.39453125 0.01796875 0.04375 0.03515625
2 0.24765625 0.1046875 0.03359375 0.0609375
2 0.315625 0.1453125 0.05 0.0765625
2 0.0625 0.50234375 0.04296875 0.0765625
2 0.01875 0.61484375 0.03515625 0.09921875
2 0.04296875 0.7546875 0.08359375 0.16875
2 0.0953125 0.29921875 0.05 0.08671875
2 0.20859375 0.21640625 0.05703125 0.065625
3 0.57578125 0.03359375 0.1078125 0.0671875
2 0.7296875 0.85234375 0.103125 0.171875
2 0.8828125 0.7859375 0.0625 0.08125
2 0.815625 0.9609375 0.0734375 0.078125
2 0.759375 0.9359375 0.0828125 0.11015625
2 0.5453125 0.1296875 0.05 0.07421875
2 0.4921875 0.2109375 0.05546875 0.09921875
2 0.396875 0.3046875 0.06640625 0.08125
2 0.65859375 0.28984375 0.06640625 0.07265625
2 0.62578125 0.209375 0.0609375 0.08359375
2 0.5828125 0.26953125 0.06953125 0.0921875
2 0.315625 0.46875 0.059375 0.078125
2 0.28515625 0.62421875 0.05703125 0.10390625
2 0.265625 0.5640625 0.05234375 0.10390625
2 0.22421875 0.5484375 0.075 0.10078125
2 0.6953125 0.51015625 0.08046875 0.08828125
2 0.67578125 0.41953125 0.08515625 0.11953125
2 0.4609375 0.4390625 0.06171875 0.07578125
2 0.43046875 0.521875 0.0734375 0.10546875
2 0.38125 0.60390625 0.08203125 0.12578125
2 0.375 0.778125 0.09765625 0.159375
2 0.51171875 0.771875 0.0859375 0.1390625
2 0.515625 0.646875 0.08671875 0.14921875
2 0.4640625 0.921875 0.096875 0.15546875
2 0.60703125 0.77734375 0.08828125 0.1859375
2 0.9109375 0.6328125 0.09375 0.153125
2 0.81640625 0.6109375 0.084375 0.14921875
2 0.77734375 0.18046875 0.05703125 0.0734375
3 0.91015625 0.14609375 0.12109375 0.17421875