2 0.290625 0.5546875 0.02109375 0.0375
2 0.2703125 0.565625 0.02578125 0.0390625
2 0.1796875 0.65703125 0.02890625 0.03671875
2 0.09921875 0.65234375 0.03671875 0.0453125
2 0.08828125 0.6984375 0.0328125 0.04140625
2 0.4625 0.51953125 0.02421875 0.0359375
2 0.74921875 0.69921875 0.04140625 0.05625
2 0.778125 0.63671875 0.04296875 0.05078125
2 0.76484375 0.5921875 0.0359375 0.04609375
2 0.98046875 0.73828125 0.0390625 0.0609375
2 0.88984375 0.74453125 0.053125 0.0609375
2 0.82578125 0.86875 0.05546875 0.06640625
2 0.59453125 0.825 0.0375 0.07109375
2 0.55625 0.8359375 0.03046875 0.04140625
2 0.49765625 0.703125 0.0328125 0.05078125
2 0.4703125 0.8546875 0.03515625 0.06796875
3 0.6921875 0.5796875 0.05 0.0671875
3 0.28671875 0.65390625 0.03984375 0.05625
2 0.446875 0.5734375 0.0203125 0.028125
2 0.434375 0.60625 0.025 0.03359375