2 0.85625 0.1265625 0.0359375 0.0515625
2 0.3484375 0.46640625 0.034375 0.05078125
2 0.8953125 0.5875 0.05703125 0.09140625
2 0.84140625 0.55625 0.05234375 0.0640625
2 0.3203125 0.61796875 0.04921875 0.06953125
2 0.4046875 0.56796875 0.053125 0.0640625
2 0.55390625 0.75 0.05 0.07890625
2 0.52109375 0.80703125 0.06796875 0.115625
1 0.65390625 0.590625 0.04296875 0.0625
2 0.71171875 0.7328125 0.0515625 0.0890625
2 0.665625 0.740625 0.0375 0.05703125
2 0.5390625 0.43203125 0.0421875 0.05078125
2 0.5328125 0.51171875 0.03984375 0.05
2 0.571875 0.5546875 0.04296875 0.0625
2 0.925 0.50234375 0.0484375 0.05859375
2 0.90234375 0.44765625 0.05 0.06640625
3 0.80390625 0.41328125 0.0625 0.078125
3 0.2875 0.45859375 0.07109375 0.07109375
2 0.50234375 0.30234375 0.028125 0.0390625
2 0.49375 0.36875 0.034375 0.03359375
2 0.4828125 0.41796875 0.03046875 0.03125
2 0.27265625 0.334375 0.03359375 0.04765625
2 0.29453125 0.32578125 0.02421875 0.04921875
2 0.33125 0.37109375 0.02265625 0.04375
2 0.2171875 0.5171875 0.04140625 0.0640625
2 0.1625 0.44609375 0.02890625 0.03671875
2 0.04921875 0.48984375 0.03671875 0.04765625
2 0.471875 0.653125 0.04609375 0.0640625
2 0.5953125 0.66328125 0.053125 0.08046875
2 0.16796875 0.65234375 0.05234375 0.06875