2 0.9421875 0.90625 0.07109375 0.11015625
2 0.83984375 0.96640625 0.0578125 0.0671875
2 0.765625 0.95625 0.0625 0.0875
2 0.72734375 0.9171875 0.059375 0.07265625
2 0.59453125 0.76484375 0.07734375 0.1625
2 0.4640625 0.87421875 0.08515625 0.16640625
2 0.52421875 0.63203125 0.075 0.125
2 0.515625 0.7375 0.0796875 0.1234375
2 0.47421875 0.59921875 0.0484375 0.07890625
2 0.3921875 0.721875 0.090625 0.1421875
2 0.41171875 0.57421875 0.07265625 0.11015625
2 0.46171875 0.51015625 0.06171875 0.08984375
2 0.365625 0.43828125 0.04609375 0.06796875
2 0.33203125 0.575 0.05 0.08671875
2 0.3171875 0.5140625 0.046875 0.08515625
2 0.284375 0.49921875 0.065625 0.0875
2 0.1234375 0.63515625 0.07265625 0.13359375
2 0.65703125 0.26484375 0.05546875 0.08046875
2 0.7 0.834375 0.090625 0.153125
2 0.8765625 0.68671875 0.0734375 0.14296875
2 0.80390625 0.65390625 0.06171875 0.13203125
2 0.68828125 0.459375 0.07265625 0.11640625
2 0.615625 0.3140625 0.05859375 0.08125
2 0.5328125 0.24921875 0.05 0.08125
2 0.4640625 0.04765625 0.04609375 0.05625
2 0.44453125 0.3203125 0.06015625 0.06640625
2 0.32265625 0.24921875 0.04609375 0.0703125
2 0.190625 0.27109375 0.0515625 0.07421875
2 0.28671875 0.20703125 0.04296875 0.065625
2 0.67421875 0.03203125 0.04453125 0.06328125
3 0.9328125 0.25234375 0.1203125 0.17734375
3 0.62890625 0.0734375 0.084375 0.096875