2 0.6859375 0.7109375 0.046875 0.08046875
2 0.72109375 0.78203125 0.053125 0.08203125
2 0.309375 0.06171875 0.07890625 0.1140625
2 0.36171875 0.271875 0.05390625 0.10703125
2 0.53359375 0.05625 0.0734375 0.1078125
2 0.50859375 0.21015625 0.05703125 0.09375
2 0.6015625 0.31015625 0.05 0.1046875
2 0.71875 0.203125 0.053125 0.084375
2 0.846875 0.43828125 0.05625 0.078125
2 0.88359375 0.13671875 0.0453125 0.0765625
2 0.95078125 0.16796875 0.0578125 0.09296875
2 0.92578125 0.5453125 0.05234375 0.0953125
2 0.7875 0.7359375 0.0515625 0.0765625
2 0.8078125 0.5234375 0.04609375 0.07890625