2 0.43515625 0.88359375 0.03203125 0.0484375
2 0.9421875 0.86640625 0.040625 0.08125
2 0.434375 0.73515625 0.025 0.05078125
2 0.45625 0.76484375 0.0296875 0.0578125
2 0.58515625 0.575 0.04140625 0.05859375
2 0.1921875 0.58046875 0.02734375 0.03203125
2 0.61640625 0.8234375 0.0296875 0.0546875
2 0.5828125 0.7109375 0.02265625 0.0390625
2 0.4921875 0.74453125 0.02734375 0.05625
2 0.50625 0.86796875 0.03203125 0.0640625
2 0.4640625 0.96796875 0.02734375 0.06328125
2 0.71796875 0.796875 0.03671875 0.0546875
2 0.76484375 0.79609375 0.03515625 0.0546875
2 0.6453125 0.4859375 0.02734375 0.03359375
2 0.71328125 0.4796875 0.03203125 0.040625
2 0.7609375 0.42578125 0.03125 0.04140625
2 0.89921875 0.440625 0.0359375 0.04296875
2 0.87109375 0.73046875 0.04453125 0.06953125
2 0.88515625 0.8171875 0.03828125 0.0671875
2 0.90546875 0.94296875 0.03671875 0.06875
2 0.8625 0.94375 0.0390625 0.0734375
2 0.696875 0.95234375 0.0296875 0.05234375
2 0.709375 0.8984375 0.0375 0.06328125
2 0.565625 0.9 0.03828125 0.04921875