2 0.5515625 0.23671875 0.0515625 0.059375
2 0.9453125 0.6375 0.059375 0.0890625
2 0.325 0.671875 0.05703125 0.090625
2 0.61796875 0.82265625 0.07734375 0.13125
2 0.5671875 0.725 0.059375 0.10390625
2 0.4984375 0.775 0.06796875 0.13046875
2 0.5953125 0.66484375 0.06328125 0.11171875
2 0.34140625 0.37734375 0.05703125 0.07109375
2 0.6265625 0.50703125 0.04921875 0.06328125
2 0.57734375 0.53671875 0.04921875 0.07734375
2 0.53203125 0.5375 0.05078125 0.09296875
2 0.47890625 0.4828125 0.0453125 0.06328125
2 0.45 0.59296875 0.05078125 0.084375
2 0.484375 0.62421875 0.06875 0.1078125
2 0.3828125 0.56015625 0.053125 0.0859375
2 0.31484375 0.5109375 0.04765625 0.06953125
2 0.33828125 0.46328125 0.0515625 0.06640625
2 0.284375 0.578125 0.0546875 0.07421875
2 0.265625 0.503125 0.0546875 0.09296875
2 0.2125 0.51015625 0.0546875 0.08125
2 0.18671875 0.584375 0.06015625 0.08671875
2 0.04140625 0.69921875 0.078125 0.08984375
2 0.07109375 0.40859375 0.03984375 0.0859375
2 0.0953125 0.50078125 0.06953125 0.0828125
2 0.24453125 0.3171875 0.03828125 0.05390625
2 0.62421875 0.38203125 0.05234375 0.06015625
2 0.5328125 0.4140625 0.0421875 0.05390625
2 0.48203125 0.4296875 0.04296875 0.053125
2 0.46484375 0.39453125 0.053125 0.059375
2 0.31640625 0.17421875 0.0421875 0.05703125
2 0.3734375 0.071875 0.0421875 0.0546875
2 0.45546875 0.16171875 0.0421875 0.04921875
2 0.53203125 0.17734375 0.03515625 0.04609375
2 0.7140625 0.17578125 0.034375 0.06015625
2 0.80390625 0.509375 0.05078125 0.07265625
2 0.715625 0.4 0.0578125 0.08359375
3 0.85078125 0.334375 0.08046875 0.12109375
2 0.90703125 0.33203125 0.053125 0.0765625
2 0.7546875 0.5109375 0.0515625 0.078125
2 0.76796875 0.6796875 0.07109375 0.1046875
2 0.85390625 0.97578125 0.0640625 0.04765625
2 0.8015625 0.9234375 0.07421875 0.09296875
2 0.6671875 0.94296875 0.07578125 0.1140625