2 0.29609375 0.4953125 0.02578125 0.03984375
2 0.30625 0.46484375 0.03203125 0.0265625
3 0.4375 0.49609375 0.05234375 0.06171875
2 0.609375 0.659375 0.03828125 0.05234375
2 0.56328125 0.61640625 0.0453125 0.059375
3 0.3765625 0.38828125 0.0671875 0.065625
0 0.6234375 0.45859375 0.05859375 0.075
2 0.36875 0.46953125 0.0359375 0.03359375
2 0.3703125 0.54453125 0.04453125 0.05703125
2 0.371875 0.58359375 0.04296875 0.0421875
2 0.41328125 0.43671875 0.034375 0.03203125
2 0.440625 0.44453125 0.03671875 0.046875
2 0.565625 0.66796875 0.0515625 0.08203125
2 0.646875 0.6296875 0.053125 0.04140625
2 0.52265625 0.36171875 0.040625 0.0421875
2 0.49609375 0.40703125 0.0375 0.0484375
2 0.49375 0.440625 0.040625 0.03828125
2 0.68125 0.490625 0.04296875 0.0359375
2 0.7546875 0.48359375 0.040625 0.05546875
2 0.72734375 0.54453125 0.05078125 0.0734375
2 0.71875 0.50546875 0.0421875 0.0484375
2 0.796875 0.60390625 0.06015625 0.07265625
2 0.7484375 0.68046875 0.065625 0.08203125
2 0.26640625 0.2890625 0.03515625 0.03828125
2 0.6546875 0.28515625 0.02734375 0.03671875
2 0.365625 0.675 0.0546875 0.071875