2 0.896875 0.22421875 0.03515625 0.05546875
2 0.10859375 0.39453125 0.02890625 0.03828125
2 0.2125 0.378125 0.028125 0.0296875
2 0.2578125 0.46015625 0.0359375 0.053125
2 0.36875 0.346875 0.0234375 0.04296875
2 0.340625 0.2953125 0.0234375 0.03828125
2 0.3171875 0.3 0.03046875 0.04609375
2 0.37890625 0.43828125 0.03515625 0.034375
3 0.3265625 0.41796875 0.0625 0.0703125
2 0.5171875 0.37421875 0.02890625 0.0359375
2 0.53671875 0.31640625 0.02734375 0.040625
2 0.50625 0.41171875 0.0359375 0.040625
2 0.4296875 0.53984375 0.05625 0.059375
2 0.54765625 0.5203125 0.03359375 0.04921875
2 0.4 0.61953125 0.04453125 0.06796875
2 0.353125 0.665625 0.0421875 0.06171875
2 0.9078125 0.53359375 0.0484375 0.06015625
2 0.9265625 0.5953125 0.04765625 0.06328125
2 0.88828125 0.66796875 0.053125 0.0765625
2 0.83828125 0.6265625 0.04609375 0.059375
3 0.81484375 0.48671875 0.0609375 0.071875
2 0.58125 0.5640625 0.03828125 0.065625
2 0.69765625 0.7609375 0.04921875 0.07734375
2 0.6546875 0.7578125 0.034375 0.046875
2 0.55078125 0.74296875 0.04140625 0.07421875
2 0.5140625 0.78046875 0.05859375 0.09296875
1 0.6578125 0.61953125 0.05 0.05625
2 0.98046875 0.92578125 0.0390625 0.10390625
2 0.559375 0.4484375 0.03671875 0.04375
2 0.484375 0.63125 0.053125 0.0640625
2 0.34296875 0.56796875 0.04375 0.07109375
2 0.19921875 0.56953125 0.04765625 0.0640625
2 0.2375 0.5921875 0.04375 0.059375
2 0.0859375 0.74765625 0.0578125 0.0765625
2 0.07578125 0.63515625 0.03828125 0.053125