1 0.9671875 0.69453125 0.06484375 0.11171875
2 0.96015625 0.52109375 0.04140625 0.06875
2 0.759375 0.2765625 0.046875 0.0515625
3 0.0625 0.76796875 0.075 0.1125
2 0.03984375 0.58046875 0.034375 0.0515625
2 0.13671875 0.65234375 0.0421875 0.06640625
2 0.5375 0.73671875 0.071875 0.084375
2 0.509375 0.85234375 0.07265625 0.09140625
2 0.71796875 0.53125 0.03359375 0.071875
2 0.52109375 0.621875 0.0484375 0.06796875
2 0.5078125 0.50859375 0.03515625 0.0515625
2 0.4546875 0.40234375 0.03046875 0.05078125
2 0.7109375 0.36484375 0.03515625 0.04609375
2 0.23828125 0.5890625 0.0375 0.05546875
2 0.2765625 0.4671875 0.03125 0.04296875