2 0.71796875 0.92109375 0.06328125 0.09140625
2 0.78125 0.93671875 0.05703125 0.0890625
0 0.3546875 0.2921875 0.0421875 0.0640625
3 0.934375 0.6953125 0.13125 0.20546875
2 0.971875 0.6140625 0.05546875 0.103125
2 0.559375 0.81953125 0.071875 0.1375
2 0.4171875 0.88046875 0.07578125 0.10859375
2 0.46875 0.728125 0.04375 0.09453125
2 0.521875 0.671875 0.05546875 0.0796875
2 0.565625 0.63359375 0.0546875 0.08203125
2 0.65859375 0.615625 0.06640625 0.09609375
2 0.76640625 0.8140625 0.0515625 0.1046875
2 0.75703125 0.48828125 0.05078125 0.04453125