2 0.3984375 0.6203125 0.0546875 0.06640625
2 0.94140625 0.946875 0.0546875 0.10625
2 0.98046875 0.95234375 0.03828125 0.0953125
1 0.6375 0.63828125 0.040625 0.0515625
3 0.79921875 0.51796875 0.0578125 0.08203125
3 0.3265625 0.4296875 0.06328125 0.07265625
2 0.88046875 0.57109375 0.04453125 0.0625
2 0.89375 0.63203125 0.05078125 0.0609375
2 0.8546875 0.68984375 0.04609375 0.06875
2 0.8109375 0.65546875 0.04375 0.05703125
2 0.46640625 0.959375 0.05234375 0.08046875
2 0.49765625 0.77421875 0.06015625 0.08125
2 0.53125 0.74765625 0.046875 0.06875
2 0.671875 0.76953125 0.0453125 0.0828125
2 0.63046875 0.76796875 0.0328125 0.05390625
2 0.56796875 0.58046875 0.03671875 0.065625
2 0.5359375 0.34140625 0.0265625 0.040625
2 0.51484375 0.39921875 0.03359375 0.03046875
2 0.50625 0.43359375 0.04296875 0.03828125
2 0.55234375 0.46640625 0.03359375 0.040625
2 0.5390625 0.53671875 0.0359375 0.04375
2 0.4765625 0.6359375 0.0484375 0.05546875
2 0.42734375 0.54921875 0.0515625 0.05859375
2 0.38046875 0.44765625 0.03515625 0.03828125
2 0.37421875 0.3625 0.02265625 0.04921875
2 0.32578125 0.3171875 0.0296875 0.04140625
2 0.3453125 0.31328125 0.01953125 0.03828125
2 0.12890625 0.39765625 0.02890625 0.040625
2 0.21015625 0.56640625 0.0453125 0.0765625
2 0.34296875 0.56953125 0.03359375 0.06171875
2 0.3171875 0.59609375 0.03046875 0.046875
2 0.2421875 0.590625 0.04609375 0.059375
2 0.259375 0.46796875 0.04296875 0.05859375
2 0.221875 0.3875 0.02890625 0.0359375
2 0.09921875 0.7234375 0.05234375 0.0625
2 0.88671875 0.26875 0.03671875 0.05