2 0.528125 0.9828125 0.0640625 0.03359375
2 0.0625 0.3578125 0.05703125 0.07734375
2 0.48125 0.890625 0.06796875 0.14609375
2 0.6625 0.88203125 0.06875 0.13828125
2 0.6359375 0.7625 0.08046875 0.1296875
2 0.62890625 0.61171875 0.06328125 0.0984375
2 0.59453125 0.653125 0.0609375 0.09921875
2 0.52265625 0.67578125 0.06875 0.1140625
2 0.44375 0.82734375 0.05703125 0.10625
2 0.396875 0.796875 0.06015625 0.11328125
2 0.6390625 0.19453125 0.05078125 0.053125
2 0.81875 0.16796875 0.0421875 0.05546875
2 0.80859375 0.06640625 0.028125 0.03984375
2 0.7671875 0.121875 0.02890625 0.0515625
2 0.728125 0.1078125 0.034375 0.040625
2 0.68359375 0.103125 0.0296875 0.03671875
2 0.62734375 0.1375 0.0375 0.05078125
2 0.5484375 0.10546875 0.040625 0.04609375
3 0.9453125 0.359375 0.09140625 0.13984375
2 0.84140625 0.978125 0.0640625 0.04375
2 0.79921875 0.91015625 0.06875 0.0890625
2 0.4171875 0.09453125 0.03828125 0.05
2 0.3421875 0.2109375 0.034375 0.05078125
2 0.43359375 0.20546875 0.03359375 0.04453125
2 0.70703125 0.1875 0.040625 0.059375
2 0.7734375 0.38671875 0.04921875 0.0734375
2 0.690625 0.346875 0.0546875 0.0625
2 0.5328125 0.32109375 0.0515625 0.05390625
2 0.54453125 0.36015625 0.04296875 0.04921875
2 0.59609375 0.36015625 0.03828125 0.05625
2 0.41875 0.28515625 0.05234375 0.06953125
2 0.41171875 0.35546875 0.0453125 0.059375
2 0.8109375 0.51484375 0.0640625 0.08828125
2 0.8578125 0.39375 0.04609375 0.07421875
2 0.86953125 0.5265625 0.05 0.08203125
2 0.84453125 0.59765625 0.04453125 0.06640625
2 0.80703125 0.28828125 0.034375 0.05703125
2 0.6796875 0.4734375 0.05234375 0.05859375
2 0.628125 0.48125 0.0515625 0.06875
2 0.57890625 0.4765625 0.05 0.0859375
2 0.6078125 0.5484375 0.03359375 0.06171875
2 0.5359375 0.41015625 0.03984375 0.0640625
2 0.9875 0.684375 0.02421875 0.084375
2 0.80078125 0.67578125 0.07734375 0.11015625
2 0.0453125 0.48515625 0.0625 0.07109375
2 0.11484375 0.309375 0.046875 0.06328125
2 0.20390625 0.33828125 0.04765625 0.06171875
2 0.1921875 0.259375 0.03359375 0.06875
2 0.153125 0.48671875 0.0515625 0.075
2 0.07890625 0.61171875 0.06171875 0.09296875
2 0.0171875 0.6859375 0.034375 0.09921875
2 0.27734375 0.43203125 0.05390625 0.07109375
2 0.29921875 0.3734375 0.04765625 0.0640625
2 0.34609375 0.37890625 0.04765625 0.071875
2 0.35625 0.446875 0.04921875 0.0609375
2 0.38359375 0.39765625 0.04921875 0.06171875
2 0.44375 0.45703125 0.04765625 0.075
2 0.4984375 0.503125 0.0484375 0.07890625
2 0.5265625 0.540625 0.06328125 0.09609375
2 0.27578125 0.5296875 0.04375 0.06796875
2 0.38125 0.54296875 0.05546875 0.08515625