2 0.934375 0.48671875 0.03671875 0.06484375
2 0.5203125 0.48984375 0.02890625 0.04609375
2 0.715625 0.5109375 0.02890625 0.065625
2 0.5203125 0.790625 0.06171875 0.08359375
2 0.5578125 0.94921875 0.0546875 0.08515625
1 0.95390625 0.64375 0.09140625 0.11875
2 0.53203125 0.58828125 0.0390625 0.053125
2 0.26640625 0.5796875 0.0359375 0.05390625
2 0.171875 0.640625 0.03828125 0.0609375
2 0.46796875 0.40625 0.02734375 0.05390625
2 0.6859375 0.253125 0.0375 0.059375
2 0.75546875 0.28046875 0.0375 0.04140625
2 0.35859375 0.77890625 0.03515625 0.059375
3 0.10234375 0.74140625 0.05390625 0.10390625
2 0.08125 0.57734375 0.03046875 0.05390625
2 0.3046875 0.475 0.0296875 0.05078125
2 0.64296875 0.50078125 0.03671875 0.05390625