2 0.07734375 0.63125 0.04296875 0.053125
2 0.0578125 0.55859375 0.0453125 0.04609375
2 0.07734375 0.4828125 0.0328125 0.05859375
2 0.109375 0.440625 0.03046875 0.0453125
2 0.18125 0.5359375 0.04140625 0.04609375
2 0.21875 0.56328125 0.03046875 0.04140625
2 0.33984375 0.7640625 0.04765625 0.096875
2 0.45703125 0.91953125 0.04921875 0.08125
2 0.3890625 0.86953125 0.0421875 0.06796875
2 0.45703125 0.8328125 0.03515625 0.0578125
2 0.459375 0.78671875 0.0359375 0.0421875
2 0.4609375 0.73828125 0.04609375 0.0796875
2 0.459375 0.65546875 0.04453125 0.06484375
2 0.434375 0.609375 0.05390625 0.065625
2 0.38125 0.6265625 0.03828125 0.07109375
2 0.2921875 0.55625 0.0328125 0.0453125
2 0.13046875 0.55234375 0.0359375 0.03671875
2 0.275 0.503125 0.0296875 0.03984375
2 0.2734375 0.45703125 0.034375 0.0484375
2 0.2390625 0.46328125 0.03359375 0.046875
2 0.2171875 0.50234375 0.03125 0.04453125
2 0.5046875 0.48203125 0.02734375 0.03828125
2 0.45703125 0.571875 0.04296875 0.0546875
2 0.46640625 0.48984375 0.03671875 0.04375
2 0.43125 0.4859375 0.03671875 0.04921875
2 0.3875 0.5390625 0.0453125 0.05703125
2 0.33671875 0.496875 0.03671875 0.04765625
2 0.31875 0.4375 0.03203125 0.03984375
2 0.415625 0.421875 0.0328125 0.0296875
2 0.40625 0.45546875 0.02421875 0.04453125
2 0.453125 0.41484375 0.0265625 0.0421875
2 0.1734375 0.45 0.0359375 0.0390625
2 0.27890625 0.3515625 0.02109375 0.03125
2 0.97421875 0.18828125 0.046875 0.053125
2 0.64140625 0.3984375 0.03203125 0.04609375
2 0.5390625 0.22578125 0.02109375 0.03203125
2 0.5671875 0.22421875 0.02890625 0.03515625
2 0.340625 0.259375 0.03046875 0.0390625
2 0.40625 0.39765625 0.03828125 0.0390625
2 0.4984375 0.296875 0.0359375 0.0421875
2 0.521875 0.3953125 0.0375 0.04609375
2 0.63671875 0.2515625 0.028125 0.04921875
2 0.49453125 0.25703125 0.028125 0.03359375
2 0.4328125 0.24921875 0.03515625 0.03203125
2 0.58046875 0.40234375 0.03515625 0.0484375
2 0.6453125 0.49140625 0.040625 0.05390625
2 0.6046875 0.49296875 0.04140625 0.05703125
2 0.57734375 0.5953125 0.04609375 0.06953125
2 0.55859375 0.73984375 0.0515625 0.059375
2 0.734375 0.825 0.0515625 0.090625
2 0.5921875 0.96484375 0.0671875 0.0703125
2 0.6578125 0.97109375 0.05859375 0.0578125
2 0.75546875 0.9484375 0.05390625 0.103125
2 0.771875 0.36953125 0.04140625 0.05
2 0.88671875 0.34453125 0.04453125 0.06640625
3 0.8265625 0.68359375 0.1078125 0.1515625
3 0.71953125 0.3703125 0.0625 0.09453125