2 0.45 0.259375 0.053125 0.07109375
2 0.2359375 0.50703125 0.06171875 0.09296875
2 0.25625 0.59921875 0.05859375 0.08125
2 0.40546875 0.54375 0.04453125 0.075
2 0.40234375 0.48828125 0.04453125 0.065625
2 0.378125 0.4625 0.06015625 0.065625
2 0.31875 0.68671875 0.06484375 0.09921875
2 0.47734375 0.8515625 0.0796875 0.13828125
2 0.38828125 0.678125 0.03984375 0.10078125
2 0.4390625 0.696875 0.07890625 0.11640625
2 0.47421875 0.5765625 0.06015625 0.09453125
2 0.52421875 0.55234375 0.05546875 0.07421875
2 0.525 0.63203125 0.0359375 0.0734375
2 0.5625 0.68203125 0.06796875 0.10703125
2 0.5390625 0.76171875 0.06953125 0.11328125
2 0.609375 0.834375 0.07578125 0.15390625
2 0.684375 0.9296875 0.08125 0.140625
2 0.8703125 0.9046875 0.06171875 0.14375
2 0.8078125 0.834375 0.0609375 0.115625
2 0.45234375 0.45078125 0.0484375 0.0640625
2 0.56328125 0.50234375 0.05546875 0.0578125
2 0.7296875 0.603125 0.07109375 0.103125
2 0.74140625 0.496875 0.046875 0.0609375
2 0.6875 0.4453125 0.053125 0.06875
2 0.7 0.4109375 0.034375 0.04453125
2 0.7375 0.41484375 0.0453125 0.06875
2 0.5375 0.37265625 0.05546875 0.06640625
2 0.5046875 0.2109375 0.0390625 0.05859375
2 0.2828125 0.35078125 0.034375 0.05
2 0.23203125 0.40703125 0.04296875 0.0640625
2 0.12265625 0.48671875 0.040625 0.06640625
2 0.17890625 0.303125 0.0515625 0.06640625
2 0.62890625 0.35546875 0.05078125 0.08671875
2 0.23203125 0.16796875 0.040625 0.059375
2 0.328125 0.2265625 0.0484375 0.0578125
2 0.421875 0.21015625 0.046875 0.05234375
2 0.46640625 0.14765625 0.03046875 0.0390625
2 0.5046875 0.13046875 0.03125 0.0390625
3 0.74140625 0.23046875 0.0859375 0.1234375
2 0.88984375 0.13515625 0.05390625 0.06328125
2 0.79375 0.21171875 0.0484375 0.0609375
3 0.9765625 0.52109375 0.04609375 0.15078125
2 0.596875 0.1359375 0.0390625 0.06171875
2 0.8796875 0.484375 0.05234375 0.090625
2 0.16796875 0.659375 0.06171875 0.08046875
2 0.10625 0.715625 0.06484375 0.09765625