2 0.45234375 0.571875 0.03359375 0.053125
2 0.5796875 0.5078125 0.0375 0.04609375
2 0.7171875 0.446875 0.03125 0.04296875
2 0.7359375 0.48671875 0.0484375 0.04296875
2 0.69609375 0.47109375 0.03515625 0.05390625
2 0.809375 0.56796875 0.05234375 0.0359375
2 0.6671875 0.55703125 0.0421875 0.0609375
2 0.60703125 0.59140625 0.04609375 0.0671875
2 0.553125 0.44609375 0.034375 0.028125
2 0.5046875 0.47109375 0.03984375 0.05546875
3 0.96875 0.771875 0.0609375 0.15390625
2 0.83984375 0.94375 0.0609375 0.10390625
2 0.76875 0.71484375 0.05234375 0.0578125
2 0.70859375 0.7046875 0.06796875 0.08671875
2 0.67109375 0.953125 0.07265625 0.09375
2 0.60703125 0.9328125 0.0734375 0.10859375
2 0.60859375 0.7234375 0.0546875 0.078125
2 0.565625 0.7546875 0.0625 0.08046875
2 0.51328125 0.81953125 0.0453125 0.08671875
2 0.4875 0.8890625 0.06015625 0.09140625
2 0.453125 0.96171875 0.0734375 0.0765625
0 0.38984375 0.3625 0.03515625 0.05234375