2 0.21875 0.11328125 0.059375 0.07578125
2 0.240625 0.0390625 0.08671875 0.0734375
2 0.7796875 0.5828125 0.040625 0.06875
2 0.678125 0.5234375 0.04609375 0.07421875
2 0.721875 0.578125 0.0546875 0.08359375
2 0.775 0.5125 0.046875 0.06640625
2 0.89453125 0.2765625 0.0484375 0.0734375
2 0.78125 0.31171875 0.0484375 0.08125
2 0.81171875 0.215625 0.0421875 0.08046875
2 0.6546875 0.12421875 0.05 0.08828125
2 0.5609375 0.16640625 0.053125 0.09609375
2 0.4546875 0.09609375 0.04765625 0.08125
2 0.3171875 0.20078125 0.05390625 0.08359375