2 0.73359375 0.73515625 0.0296875 0.05
2 0.43984375 0.75 0.03046875 0.05
2 0.71875 0.3265625 0.02421875 0.040625
2 0.7078125 0.52890625 0.03515625 0.04375
2 0.6875 0.615625 0.03671875 0.05078125
2 0.88203125 0.62421875 0.03828125 0.05234375
2 0.80625 0.63515625 0.04375 0.04921875
2 0.4671875 0.6375 0.03125 0.0484375
2 0.5140625 0.734375 0.025 0.03671875
2 0.68359375 0.859375 0.0515625 0.07265625
2 0.76484375 0.9671875 0.0609375 0.065625
3 0.64140625 0.51875 0.03828125 0.053125
3 0.48984375 0.96875 0.0828125 0.0625