2 0.64296875 0.63203125 0.05078125 0.06953125
1 0.68984375 0.853125 0.05078125 0.05390625
1 0.77265625 0.85234375 0.08203125 0.06171875
1 0.9328125 0.7546875 0.13359375 0.08046875
2 0.909375 0.80234375 0.03984375 0.0765625
2 0.82734375 0.746875 0.05390625 0.07109375
2 0.7796875 0.68359375 0.053125 0.06875
2 0.66171875 0.9265625 0.05 0.0828125
2 0.9125 0.9671875 0.07578125 0.065625
2 0.671875 0.7078125 0.04140625 0.06171875
2 0.4625 0.6953125 0.0375 0.06328125
2 0.690625 0.54296875 0.0421875 0.06328125