2 0.82265625 0.28828125 0.0296875 0.0515625
2 0.31328125 0.4375 0.0203125 0.04140625
2 0.29453125 0.44765625 0.02734375 0.03671875
2 0.10234375 0.56328125 0.03359375 0.04453125
2 0.11171875 0.51328125 0.03046875 0.04296875
2 0.49609375 0.43203125 0.028125 0.04765625
2 0.8296875 0.571875 0.046875 0.0515625
2 0.8484375 0.62578125 0.0453125 0.05625
2 0.81328125 0.69765625 0.05 0.071875
2 0.7671875 0.6640625 0.0453125 0.0609375
2 0.9765625 0.778125 0.046875 0.0875
2 0.90234375 0.91171875 0.06171875 0.090625
2 0.31875 0.6875 0.0390625 0.06328125
2 0.5375 0.6484375 0.0390625 0.06171875
2 0.50703125 0.81640625 0.0375 0.078125
2 0.603125 0.81171875 0.03203125 0.04609375
3 0.75 0.5453125 0.0578125 0.07265625
3 0.30390625 0.5578125 0.0671875 0.0734375
2 0.64375 0.81015625 0.0453125 0.0734375
2 0.3546875 0.56171875 0.0234375 0.04375
2 0.3421875 0.48203125 0.02265625 0.04921875