2 0.2546875 0.21640625 0.03203125 0.04296875
2 0.3421875 0.24296875 0.0390625 0.05
2 0.5484375 0.16171875 0.03046875 0.04296875
2 0.7578125 0.209375 0.03359375 0.040625
2 0.80078125 0.1484375 0.0390625 0.0390625
3 0.5 0.4015625 0.090625 0.1
3 0.60546875 0.61875 0.1 0.1296875
2 0.696875 0.37734375 0.0453125 0.0640625
2 0.7375 0.4734375 0.0453125 0.071875
2 0.68359375 0.45390625 0.05625 0.071875
2 0.68125 0.51953125 0.05703125 0.06328125
2 0.409375 0.5765625 0.04609375 0.0765625
2 0.6046875 0.5140625 0.05234375 0.07421875
2 0.565625 0.49765625 0.0515625 0.04140625
2 0.5046875 0.54453125 0.04765625 0.06015625
2 0.44453125 0.4828125 0.04921875 0.0640625
2 0.41875 0.5265625 0.0453125 0.0453125
2 0.5234375 0.690625 0.0546875 0.0984375
2 0.53671875 0.76328125 0.06796875 0.10546875
2 0.5484375 0.94296875 0.0734375 0.1140625
2 0.89140625 0.96015625 0.0921875 0.0796875
0 0.89609375 0.56953125 0.09140625 0.13671875
2 0.865625 0.65 0.05390625 0.08125
2 0.978125 0.64609375 0.0421875 0.0765625
2 0.96171875 0.56171875 0.04921875 0.078125
2 0.86953125 0.26328125 0.04296875 0.05234375
2 0.95 0.28046875 0.04921875 0.0609375
3 0.7375 0.1203125 0.0453125 0.059375