2 0.7078125 0.521875 0.053125 0.065625
2 0.246875 0.4484375 0.03046875 0.0578125
2 0.35703125 0.6703125 0.034375 0.05546875
2 0.65078125 0.51328125 0.04375 0.0484375
2 0.38125 0.80078125 0.05703125 0.09296875
2 0.4734375 0.5609375 0.034375 0.04453125
2 0.5109375 0.57734375 0.0375 0.0625
2 0.50078125 0.4171875 0.0296875 0.0421875
2 0.52265625 0.3125 0.028125 0.034375
2 0.6234375 0.4390625 0.040625 0.03203125
2 0.56640625 0.46875 0.04609375 0.071875
2 0.78203125 0.47890625 0.0484375 0.06171875
2 0.8359375 0.5046875 0.0640625 0.05859375
2 0.93203125 0.62109375 0.06484375 0.04765625
2 0.75859375 0.590625 0.046875 0.07421875
2 0.68671875 0.61484375 0.05078125 0.08125
2 0.88828125 0.80078125 0.06875 0.08125
2 0.81484375 0.7796875 0.07734375 0.109375
2 0.6984375 0.78984375 0.0640625 0.1015625
2 0.64921875 0.821875 0.071875 0.09765625
2 0.54765625 0.959375 0.053125 0.08046875
2 0.5875 0.89140625 0.0515625 0.10390625
2 0.13984375 0.57734375 0.0453125 0.0484375
0 0.43671875 0.325 0.04296875 0.059375
3 0.259375 0.35 0.04609375 0.05546875