2 0.5609375 0.6921875 0.03515625 0.0625
2 0.0453125 0.10078125 0.0796875 0.13828125
2 0.1546875 0.1625 0.0828125 0.11796875
2 0.2546875 0.3125 0.053125 0.1
2 0.36796875 0.159375 0.0515625 0.09140625
2 0.471875 0.17578125 0.04921875 0.09140625
2 0.634375 0.45859375 0.03671875 0.08671875
2 0.678125 0.490625 0.05703125 0.071875
2 0.7265625 0.46640625 0.0390625 0.06171875
2 0.715625 0.39765625 0.03359375 0.05234375
2 0.7078125 0.1296875 0.0421875 0.07109375
2 0.7625 0.04140625 0.05234375 0.08203125
2 0.78671875 0.15625 0.0453125 0.08359375
2 0.553125 0.10234375 0.0546875 0.0859375