3 0.6546875 0.296875 0.04453125 0.05859375
3 0.45390625 0.653125 0.09296875 0.12421875
2 0.64765625 0.6703125 0.06015625 0.0765625
2 0.6984375 0.68984375 0.0546875 0.09140625
2 0.65234375 0.7453125 0.06328125 0.0765625
2 0.57265625 0.7625 0.04140625 0.08203125
2 0.534375 0.74453125 0.05234375 0.0640625
2 0.4734375 0.81796875 0.053125 0.07421875
0 0.87109375 0.75234375 0.0953125 0.16015625
2 0.64765625 0.57734375 0.046875 0.07265625
2 0.965625 0.825 0.06171875 0.08828125
3 0.58984375 0.88203125 0.10234375 0.1484375