2 0.58359375 0.97578125 0.046875 0.04453125
2 0.46484375 0.9703125 0.071875 0.05859375
2 0.7484375 0.959375 0.05703125 0.08125
2 0.7140625 0.8828125 0.0640625 0.07890625
2 0.584375 0.934375 0.0421875 0.04140625
2 0.5890625 0.8671875 0.06328125 0.1125
2 0.421875 0.8734375 0.07265625 0.13515625
2 0.56875 0.7484375 0.06796875 0.10234375
2 0.93125 0.3828125 0.04921875 0.065625
3 0.86875 0.3796875 0.0796875 0.13046875
2 0.75078125 0.21796875 0.03671875 0.06171875
2 0.7765625 0.41328125 0.0359375 0.05546875
2 0.703125 0.4109375 0.04609375 0.0734375
2 0.73671875 0.525 0.0546875 0.07890625
2 0.790625 0.53203125 0.0515625 0.06796875
2 0.9109375 0.66796875 0.046875 0.071875
2 0.721875 0.6703125 0.06484375 0.1015625
2 0.578125 0.196875 0.03125 0.04375
2 0.5015625 0.171875 0.03515625 0.04765625
2 0.78828125 0.13671875 0.028125 0.04296875
2 0.6296875 0.16484375 0.03125 0.0359375
2 0.76171875 0.06640625 0.0328125 0.04921875
2 0.66875 0.1703125 0.028125 0.0421875
2 0.69921875 0.17109375 0.028125 0.040625
2 0.38359375 0.17265625 0.0390625 0.04765625
2 0.31484375 0.28203125 0.0296875 0.04375
2 0.10234375 0.38671875 0.0390625 0.06328125
2 0.1859375 0.40078125 0.0453125 0.05078125
2 0.175 0.33125 0.0296875 0.0609375
2 0.24609375 0.47734375 0.0453125 0.06796875
2 0.271875 0.42421875 0.04375 0.06015625
2 0.31328125 0.42734375 0.04140625 0.06171875
2 0.3734375 0.40625 0.04140625 0.05859375
2 0.3796875 0.34296875 0.0421875 0.059375
2 0.31875 0.490625 0.04453125 0.05390625
2 0.34296875 0.44453125 0.04296875 0.046875
2 0.396875 0.4921875 0.04375 0.06171875
2 0.340625 0.56953125 0.04921875 0.06171875
2 0.040625 0.5359375 0.05546875 0.06953125
2 0.065625 0.63671875 0.05625 0.06484375
2 0.1359375 0.540625 0.05 0.05859375
2 0.05625 0.428125 0.04375 0.078125
2 0.19921875 0.52890625 0.05703125 0.0734375
2 0.35 0.7890625 0.05 0.10078125
2 0.4828125 0.371875 0.05234375 0.05078125
2 0.49609375 0.40234375 0.03984375 0.04296875
2 0.5421875 0.39921875 0.03671875 0.04453125
2 0.4859375 0.44609375 0.0359375 0.0515625
2 0.44609375 0.5296875 0.0421875 0.0609375
2 0.5234375 0.5 0.0453125 0.0734375
2 0.56640625 0.509375 0.04296875 0.06875
2 0.61484375 0.49375 0.04296875 0.05703125
2 0.4703125 0.5609375 0.059375 0.08359375
2 0.5640625 0.621875 0.059375 0.0890625
2 0.5296875 0.66328125 0.05859375 0.08515625
2 0.46796875 0.68359375 0.05625 0.096875