1 0.9625 0.665625 0.0734375 0.103125
2 0.9515625 0.49453125 0.0375 0.0640625
2 0.7546875 0.27578125 0.0375 0.04921875
2 0.7125 0.3640625 0.034375 0.04609375
2 0.51328125 0.49453125 0.0375 0.053125
2 0.5125 0.82265625 0.06328125 0.08359375
2 0.5421875 0.715625 0.06484375 0.0765625
2 0.25078125 0.578125 0.0375 0.05078125
2 0.153125 0.64453125 0.0359375 0.05703125
2 0.059375 0.57578125 0.0390625 0.04453125
3 0.08359375 0.75234375 0.07734375 0.09609375
2 0.475 0.68828125 0.03671875 0.059375
2 0.46171875 0.39453125 0.03203125 0.05078125
2 0.7171875 0.51328125 0.0359375 0.06875
2 0.28828125 0.4625 0.03125 0.0359375