2 0.40859375 0.19453125 0.04140625 0.0515625
2 0.48828125 0.2140625 0.03203125 0.0609375
2 0.928125 0.453125 0.07265625 0.08046875
2 0.93828125 0.49453125 0.06484375 0.06640625
2 0.26171875 0.47265625 0.04296875 0.04921875
2 0.1640625 0.15078125 0.0359375 0.04296875
2 0.9046875 0.37109375 0.06015625 0.0890625
2 0.421875 0.2953125 0.0484375 0.05390625
2 0.446875 0.32578125 0.0484375 0.06171875
2 0.5015625 0.33515625 0.0421875 0.06796875
2 0.31328125 0.3203125 0.04921875 0.05390625
2 0.2765625 0.49921875 0.06328125 0.0515625
2 0.0328125 0.78671875 0.06171875 0.1046875
1 0.8875 0.64375 0.1203125 0.09140625
2 0.97578125 0.7578125 0.04765625 0.103125
2 0.94375 0.71796875 0.06640625 0.08125
2 0.73359375 0.84453125 0.06171875 0.0875
2 0.7046875 0.7953125 0.0609375 0.096875
2 0.71875 0.7375 0.06875 0.10859375
2 0.66328125 0.69921875 0.109375 0.17421875
2 0.4203125 0.9234375 0.084375 0.1421875
2 0.38359375 0.390625 0.04375 0.075
2 0.4125 0.440625 0.0546875 0.06953125
2 0.34765625 0.453125 0.05390625 0.07734375
2 0.14609375 0.45390625 0.0578125 0.06875
2 0.9140625 0.30703125 0.05 0.06328125
2 0.4421875 0.15546875 0.04375 0.04296875