2 0.4296875 0.7 0.03515625 0.05703125
2 0.7296875 0.90078125 0.053125 0.08203125
2 0.853125 0.590625 0.04453125 0.04609375
2 0.78125 0.59609375 0.04296875 0.05078125
2 0.6703125 0.57578125 0.03515625 0.05078125
2 0.46015625 0.58984375 0.0296875 0.0484375
2 0.6875 0.97109375 0.065625 0.0578125
2 0.6703125 0.9078125 0.0640625 0.1015625
2 0.65859375 0.78984375 0.04765625 0.075
0 0.92578125 0.93671875 0.1234375 0.12578125
3 0.63125 0.48671875 0.04375 0.05703125
3 0.46015625 0.92734375 0.103125 0.14453125
2 0.69296875 0.4953125 0.0328125 0.03671875
2 0.5390625 0.67265625 0.04609375 0.0515625