2 0.73203125 0.3421875 0.025 0.04296875
2 0.4484375 0.5140625 0.0203125 0.03046875
2 0.5671875 0.77421875 0.03984375 0.065625
2 0.72890625 0.5625 0.0375 0.04609375
2 0.71171875 0.6578125 0.0375 0.05546875
2 0.91953125 0.678125 0.05078125 0.0578125
2 0.8421875 0.6859375 0.0484375 0.053125
2 0.77578125 0.7984375 0.0453125 0.05859375
2 0.72109375 0.9390625 0.0578125 0.08125
2 0.5328125 0.78828125 0.02578125 0.0359375
2 0.478125 0.67578125 0.03203125 0.05546875
2 0.45234375 0.80703125 0.03515625 0.05625
3 0.659375 0.55390625 0.04921875 0.0609375
3 0.28515625 0.646875 0.05 0.06640625
2 0.09296875 0.69296875 0.03203125 0.0421875