2 0.66015625 0.5015625 0.02578125 0.034375
2 0.58828125 0.5921875 0.0328125 0.04609375
2 0.75625 0.6578125 0.0265625 0.03125
2 0.7578125 0.6296875 0.03046875 0.0359375
2 0.465625 0.64921875 0.02421875 0.03828125
2 0.4578125 0.68515625 0.0375 0.05546875
2 0.47578125 0.85390625 0.034375 0.0609375
2 0.51640625 0.86796875 0.03515625 0.06796875
2 0.40625 0.82421875 0.03515625 0.06640625
2 0.4265625 0.97109375 0.0359375 0.05703125
2 0.49296875 0.87734375 0.0296875 0.04375
3 0.2453125 0.6140625 0.0578125 0.06640625