2 0.6796875 0.64921875 0.03046875 0.03671875
2 0.40625 0.775 0.03671875 0.06640625
1 0.93359375 0.71796875 0.13203125 0.1078125
2 0.5984375 0.88203125 0.0453125 0.06796875
2 0.49140625 0.6109375 0.03203125 0.04921875
2 0.659375 0.5828125 0.04296875 0.06328125
2 0.7109375 0.50546875 0.03671875 0.053125
2 0.66796875 0.83359375 0.046875 0.078125
2 0.78984375 0.6328125 0.0484375 0.0640625
2 0.82578125 0.696875 0.04765625 0.065625
2 0.965625 0.88203125 0.06875 0.09609375
2 0.89375 0.90859375 0.05703125 0.1
1 0.77265625 0.7796875 0.07578125 0.0640625
1 0.7 0.765625 0.0484375 0.05625