2 0.6015625 0.26640625 0.04453125 0.0671875
2 0.6765625 0.4734375 0.0640625 0.0734375
2 0.63203125 0.33203125 0.040625 0.04921875
2 0.59609375 0.77265625 0.0890625 0.12265625
2 0.06640625 0.43203125 0.04765625 0.08046875
2 0.0390625 0.5671875 0.0484375 0.06796875
2 0.05390625 0.58671875 0.0453125 0.0609375
2 0.071875 0.6078125 0.053125 0.06640625
2 0.14453125 0.52265625 0.05546875 0.07109375
2 0.371875 0.8171875 0.0671875 0.1515625
2 0.4765625 0.934375 0.1171875 0.13125
2 0.7484375 0.28359375 0.0484375 0.05546875
2 0.69375 0.31328125 0.05859375 0.06875
2 0.75859375 0.36875 0.05546875 0.065625
2 0.96875 0.44609375 0.0609375 0.0890625
2 0.9515625 0.68828125 0.0953125 0.12421875
2 0.93828125 0.7578125 0.0703125 0.09296875
2 0.89921875 0.81796875 0.08046875 0.12109375
2 0.54375 0.625 0.04453125 0.06953125
2 0.484375 0.5453125 0.09765625 0.14453125
2 0.20625 0.48828125 0.04765625 0.06953125
2 0.284375 0.353125 0.04140625 0.05390625