3 0.7140625 0.11875 0.04140625 0.05703125
2 0.73984375 0.2171875 0.0421875 0.0484375
2 0.31640625 0.2671875 0.03984375 0.05703125
3 0.6015625 0.653125 0.0984375 0.14453125
3 0.4875 0.43984375 0.0953125 0.11484375
2 0.428125 0.5203125 0.04453125 0.07734375
2 0.40078125 0.5625 0.0390625 0.0515625
2 0.59609375 0.546875 0.053125 0.07421875
2 0.49375 0.58046875 0.046875 0.053125
2 0.51875 0.73515625 0.0640625 0.12421875
2 0.53515625 0.825 0.065625 0.10390625
2 0.55546875 0.5265625 0.0484375 0.04921875
2 0.6734375 0.54453125 0.065625 0.06328125
2 0.7265625 0.49296875 0.05 0.07578125
2 0.671875 0.4765625 0.0546875 0.06640625
2 0.6828125 0.3890625 0.0484375 0.065625
2 0.928125 0.2796875 0.04921875 0.04375
2 0.85 0.26875 0.03828125 0.04140625
2 0.9765625 0.65625 0.0453125 0.08203125
2 0.86015625 0.66796875 0.04453125 0.0703125
2 0.78203125 0.1484375 0.04140625 0.04296875
2 0.5265625 0.17265625 0.034375 0.05078125
2 0.58671875 0.259375 0.04453125 0.04375
2 0.22578125 0.240625 0.0375 0.0515625
2 0.95390625 0.56953125 0.053125 0.07734375
0 0.890625 0.58828125 0.0859375 0.13671875