2 0.2859375 0.23671875 0.03203125 0.040625
2 0.8578125 0.96953125 0.07265625 0.0609375
2 0.97421875 0.68515625 0.05078125 0.08046875
2 0.5375 0.93515625 0.06640625 0.11796875
2 0.8515625 0.671875 0.05078125 0.06328125
2 0.53203125 0.765625 0.0625 0.07734375
2 0.521875 0.69296875 0.05 0.084375
2 0.4296875 0.53359375 0.0390625 0.04609375
2 0.4234375 0.5828125 0.03359375 0.07109375
2 0.5109375 0.55703125 0.046875 0.05390625
2 0.57265625 0.51875 0.05 0.04296875
2 0.6078125 0.53828125 0.05078125 0.07109375
2 0.45546875 0.50078125 0.04453125 0.05703125
2 0.6859375 0.4859375 0.04921875 0.06640625
2 0.68046875 0.54296875 0.0546875 0.0609375
2 0.703125 0.41015625 0.04609375 0.06171875
3 0.51484375 0.43046875 0.08828125 0.0953125
3 0.61015625 0.63203125 0.0875 0.125
0 0.88515625 0.60078125 0.09921875 0.140625
2 0.36796875 0.26953125 0.03671875 0.05546875
2 0.87421875 0.3109375 0.0453125 0.05234375
2 0.56640625 0.19765625 0.0296875 0.04765625
2 0.8140625 0.19921875 0.03671875 0.04296875