3 0.4515625 0.8640625 0.10234375 0.13203125
0 0.8859375 0.91015625 0.1125 0.1796875
3 0.63046875 0.45859375 0.0390625 0.05
2 0.5390625 0.94921875 0.0515625 0.07421875
2 0.5859375 0.959375 0.05859375 0.08125
2 0.6609375 0.93046875 0.0640625 0.08125
2 0.64921875 0.853125 0.06015625 0.09140625
2 0.70390625 0.8609375 0.04921875 0.08515625
2 0.64296875 0.74921875 0.0484375 0.06640625
2 0.77109375 0.5734375 0.0390625 0.04609375
2 0.840625 0.575 0.0375 0.04296875
2 0.66484375 0.5484375 0.0359375 0.04453125
2 0.68984375 0.47578125 0.0359375 0.03671875
2 0.459375 0.54609375 0.02734375 0.046875
2 0.42734375 0.64609375 0.03046875 0.05625
2 0.53125 0.6265625 0.04375 0.05390625