2 0.79140625 0.26015625 0.03828125 0.04140625
2 0.55859375 0.253125 0.028125 0.04296875
2 0.2875 0.284375 0.03203125 0.03828125
2 0.81328125 0.9703125 0.0703125 0.059375
2 0.51640625 0.94296875 0.0703125 0.1140625
2 0.5109375 0.78671875 0.05703125 0.09375
2 0.5 0.71640625 0.0453125 0.0890625
2 0.41328125 0.61171875 0.03984375 0.0609375
2 0.41875 0.56875 0.03671875 0.0421875
2 0.4453125 0.534375 0.04140625 0.06171875
2 0.49609375 0.59140625 0.04453125 0.05078125
2 0.5546875 0.553125 0.04921875 0.0375
2 0.5890625 0.575 0.04765625 0.065625
2 0.65859375 0.58046875 0.05703125 0.0546875
3 0.5875 0.66328125 0.0859375 0.11953125
3 0.5 0.475 0.0828125 0.09140625
2 0.678125 0.4578125 0.0390625 0.06015625
0 0.8546875 0.64140625 0.09140625 0.1296875
2 0.9390625 0.71328125 0.06796875 0.075
2 0.8484375 0.36796875 0.04375 0.04296875
2 0.3671875 0.31484375 0.03828125 0.04765625
2 0.665625 0.52421875 0.05078125 0.07109375