2 0.48125 0.74609375 0.04296875 0.06796875
2 0.53203125 0.759375 0.040625 0.071875
2 0.64375 0.35625 0.03125 0.0390625
2 0.9140625 0.4078125 0.04453125 0.065625
2 0.81171875 0.2875 0.0328125 0.05625
2 0.70234375 0.45078125 0.03984375 0.06171875
2 0.66953125 0.565625 0.04453125 0.059375
2 0.5390625 0.55 0.03203125 0.046875
2 0.58359375 0.46875 0.02890625 0.0484375
2 0.9515625 0.45625 0.06171875 0.071875
2 0.6375 0.9265625 0.0953125 0.14453125
2 0.8046875 0.9375 0.06484375 0.0953125
2 0.79296875 0.75390625 0.05390625 0.11796875
2 0.7015625 0.72421875 0.0609375 0.10703125
2 0.7140625 0.8625 0.06015625 0.11640625
2 0.47265625 0.92890625 0.04921875 0.0890625
2 0.54375 0.87890625 0.0515625 0.08125
2 0.44609375 0.66953125 0.034375 0.05703125
2 0.409375 0.609375 0.0296875 0.0578125