2 0.9234375 0.93671875 0.075 0.11953125
2 0.496875 0.271875 0.02421875 0.03828125
2 0.43828125 0.7234375 0.04921875 0.0640625
2 0.428125 0.6671875 0.03046875 0.06796875
0 0.734375 0.5859375 0.06875 0.0984375
3 0.5109375 0.61484375 0.06875 0.090625
3 0.4390625 0.4625 0.07265625 0.0859375
2 0.43203125 0.56328125 0.0421875 0.04375
2 0.43671875 0.8515625 0.05703125 0.08828125
2 0.48515625 0.5296875 0.046875 0.0390625
2 0.5765625 0.54921875 0.0484375 0.04765625
2 0.5140625 0.546875 0.0484375 0.06953125
2 0.68828125 0.88125 0.06875 0.11875
2 0.9046875 0.6453125 0.0578125 0.09296875
2 0.88125 0.73125 0.0734375 0.1015625
2 0.85546875 0.66796875 0.0546875 0.0765625
2 0.80390625 0.64296875 0.05 0.059375
2 0.71171875 0.27265625 0.0359375 0.03828125
2 0.753125 0.36484375 0.03828125 0.046875
2 0.3171875 0.3265625 0.034375 0.0453125
2 0.6 0.44765625 0.04453125 0.05625
2 0.36015625 0.546875 0.03203125 0.0328125
2 0.353125 0.58828125 0.03125 0.05390625