2 0.26640625 0.43125 0.0296875 0.0484375
2 0.29453125 0.328125 0.0296875 0.03671875
2 0.3078125 0.3828125 0.03125 0.04296875
2 0.25546875 0.38046875 0.02890625 0.03359375
2 0.16875 0.40078125 0.0296875 0.03671875
2 0.20390625 0.4359375 0.02890625 0.05625
2 0.225 0.34453125 0.03046875 0.04375
2 0.20625 0.3734375 0.02890625 0.04765625
2 0.16875 0.33359375 0.0296875 0.0375
2 0.13125 0.41171875 0.0359375 0.04296875
2 0.0703125 0.415625 0.03203125 0.0421875
2 0.0859375 0.47109375 0.03359375 0.0390625
3 0.0296875 0.66328125 0.05703125 0.11875
2 0.12578125 0.5921875 0.04140625 0.05234375
2 0.2109375 0.58671875 0.040625 0.0703125
2 0.25859375 0.553125 0.04453125 0.06953125
2 0.296875 0.58125 0.03671875 0.065625
2 0.4953125 0.9328125 0.046875 0.09375
2 0.3875 0.646875 0.0328125 0.05078125
3 0.703125 0.55234375 0.07890625 0.11875
3 0.64375 0.28828125 0.05625 0.08984375
2 0.690625 0.29609375 0.0328125 0.04375
2 0.7953125 0.28515625 0.046875 0.05078125
2 0.92890625 0.25 0.04375 0.04375
2 0.8890625 0.153125 0.0390625 0.05078125
2 0.61484375 0.74921875 0.04609375 0.0890625
2 0.60546875 0.64921875 0.03984375 0.078125
2 0.58203125 0.9296875 0.06171875 0.1
2 0.8125 0.91171875 0.05859375 0.0859375
2 0.5375 0.771875 0.0515625 0.08515625
2 0.48359375 0.7625 0.05 0.08359375
2 0.425 0.8125 0.04765625 0.06953125
2 0.51953125 0.3140625 0.02578125 0.0453125
2 0.46015625 0.184375 0.02578125 0.03828125
2 0.584375 0.18828125 0.025 0.03671875
2 0.57265625 0.31640625 0.028125 0.0390625
2 0.53125 0.384375 0.03203125 0.0484375
2 0.56640625 0.38828125 0.03671875 0.0359375
2 0.46875 0.30546875 0.03046875 0.0328125
2 0.36875 0.3015625 0.03046875 0.03203125
2 0.40390625 0.17578125 0.02890625 0.028125
2 0.4109375 0.3171875 0.02578125 0.03125
2 0.36875 0.346875 0.01953125 0.0390625
2 0.3859375 0.37109375 0.02734375 0.03828125
2 0.415625 0.37890625 0.0328125 0.03203125
2 0.5015625 0.46640625 0.0421875 0.05703125
2 0.403125 0.44453125 0.034375 0.05
2 0.378125 0.4765625 0.0328125 0.04375
2 0.3484375 0.4140625 0.03828125 0.05
2 0.4 0.50625 0.0375 0.03984375
2 0.3375 0.4875 0.03515625 0.05703125
2 0.39453125 0.5734375 0.03828125 0.05703125
2 0.3203125 0.64921875 0.0578125 0.06875