0 0.796875 0.64296875 0.07265625 0.10859375
2 0.9375 0.7390625 0.06953125 0.08203125
2 0.9671875 0.82734375 0.0640625 0.11953125
2 0.88359375 0.76953125 0.06953125 0.06953125
2 0.975 0.71171875 0.04921875 0.09609375
2 0.878125 0.70078125 0.059375 0.0734375
2 0.87109375 0.94296875 0.08046875 0.0796875
2 0.64375 0.475 0.0375 0.0515625
2 0.621875 0.5921875 0.04765625 0.0515625
2 0.55625 0.5859375 0.04453125 0.065625
2 0.52265625 0.56953125 0.04453125 0.03515625
2 0.3859375 0.62734375 0.03125 0.0625
2 0.39296875 0.5859375 0.03671875 0.03828125
2 0.46796875 0.60625 0.04453125 0.04453125
2 0.4734375 0.71875 0.04765625 0.0890625
2 0.48359375 0.78125 0.06171875 0.075
2 0.7546875 0.95625 0.06875 0.0875
3 0.47421875 0.48828125 0.07890625 0.090625
3 0.553125 0.678125 0.0890625 0.125
2 0.3421875 0.346875 0.03046875 0.04765625
2 0.26875 0.3171875 0.0359375 0.04296875
2 0.53125 0.28671875 0.0265625 0.04140625
2 0.75625 0.29140625 0.03359375 0.04453125
2 0.7109375 0.340625 0.034375 0.04140625
2 0.803125 0.39140625 0.040625 0.04375
2 0.48203125 0.928125 0.06953125 0.09921875
2 0.86796875 0.41015625 0.0421875 0.05078125