2 0.8140625 0.12265625 0.0359375 0.04296875
2 0.315625 0.51015625 0.0390625 0.05625
2 0.38046875 0.61484375 0.0578125 0.0625
2 0.5125 0.4578125 0.0421875 0.05234375
2 0.896875 0.484375 0.05 0.06171875
2 0.87578125 0.4296875 0.04921875 0.05390625
2 0.87890625 0.56953125 0.0515625 0.07109375
2 0.82265625 0.55 0.05 0.07109375
2 0.17734375 0.58671875 0.0484375 0.0609375
2 0.29375 0.665625 0.0484375 0.071875
2 0.46171875 0.3921875 0.03359375 0.03359375
2 0.47265625 0.325 0.0265625 0.04765625
2 0.453125 0.440625 0.03828125 0.03671875
2 0.29609375 0.4125 0.02265625 0.0484375
2 0.259375 0.36640625 0.0234375 0.04453125
2 0.23515625 0.3828125 0.0359375 0.0484375
2 0.11953125 0.50703125 0.0359375 0.04296875
2 0.55078125 0.5734375 0.04140625 0.06875
2 0.50859375 0.8515625 0.0625 0.11875
2 0.540625 0.79140625 0.046875 0.0890625
2 0.7015625 0.74609375 0.05 0.0859375
2 0.6546875 0.7578125 0.0375 0.05390625
3 0.77890625 0.40859375 0.071875 0.08125
3 0.25078125 0.5078125 0.07578125 0.08828125
1 0.64140625 0.60625 0.04453125 0.05625
2 0.5109375 0.53671875 0.03984375 0.05546875
2 0.45390625 0.69140625 0.05 0.06328125