2 0.5765625 0.49296875 0.0375 0.0453125
2 0.5828125 0.36640625 0.02890625 0.040625
2 0.60703125 0.52578125 0.03671875 0.04921875
2 0.4140625 0.44140625 0.02421875 0.03984375
2 0.40234375 0.47578125 0.03984375 0.0484375
2 0.525 0.44765625 0.03984375 0.03671875
2 0.53359375 0.4984375 0.03203125 0.03671875
2 0.4640625 0.540625 0.03515625 0.0421875
2 0.53515625 0.65078125 0.04921875 0.06328125
2 0.44609375 0.66484375 0.04453125 0.03984375
2 0.425 0.62109375 0.0484375 0.0640625
2 0.30703125 0.628125 0.04453125 0.05859375
2 0.825 0.87265625 0.0703125 0.09453125
2 0.7625 0.915625 0.075 0.09453125
2 0.62578125 0.85859375 0.04609375 0.08046875
2 0.57578125 0.95546875 0.0609375 0.0890625
2 0.575 0.7828125 0.04453125 0.08359375
2 0.2953125 0.41953125 0.0328125 0.05
3 0.9015625 0.80390625 0.13125 0.14140625
1 0.384375 0.6015625 0.04296875 0.07421875
2 0.978125 0.67421875 0.04296875 0.05859375
2 0.49765625 0.3375 0.02890625 0.03359375