1 0.93671875 0.375 0.05078125 0.06640625
2 0.9296875 0.60546875 0.046875 0.05625
2 0.88125 0.61015625 0.046875 0.0609375
2 0.7328125 0.76640625 0.06171875 0.0734375
2 0.67890625 0.803125 0.06171875 0.084375
2 0.565625 0.76953125 0.04140625 0.05703125
2 0.52109375 0.8515625 0.0546875 0.0703125
2 0.57890625 0.890625 0.03515625 0.046875
2 0.5234375 0.9609375 0.06796875 0.078125
2 0.525 0.7125 0.040625 0.06640625
2 0.49296875 0.53359375 0.03203125 0.03515625
2 0.5359375 0.48359375 0.0390625 0.04296875
2 0.496875 0.45234375 0.0359375 0.0328125
2 0.39375 0.453125 0.021875 0.03515625
2 0.384375 0.4828125 0.03359375 0.0484375
2 0.40078125 0.5984375 0.040625 0.0515625
3 0.78671875 0.70546875 0.0859375 0.11015625
1 0.36171875 0.57734375 0.03828125 0.06640625
2 0.2875 0.43828125 0.0328125 0.05