3 0.6859375 0.19453125 0.04140625 0.05859375
2 0.66484375 0.46796875 0.04375 0.06796875
2 0.7171875 0.56875 0.04296875 0.0765625
2 0.6640625 0.55625 0.0578125 0.078125
2 0.66484375 0.62734375 0.05859375 0.06796875
2 0.58515625 0.63828125 0.053125 0.075
2 0.54453125 0.61640625 0.05078125 0.059375
2 0.484375 0.68125 0.05703125 0.07265625
2 0.50625 0.84921875 0.05 0.1109375
2 0.53203125 0.934375 0.06953125 0.11484375
0 0.88359375 0.65234375 0.09296875 0.1484375
3 0.47109375 0.52109375 0.0921875 0.11640625
3 0.59296875 0.74765625 0.1 0.1484375