2 0.6703125 0.1953125 0.04296875 0.0625
2 0.3015625 0.25 0.0328125 0.0515625
2 0.38515625 0.3234375 0.05234375 0.07109375
2 0.35625 0.44296875 0.04765625 0.06171875
2 0.38359375 0.39765625 0.04453125 0.065625
2 0.4171875 0.49921875 0.05 0.07578125
2 0.3578125 0.59765625 0.05703125 0.084375
2 0.3265625 0.50078125 0.0515625 0.07265625
2 0.31328125 0.4265625 0.046875 0.07890625
2 0.2640625 0.42578125 0.05234375 0.071875
2 0.23828125 0.4890625 0.053125 0.0796875
2 0.16015625 0.4 0.05625 0.07109375
2 0.1390625 0.31640625 0.040625 0.075
2 0.05625 0.38515625 0.05390625 0.08671875
2 0.03203125 0.71796875 0.0578125 0.1140625
2 0.1046875 0.578125 0.06015625 0.08046875
2 0.5890625 0.153125 0.0375 0.04765625
2 0.51015625 0.12734375 0.03984375 0.04609375
2 0.3765625 0.121875 0.0390625 0.05078125
2 0.43515625 0.03046875 0.03828125 0.05390625
2 0.5046875 0.353125 0.05390625 0.0546875
2 0.5203125 0.39140625 0.04375 0.05390625
2 0.5140625 0.43828125 0.03828125 0.06640625
2 0.5609375 0.5 0.05 0.0828125
2 0.59375 0.57578125 0.0359375 0.0640625
2 0.6140625 0.50390625 0.0515625 0.06640625
2 0.571875 0.38515625 0.0390625 0.05625
2 0.5109375 0.58046875 0.06953125 0.09453125
2 0.38984375 0.86796875 0.065625 0.12578125
2 0.48046875 0.93984375 0.075 0.1203125
2 0.853125 0.98125 0.05546875 0.03671875
2 0.80703125 0.928125 0.06484375 0.08671875
2 0.6671875 0.92109375 0.07578125 0.13203125
2 0.51328125 0.72265625 0.06796875 0.11171875
2 0.58515625 0.69140625 0.0625 0.08828125
2 0.6203125 0.63984375 0.06484375 0.10546875
2 0.6296875 0.7765625 0.071875 0.09921875
2 0.665625 0.35859375 0.053125 0.06953125
2 0.7421875 0.3234375 0.03359375 0.05
2 0.8234375 0.39296875 0.04140625 0.0609375
2 0.8015625 0.2125 0.03828125 0.05
2 0.771875 0.171875 0.0390625 0.05625
2 0.75390625 0.39296875 0.05859375 0.08046875
2 0.8484375 0.51875 0.0546875 0.0765625
2 0.7890625 0.51171875 0.05703125 0.0734375
2 0.79140625 0.68671875 0.06796875 0.10078125
2 0.97578125 0.6625 0.04765625 0.07421875
2 0.971875 0.35703125 0.05390625 0.06640625
3 0.91015625 0.35 0.090625 0.13125