2 0.76953125 0.128125 0.03203125 0.04453125
2 0.48125 0.57265625 0.0390625 0.0640625
2 0.06328125 0.58125 0.03828125 0.05625
1 0.6125 0.63359375 0.03515625 0.071875
3 0.21015625 0.5734375 0.0875 0.1
3 0.7484375 0.41640625 0.06796875 0.08203125
2 0.48984375 0.9109375 0.06640625 0.13515625
2 0.525 0.83515625 0.04921875 0.1109375
2 0.52421875 0.6078125 0.0484375 0.08359375
2 0.68671875 0.76875 0.05546875 0.084375
2 0.63984375 0.7890625 0.03984375 0.05859375
2 0.7984375 0.5515625 0.05078125 0.0640625
2 0.85 0.56796875 0.04921875 0.07890625
2 0.98515625 0.784375 0.0296875 0.09765625
2 0.840625 0.4265625 0.0515625 0.06484375
2 0.86875 0.478125 0.05 0.065625
2 0.18515625 0.434375 0.03828125 0.0578125
2 0.2140625 0.421875 0.0265625 0.05546875
2 0.25546875 0.46171875 0.021875 0.053125
2 0.43515625 0.35625 0.0296875 0.0484375
2 0.42421875 0.4734375 0.0453125 0.04296875
2 0.428125 0.425 0.03046875 0.03203125
2 0.45625 0.434375 0.02421875 0.02890625
2 0.48046875 0.48359375 0.0421875 0.05390625