2 0.084375 0.60625 0.0390625 0.0515625
2 0.54296875 0.33828125 0.02421875 0.0359375
2 0.52421875 0.390625 0.028125 0.028125
2 0.5078125 0.43046875 0.03046875 0.0375
2 0.40078125 0.6171875 0.0484375 0.06484375
2 0.35234375 0.65625 0.03671875 0.059375
2 0.3453125 0.5640625 0.04296875 0.06796875
2 0.4328125 0.55078125 0.05234375 0.05390625
2 0.48125 0.63515625 0.05 0.05390625
2 0.54296875 0.53515625 0.04140625 0.046875
2 0.896875 0.58046875 0.04609375 0.05546875
2 0.91171875 0.64375 0.04609375 0.06953125
2 0.83359375 0.66484375 0.0578125 0.0671875
2 0.87265625 0.70859375 0.053125 0.08125
2 0.9625 0.95703125 0.0609375 0.0859375
2 0.57734375 0.58125 0.03828125 0.06328125
2 0.5390625 0.753125 0.0421875 0.0734375
2 0.6828125 0.7796875 0.04375 0.071875
2 0.63984375 0.77578125 0.03203125 0.04765625
2 0.50546875 0.78828125 0.0578125 0.09609375
1 0.64453125 0.64296875 0.0375 0.05390625
3 0.33046875 0.4234375 0.06796875 0.0796875
3 0.809375 0.52578125 0.0609375 0.090625
2 0.55859375 0.46328125 0.03984375 0.04765625
2 0.38515625 0.440625 0.03359375 0.040625
2 0.33046875 0.3015625 0.02890625 0.04296875
2 0.35234375 0.3 0.02265625 0.03671875
2 0.378125 0.35234375 0.02265625 0.04296875
2 0.2671875 0.45078125 0.0328125 0.05078125
2 0.2109375 0.32578125 0.02421875 0.0359375
2 0.12578125 0.38046875 0.03125 0.03359375
2 0.22734375 0.3703125 0.02890625 0.02890625
2 0.2140625 0.5609375 0.03671875 0.06796875
2 0.2421875 0.57734375 0.04375 0.0640625
2 0.14609375 0.68828125 0.0515625 0.059375
2 0.09375 0.71328125 0.05234375 0.06640625
2 0.90078125 0.27265625 0.0328125 0.0546875