2 0.50859375 0.959375 0.028125 0.06328125
2 0.865625 0.77421875 0.040625 0.07109375
2 0.8390625 0.88984375 0.034375 0.071875
2 0.88125 0.896875 0.03515625 0.07265625
2 0.69765625 0.8515625 0.03671875 0.05859375
2 0.77578125 0.85859375 0.0359375 0.071875
2 0.7484375 0.75390625 0.0375 0.05625
2 0.70703125 0.75234375 0.02734375 0.05390625
2 0.68203125 0.90546875 0.03203125 0.04921875
2 0.85078125 0.690625 0.0390625 0.059375
2 0.5796875 0.95625 0.03046875 0.05703125
2 0.4546875 0.92734375 0.03125 0.06796875
2 0.49375 0.821875 0.0296875 0.05859375
2 0.18359375 0.5421875 0.02734375 0.03125
2 0.603125 0.7828125 0.0296875 0.05546875
2 0.5703125 0.67265625 0.02734375 0.04296875
2 0.55390625 0.8578125 0.03828125 0.046875