2 0.28359375 0.57109375 0.034375 0.04140625
3 0.5015625 0.55859375 0.05078125 0.0828125
2 0.6625 0.52421875 0.03984375 0.071875
2 0.58671875 0.70546875 0.04296875 0.084375
2 0.521875 0.85234375 0.053125 0.0921875
2 0.4578125 0.76953125 0.04765625 0.07109375
2 0.76015625 0.73046875 0.0578125 0.10078125
2 0.8234375 0.82734375 0.071875 0.10859375
2 0.84765625 0.6875 0.0671875 0.1046875
2 0.90625 0.4828125 0.05234375 0.08671875
2 0.671875 0.63671875 0.05 0.08125
2 0.72734375 0.95546875 0.0765625 0.08828125
2 0.8984375 0.36640625 0.05703125 0.0609375
2 0.86171875 0.2875 0.034375 0.04609375
2 0.82734375 0.3953125 0.0484375 0.06171875
2 0.73359375 0.47265625 0.0453125 0.0609375
2 0.7203125 0.29453125 0.03671875 0.04921875
2 0.49296875 0.9140625 0.06328125 0.11015625