2 0.93359375 0.6078125 0.03671875 0.06875
2 0.653125 0.68125 0.03203125 0.05859375
2 0.7078125 0.5875 0.0359375 0.06640625
2 0.815625 0.609375 0.03671875 0.06484375
2 0.7859375 0.71796875 0.03515625 0.0765625
2 0.82265625 0.72109375 0.03515625 0.06171875
2 0.92578125 0.7953125 0.0453125 0.08046875
2 0.78828125 0.93671875 0.04375 0.08828125
2 0.6390625 0.72890625 0.02578125 0.04921875
2 0.39375 0.8484375 0.034375 0.05625
2 0.13359375 0.36796875 0.0265625 0.0421875
2 0.41953125 0.75234375 0.03359375 0.06171875
2 0.46328125 0.6515625 0.02890625 0.0609375