1 0.7640625 0.80234375 0.08359375 0.071875
1 0.93359375 0.728125 0.13203125 0.0765625
1 0.6921875 0.79609375 0.04921875 0.059375
2 0.59140625 0.928125 0.0421875 0.07578125
2 0.671875 0.6671875 0.03125 0.0421875
2 0.89921875 0.765625 0.04453125 0.0734375
2 0.96875 0.90234375 0.06171875 0.1078125
2 0.896875 0.93671875 0.06953125 0.10234375
2 0.8234375 0.71015625 0.05 0.0640625
2 0.77890625 0.63984375 0.04296875 0.05703125
2 0.69921875 0.51484375 0.0453125 0.0640625
2 0.4734375 0.63671875 0.0359375 0.0609375