2 0.975 0.63828125 0.0484375 0.0625
2 0.9234375 0.6375 0.0484375 0.0609375
2 0.56328125 0.36640625 0.02421875 0.04296875
2 0.58359375 0.5078125 0.03515625 0.04453125
2 0.55390625 0.48125 0.02890625 0.04296875
2 0.5171875 0.4890625 0.03359375 0.02890625
2 0.51015625 0.44296875 0.0375 0.0375
2 0.40234375 0.43671875 0.0234375 0.0390625
2 0.39375 0.46796875 0.0328125 0.0421875
2 0.2953125 0.421875 0.0328125 0.046875
2 0.978125 0.38046875 0.04375 0.06015625
2 0.7125 0.84296875 0.07265625 0.09375
2 0.7578125 0.80859375 0.05078125 0.065625
2 0.5890625 0.796875 0.04609375 0.07109375
2 0.4125 0.59453125 0.04609375 0.05859375
2 0.54375 0.73046875 0.04140625 0.06953125
2 0.540625 0.88359375 0.05703125 0.07890625
3 0.82578125 0.73359375 0.09609375 0.1046875
1 0.37109375 0.5796875 0.03515625 0.065625
2 0.5046875 0.5328125 0.03515625 0.0421875