2 0.27890625 0.60859375 0.03125 0.04375
2 0.86015625 0.46015625 0.0453125 0.07265625
2 0.5296875 0.9609375 0.05546875 0.078125
2 0.60390625 0.815625 0.05234375 0.10546875
2 0.79765625 0.85 0.06953125 0.12265625
2 0.89609375 0.809375 0.07578125 0.1078125
2 0.9578125 0.5703125 0.0640625 0.09765625
2 0.6984375 0.7234375 0.0578125 0.08671875
2 0.721875 0.65546875 0.046875 0.07421875
2 0.69140625 0.59296875 0.05859375 0.09375
2 0.74296875 0.3375 0.0375 0.05390625
3 0.50859375 0.628125 0.05234375 0.0984375
2 0.903125 0.34765625 0.03828125 0.05078125