2 0.43359375 0.6625 0.0296875 0.03203125
2 0.9828125 0.55390625 0.034375 0.0515625
2 0.3921875 0.88828125 0.0421875 0.078125
2 0.6296875 0.5703125 0.03203125 0.03828125
2 0.734375 0.58046875 0.0265625 0.03125
2 0.7296875 0.54609375 0.03203125 0.03828125
2 0.55625 0.56015625 0.0296875 0.05625
2 0.4390625 0.58828125 0.0328125 0.04140625
2 0.42734375 0.70703125 0.04453125 0.06171875
2 0.47265625 0.9078125 0.04296875 0.078125
2 0.51796875 0.9 0.03984375 0.07734375
2 0.6203125 0.43984375 0.0265625 0.04375
2 0.4875 0.92578125 0.028125 0.0515625