2 0.45234375 0.190625 0.04609375 0.06875
2 0.11015625 0.36875 0.05625 0.07109375
2 0.60859375 0.80703125 0.0796875 0.1546875
2 0.55078125 0.6640625 0.07734375 0.1140625
2 0.50390625 0.615625 0.03984375 0.06796875
2 0.5328125 0.75703125 0.07421875 0.11171875
2 0.475 0.86328125 0.0796875 0.1484375
2 0.715625 0.96875 0.06328125 0.0625
2 0.696875 0.896875 0.0828125 0.14921875
2 0.8796875 0.8015625 0.06328125 0.13828125
2 0.81015625 0.753125 0.0671875 0.115625
2 0.71875 0.61015625 0.06796875 0.08671875
2 0.71328125 0.534375 0.071875 0.09453125
2 0.7046875 0.35078125 0.0515625 0.08125
2 0.6578125 0.3796875 0.05390625 0.08671875
2 0.6421875 0.246875 0.0421875 0.0640625
2 0.5859375 0.3015625 0.046875 0.084375
2 0.40234375 0.13671875 0.03515625 0.04609375
2 0.440625 0.109375 0.03203125 0.05078125
2 0.53671875 0.09609375 0.040625 0.06171875
2 0.26796875 0.25078125 0.04609375 0.06796875
2 0.35703125 0.2125 0.040625 0.05625
2 0.828125 0.03359375 0.05078125 0.05546875
2 0.74140625 0.12421875 0.04140625 0.05625
3 0.96171875 0.39296875 0.0765625 0.17734375
3 0.690625 0.153125 0.0796875 0.10703125
2 0.371875 0.703125 0.05703125 0.10859375
2 0.421875 0.7078125 0.0796875 0.11875
2 0.496875 0.35234375 0.06015625 0.0578125
2 0.53359375 0.471875 0.05703125 0.06640625
2 0.5 0.534375 0.0640625 0.08203125
2 0.4140625 0.446875 0.05078125 0.06640625
2 0.44765625 0.57890625 0.0625 0.103125
2 0.371875 0.55546875 0.04921875 0.071875
2 0.36640625 0.5046875 0.0453125 0.0765625
2 0.33515625 0.4828125 0.06484375 0.07421875
2 0.05859375 0.5859375 0.04453125 0.08203125
2 0.18828125 0.5671875 0.06171875 0.09921875
2 0.390625 0.2578125 0.04765625 0.075