2 0.5140625 0.43671875 0.03359375 0.04453125
2 0.6484375 0.62734375 0.0328125 0.05859375
2 0.6484375 0.671875 0.034375 0.06796875
2 0.7078125 0.728125 0.0515625 0.0890625
2 0.59375 0.77578125 0.053125 0.07578125
2 0.59453125 0.68125 0.046875 0.05546875
2 0.56953125 0.60703125 0.05703125 0.06484375
2 0.42421875 0.615625 0.0375 0.06015625
2 0.4125 0.66875 0.053125 0.07421875
2 0.5125 0.7796875 0.0515625 0.06015625
2 0.4734375 0.94296875 0.07109375 0.1140625
2 0.63828125 0.95546875 0.0734375 0.0890625
2 0.7453125 0.96015625 0.06953125 0.07890625
2 0.2578125 0.58984375 0.04453125 0.0765625
1 0.40625 0.90703125 0.0703125 0.11015625
2 0.5828125 0.41328125 0.03046875 0.03671875
2 0.60546875 0.48203125 0.02421875 0.040625
2 0.6296875 0.47421875 0.0390625 0.05390625
2 0.8 0.26171875 0.03515625 0.0390625
2 0.70234375 0.221875 0.03203125 0.034375