2 0.8515625 0.2046875 0.04140625 0.06796875
2 0.740625 0.253125 0.04296875 0.07421875
2 0.76953125 0.1671875 0.05546875 0.07890625
2 0.60703125 0.10390625 0.0515625 0.10078125
2 0.5203125 0.15703125 0.053125 0.09609375
2 0.4171875 0.11328125 0.0484375 0.08203125
2 0.28515625 0.2390625 0.059375 0.09296875
2 0.18828125 0.1640625 0.053125 0.08515625
2 0.19453125 0.06953125 0.08125 0.115625
2 0.65859375 0.48828125 0.04453125 0.0734375
2 0.70859375 0.53203125 0.05703125 0.07578125
2 0.7515625 0.4546875 0.0390625 0.07421875
2 0.759375 0.52265625 0.03515625 0.0609375
2 0.56640625 0.70625 0.03359375 0.05078125