2 0.290625 0.51328125 0.02421875 0.034375
2 0.2984375 0.484375 0.028125 0.0234375
2 0.6984375 0.65625 0.05 0.05859375
2 0.534375 0.64765625 0.05078125 0.071875
2 0.63984375 0.7171875 0.07109375 0.084375
2 0.821875 0.803125 0.075 0.12734375
2 0.6859375 0.93515625 0.05625 0.09296875
2 0.971875 0.95859375 0.05625 0.0828125
2 0.903125 0.771875 0.06640625 0.065625
3 0.3703125 0.41015625 0.05546875 0.06328125
0 0.59296875 0.46171875 0.04921875 0.07578125
2 0.68828125 0.53515625 0.0484375 0.0625
2 0.715625 0.47578125 0.0421875 0.0484375
2 0.68046875 0.5 0.03984375 0.040625
2 0.6453125 0.5234375 0.0375 0.03671875
2 0.634375 0.453125 0.034375 0.0484375
2 0.6453125 0.4953125 0.03828125 0.040625
2 0.615625 0.6171875 0.0453125 0.0359375
2 0.578125 0.63515625 0.03671875 0.05625
2 0.425 0.459375 0.03515625 0.046875
2 0.47265625 0.45859375 0.03984375 0.03828125
2 0.35390625 0.66796875 0.04765625 0.06484375
2 0.35859375 0.590625 0.0375 0.04140625
2 0.35625 0.55703125 0.03671875 0.05625
2 0.39921875 0.45625 0.03125 0.028125
2 0.7546875 0.58125 0.05859375 0.07265625
2 0.74375 0.7078125 0.0609375 0.08125