2 0.62109375 0.43828125 0.03984375 0.0671875
1 0.5359375 0.7625 0.0640625 0.12734375
2 0.41328125 0.6140625 0.05859375 0.09921875
2 0.36015625 0.58359375 0.0640625 0.09609375
2 0.51328125 0.43125 0.0453125 0.06171875
2 0.46328125 0.51171875 0.04609375 0.0734375
2 0.5015625 0.53046875 0.0578125 0.07890625
2 0.4484375 0.62421875 0.05078125 0.0765625
2 0.590625 0.75703125 0.0828125 0.096875
2 0.85 0.678125 0.10546875 0.1296875
2 0.9421875 0.63515625 0.11171875 0.11875
2 0.75546875 0.32578125 0.04921875 0.0875
2 0.76796875 0.39453125 0.06796875 0.078125
2 0.71875 0.3171875 0.0421875 0.07421875
2 0.58046875 0.50703125 0.059375 0.07109375
2 0.5296875 0.5921875 0.0546875 0.0859375
2 0.83828125 0.25859375 0.0453125 0.05390625