0 0.340625 0.14375 0.02578125 0.03046875
0 0.25703125 0.21875 0.0265625 0.03046875
0 0.7015625 0.371875 0.034375 0.0515625
3 0.02734375 0.68671875 0.05390625 0.096875
0 0.34453125 0.25625 0.03203125 0.03984375
0 0.29609375 0.25625 0.02578125 0.03984375
0 0.45078125 0.35546875 0.028125 0.0515625
0 0.41015625 0.28125 0.040625 0.059375
0 0.946875 0.6109375 0.03515625 0.05390625
0 0.609375 0.51015625 0.02734375 0.03359375
3 0.22578125 0.49453125 0.06640625 0.09140625
3 0.6890625 0.5625 0.07890625 0.07890625
1 0.60078125 0.4640625 0.08671875 0.0453125
1 0.5046875 0.515625 0.1015625 0.04453125
1 0.621875 0.8609375 0.14453125 0.10546875
0 0.7265625 0.50078125 0.025 0.04453125
0 0.6640625 0.415625 0.02578125 0.0296875
0 0.64921875 0.3921875 0.02890625 0.03828125
0 0.590625 0.38046875 0.02265625 0.03828125
0 0.5515625 0.4203125 0.03203125 0.04296875
0 0.496875 0.4765625 0.03359375 0.04296875
0 0.40859375 0.4953125 0.028125 0.0484375
0 0.22421875 0.24921875 0.02890625 0.0453125
0 0.25078125 0.35390625 0.02890625 0.0390625
0 0.1703125 0.33046875 0.03203125 0.04375
0 0.0875 0.34140625 0.0296875 0.0453125
0 0.0828125 0.29921875 0.03203125 0.0390625
0 0.8953125 0.87578125 0.05859375 0.09921875
0 0.78203125 0.92421875 0.0578125 0.08828125
0 0.4265625 0.978125 0.05625 0.04375
0 0.5 0.8109375 0.034375 0.0640625
0 0.5875 0.7125 0.05390625 0.08828125
0 0.48203125 0.65 0.06484375 0.09609375
0 0.10625 0.609375 0.05859375 0.0765625
0 0.3234375 0.790625 0.07421875 0.12578125