2 0.6640625 0.45703125 0.03359375 0.0546875
2 0.584375 0.3578125 0.02109375 0.0296875
2 0.88984375 0.6953125 0.05390625 0.071875
2 0.84921875 0.93359375 0.040625 0.0546875
3 0.521875 0.39765625 0.034375 0.059375
0 0.45625 0.21953125 0.090625 0.11875
0 0.478125 0.53359375 0.07890625 0.13828125
0 0.5515625 0.56171875 0.05 0.13125
0 0.46640625 0.6515625 0.0859375 0.128125
0 0.5984375 0.68515625 0.05546875 0.1015625
0 0.59453125 0.7890625 0.071875 0.10625
0 0.60390625 0.88515625 0.05859375 0.08671875
0 0.36484375 0.94921875 0.06796875 0.1015625
3 0.6984375 0.91875 0.075 0.14296875
3 0.684375 0.55078125 0.06640625 0.09375
3 0.746875 0.39296875 0.1359375 0.20703125
3 0.1265625 0.628125 0.221875 0.23984375