1 0.8640625 0.721875 0.06328125 0.04765625
3 0.496875 0.84296875 0.046875 0.0875
3 0.471875 0.678125 0.03984375 0.053125
3 0.77734375 0.51328125 0.034375 0.0484375
3 0.953125 0.53984375 0.04609375 0.0515625
2 0.775 0.9625 0.03203125 0.05859375
2 0.86953125 0.8859375 0.0296875 0.03828125
2 0.8359375 0.97890625 0.02890625 0.03515625
2 0.76171875 0.7890625 0.0265625 0.03046875
2 0.94921875 0.6078125 0.0328125 0.02890625
3 0.62734375 0.6546875 0.03203125 0.04296875
2 0.6015625 0.91484375 0.02734375 0.0359375