0 0.2703125 0.1421875 0.08203125 0.11640625
0 0.27109375 0.24453125 0.071875 0.1234375
0 0.23828125 0.3015625 0.065625 0.10859375
0 0.19765625 0.2515625 0.06796875 0.0984375
2 0.16640625 0.35078125 0.096875 0.09375
0 0.47734375 0.2015625 0.07890625 0.13125
0 0.4375 0.1703125 0.071875 0.10390625
0 0.37265625 0.234375 0.09296875 0.11875
2 0.38046875 0.3953125 0.11953125 0.13828125
1 0.390625 0.3015625 0.1265625 0.16796875
0 0.584375 0.06875 0.065625 0.09375
0 0.584375 0.1875 0.084375 0.11875
2 0.53359375 0.24921875 0.08359375 0.0890625
2 0.478125 0.4 0.1125 0.1578125
1 0.53125 0.3890625 0.109375 0.21015625
0 0.05546875 0.49609375 0.1109375 0.17265625
0 0.21953125 0.440625 0.09453125 0.13125
0 0.23828125 0.59140625 0.13203125 0.21953125
1 0.1109375 0.55546875 0.103125 0.246875
2 0.175 0.540625 0.0859375 0.13359375
2 0.3109375 0.73359375 0.1640625 0.22734375
0 0.0703125 0.79765625 0.140625 0.2125
1 0.246875 0.87421875 0.2375 0.2515625
1 0.0984375 0.9234375 0.196875 0.153125
0 0.6234375 0.39375 0.1140625 0.18984375
0 0.665625 0.328125 0.11640625 0.1578125
0 0.728125 0.2125 0.0859375 0.11875
0 0.66875 0.18046875 0.07890625 0.13828125
2 0.72109375 0.0484375 0.05859375 0.0765625
1 0.9734375 0.22734375 0.053125 0.16796875
0 0.23359375 0.94453125 0.15 0.1109375
0 0.4796875 0.71640625 0.1625 0.28125
0 0.83359375 0.3890625 0.1609375 0.18046875
2 0.9203125 0.49296875 0.159375 0.1921875
1 0.9515625 0.378125 0.096875 0.125
1 0.8875 0.28984375 0.1640625 0.11640625
2 0.7390625 0.5421875 0.14453125 0.1953125
2 0.625 0.75703125 0.15859375 0.27421875
2 0.796875 0.73203125 0.1875 0.21015625
1 0.8578125 0.62734375 0.14296875 0.16796875
0 0.94453125 0.6546875 0.1109375 0.20703125
0 0.85390625 0.8765625 0.24453125 0.246875
1 0.9546875 0.87265625 0.090625 0.24453125