1 0.36015625 0.73203125 0.09609375 0.1359375
0 0.203125 0.953125 0.1484375 0.09375
0 0.34140625 0.915625 0.1171875 0.16875
0 0.44296875 0.97109375 0.0953125 0.0578125
0 0.409375 0.68984375 0.090625 0.140625
0 0.38046875 0.47265625 0.06640625 0.1015625
0 0.034375 0.4421875 0.06796875 0.20703125
0 0.02421875 0.73359375 0.0484375 0.2171875
0 0.10625 0.17265625 0.0734375 0.0890625
0 0.13125 0.12578125 0.0625 0.07890625
0 0.31953125 0.3234375 0.05 0.10390625
0 0.4125 0.2953125 0.053125 0.08671875
0 0.42890625 0.2359375 0.0390625 0.06171875