2 0.746875 0.321875 0.0265625 0.03203125
2 0.71015625 0.334375 0.0265625 0.03671875
2 0.346875 0.68125 0.01796875 0.025
2 0.76171875 0.78671875 0.0125 0.03203125
2 0.575 0.7421875 0.01953125 0.03203125
2 0.46171875 0.8546875 0.015625 0.025
2 0.60390625 0.93125 0.01640625 0.034375
2 0.515625 0.946875 0.021875 0.03203125
0 0.771875 0.19296875 0.078125 0.11328125
0 0.9765625 0.47421875 0.046875 0.1109375
0 0.84609375 0.5453125 0.0640625 0.10859375
0 0.771875 0.7 0.0375 0.06171875
0 0.56875 0.50625 0.065625 0.13359375
0 0.59765625 0.62734375 0.0734375 0.153125
0 0.678125 0.7359375 0.07109375 0.1234375
0 0.24296875 0.86171875 0.103125 0.1578125
0 0.4171875 0.9359375 0.059375 0.11328125
3 0.42109375 0.0453125 0.0828125 0.090625
3 0.53203125 0.20625 0.0390625 0.06640625
3 0.6546875 0.15703125 0.0765625 0.071875
3 0.8203125 0.34296875 0.0734375 0.10390625
3 0.91796875 0.2546875 0.11640625 0.0984375
3 0.95625 0.16796875 0.0875 0.0984375
3 0.8765625 0.4953125 0.053125 0.1015625
3 0.79453125 0.475 0.071875 0.08671875
3 0.79921875 0.646875 0.0484375 0.11328125
3 0.51796875 0.5171875 0.0640625 0.1109375
3 0.3546875 0.4 0.065625 0.0890625
3 0.16484375 0.3890625 0.10703125 0.11640625
3 0.09296875 0.6296875 0.1 0.128125
3 0.0265625 0.671875 0.053125 0.128125
3 0.20859375 0.70625 0.1359375 0.17265625
3 0.10625 0.84453125 0.159375 0.1828125