0 0.859375 0.3171875 0.04296875 0.06640625
1 0.23359375 0.4546875 0.046875 0.059375
2 0.20859375 0.534375 0.0609375 0.09140625
0 0.93671875 0.32734375 0.04296875 0.0765625
0 0.815625 0.2953125 0.0375 0.06640625
0 0.74140625 0.3109375 0.0390625 0.059375
2 0.8078125 0.36875 0.040625 0.0515625
0 0.7859375 0.4046875 0.04140625 0.059375
2 0.81328125 0.4421875 0.05390625 0.07421875
2 0.8640625 0.365625 0.05859375 0.04453125
0 0.896875 0.43203125 0.0390625 0.0640625
0 0.8765625 0.39765625 0.04140625 0.06875
0 0.84609375 0.45078125 0.0390625 0.05703125
2 0.87578125 0.46875 0.0265625 0.06875
2 0.63515625 0.4296875 0.0484375 0.059375
2 0.64296875 0.4875 0.046875 0.08125
2 0.66953125 0.525 0.05 0.0765625
0 0.6859375 0.48359375 0.04140625 0.0640625
0 0.5703125 0.36875 0.0375 0.071875
0 0.5296875 0.40390625 0.0375 0.08125
0 0.503125 0.375 0.0375 0.0640625
0 0.559375 0.4546875 0.04609375 0.07890625
0 0.490625 0.46640625 0.0390625 0.059375
0 0.45234375 0.44296875 0.04296875 0.0765625
2 0.5265625 0.48046875 0.0390625 0.05703125
2 0.565625 0.5515625 0.04609375 0.071875
2 0.5375 0.6 0.046875 0.07421875
2 0.4984375 0.52734375 0.04453125 0.071875
2 0.44453125 0.4890625 0.046875 0.04453125
2 0.43046875 0.61484375 0.05859375 0.10390625
2 0.425 0.54296875 0.053125 0.06875
2 0.3859375 0.559375 0.04140625 0.06640625
2 0.33828125 0.53828125 0.0515625 0.08359375
0 0.38046875 0.4703125 0.04140625 0.06640625
0 0.31328125 0.50625 0.034375 0.0546875
3 0.44296875 0.321875 0.053125 0.06640625
3 0.36484375 0.39765625 0.07109375 0.0546875
4 0.85859375 0.81953125 0.096875 0.31640625
0 0.4875 0.96171875 0.05859375 0.0765625
2 0.4765625 0.9515625 0.05859375 0.0765625
1 0.15625 0.875 0.059375 0.175
1 0.24296875 0.91484375 0.11953125 0.165625
1 0.30078125 0.88984375 0.10390625 0.21953125
2 0.240625 0.846875 0.0765625 0.0984375
2 0.06171875 0.9125 0.0875 0.12578125
0 0.13671875 0.8109375 0.0515625 0.10625
0 0.2171875 0.79140625 0.05703125 0.09609375
0 0.309375 0.79609375 0.0484375 0.09609375
0 0.371875 0.7546875 0.05703125 0.1015625
0 0.3921875 0.81875 0.059375 0.10625
0 0.51875 0.70703125 0.059375 0.1109375
3 0.46796875 0.78359375 0.1109375 0.1359375
1 0.040625 0.74921875 0.08125 0.1109375
2 0.1 0.73359375 0.06640625 0.10859375
2 0.15390625 0.671875 0.078125 0.07421875
2 0.0671875 0.6015625 0.0625 0.08671875
2 0.271875 0.6578125 0.05859375 0.10625
2 0.321875 0.6109375 0.05859375 0.1109375
2 0.440625 0.70390625 0.05703125 0.0984375
2 0.57265625 0.67421875 0.0625 0.09375
2 0.6546875 0.6875 0.0625 0.10625
0 0.6484375 0.62109375 0.05 0.08125
0 0.7046875 0.61484375 0.0625 0.09375
0 0.6625 0.57890625 0.053125 0.08671875
2 0.75625 0.61015625 0.0625 0.09375
2 0.30625 0.48046875 0.05703125 0.09140625
2 0.35234375 0.34296875 0.04609375 0.06875
2 0.3984375 0.32734375 0.04140625 0.06171875