0 0.04140625 0.50859375 0.03359375 0.06171875
3 0.89765625 0.79375 0.1140625 0.15859375
0 0.1515625 0.81796875 0.04921875 0.05625
0 0.225 0.8796875 0.04609375 0.06328125
0 0.22734375 0.78125 0.03984375 0.04609375
0 0.43984375 0.38984375 0.03046875 0.040625
0 0.74375 0.4015625 0.03828125 0.03671875
0 0.68828125 0.45078125 0.04765625 0.06015625
0 0.690625 0.371875 0.0484375 0.04609375
0 0.6515625 0.3578125 0.03671875 0.0546875
0 0.6171875 0.359375 0.03125 0.040625
0 0.5890625 0.4078125 0.0296875 0.03828125
0 0.61796875 0.46953125 0.03984375 0.0515625
0 0.5640625 0.54453125 0.04296875 0.0515625
1 0.58671875 0.74921875 0.17421875 0.115625
1 0.53359375 0.61953125 0.10078125 0.1765625
3 0.075 0.79140625 0.08828125 0.11640625
3 0.4421875 0.78515625 0.0734375 0.11875
3 0.66171875 0.63671875 0.06484375 0.0703125
3 0.61328125 0.57265625 0.07890625 0.0859375
3 0.65703125 0.509375 0.06953125 0.06328125
3 0.6375 0.41875 0.07421875 0.0796875