0 0.209375 0.528125 0.1890625 0.30625
1 0.56640625 0.76875 0.23046875 0.46171875
1 0.44140625 0.75078125 0.16640625 0.4984375
2 0.86015625 0.221875 0.12109375 0.16328125
2 0.80859375 0.1046875 0.1828125 0.209375
2 0.571875 0.1546875 0.09140625 0.140625
1 0.85234375 0.36171875 0.2484375 0.2546875
1 0.59140625 0.06328125 0.15546875 0.08671875
0 0.828125 0.5109375 0.221875 0.35078125
0 0.66015625 0.24453125 0.1625 0.23203125
0 0.66953125 0.39140625 0.1859375 0.27421875
0 0.4625 0.06796875 0.128125 0.1359375
2 0.53671875 0.31875 0.115625 0.19296875
2 0.4046875 0.38984375 0.14296875 0.2171875
1 0.37734375 0.071875 0.0734375 0.11875
0 0.35078125 0.15078125 0.084375 0.10390625
1 0.428125 0.2953125 0.2765625 0.36328125
1 0.259375 0.1640625 0.13359375 0.21015625
1 0.14765625 0.28125 0.25703125 0.16796875
1 0.07890625 0.19296875 0.1578125 0.1234375