2 0.815625 0.875 0.046875 0.065625
1 0.5828125 0.97890625 0.03203125 0.04140625
2 0.5765625 0.7140625 0.0296875 0.03203125
1 0.83359375 0.53046875 0.059375 0.03515625
2 0.8359375 0.6671875 0.02734375 0.03125
2 0.978125 0.65234375 0.03671875 0.0421875
2 0.93359375 0.96796875 0.03984375 0.0625
2 0.865625 0.8984375 0.03671875 0.046875
2 0.69296875 0.775 0.0328125 0.04375
2 0.4296875 0.68046875 0.025 0.03828125
2 0.73359375 0.59921875 0.02578125 0.028125
2 0.7375 0.58046875 0.02578125 0.02734375
2 0.76875 0.74375 0.02265625 0.0390625
2 0.74453125 0.7359375 0.03203125 0.04765625
2 0.6609375 0.87109375 0.03671875 0.05
0 0.6046875 0.83203125 0.04140625 0.07578125
3 0.75234375 0.3765625 0.03203125 0.04453125
3 0.91796875 0.3703125 0.04765625 0.0453125
3 0.60234375 0.4953125 0.0328125 0.05
3 0.46875 0.64609375 0.04921875 0.078125
3 0.44375 0.51953125 0.0421875 0.05
3 0.28828125 0.65 0.03359375 0.05390625
3 0.378125 0.884375 0.0515625 0.10546875
2 0.690625 0.978125 0.04375 0.04375