3 0.575 0.490625 0.0390625 0.05625
0 0.478125 0.25859375 0.03203125 0.0484375
0 0.5078125 0.2703125 0.0265625 0.05
0 0.3640625 0.5453125 0.034375 0.059375
0 0.35234375 0.6484375 0.0546875 0.08203125
0 0.571875 0.4125 0.028125 0.04375
0 0.6484375 0.55390625 0.0578125 0.0765625
0 0.98359375 0.59609375 0.03125 0.09375
0 0.90234375 0.66875 0.04453125 0.06484375
0 0.925 0.7515625 0.05234375 0.08359375
0 0.43359375 0.865625 0.053125 0.08671875
3 0.76015625 0.875 0.084375 0.13671875
3 0.840625 0.86875 0.09296875 0.13671875