2 0.865625 0.88359375 0.040625 0.04921875
3 0.4875 0.76953125 0.04765625 0.075
3 0.459375 0.6203125 0.03828125 0.0515625
3 0.61640625 0.59375 0.0296875 0.0515625
3 0.646875 0.5578125 0.0265625 0.0484375
3 0.9328125 0.47265625 0.05078125 0.0484375
3 0.76328125 0.46484375 0.03828125 0.0484375
0 0.621875 0.96953125 0.04375 0.06015625
2 0.44765625 0.80546875 0.0265625 0.04140625
2 0.759375 0.87421875 0.03203125 0.053125
2 0.8515625 0.79921875 0.0328125 0.0375
2 0.78125 0.88671875 0.02265625 0.040625
2 0.70625 0.915625 0.03515625 0.04140625
2 0.74609375 0.71484375 0.028125 0.0328125
2 0.7171875 0.68671875 0.0203125 0.040625
2 0.59296875 0.83984375 0.02890625 0.0375
2 0.8203125 0.8890625 0.02890625 0.03671875
2 0.93046875 0.53671875 0.02890625 0.0296875
1 0.8484375 0.64765625 0.06015625 0.04140625