0 0.4109375 0.56328125 0.02265625 0.03515625
0 0.20625 0.5609375 0.03359375 0.03828125
0 0.5078125 0.55546875 0.02734375 0.03515625
0 0.5984375 0.60078125 0.0296875 0.053125
0 0.63203125 0.6234375 0.02890625 0.040625
0 0.64140625 0.65625 0.02265625 0.046875
0 0.64453125 0.734375 0.02890625 0.053125
0 0.32734375 0.81796875 0.02734375 0.03125
0 0.35390625 0.8421875 0.03515625 0.053125
0 0.38359375 0.98515625 0.0390625 0.0296875
0 0.503125 0.98671875 0.03359375 0.0265625
0 0.4703125 0.97421875 0.02578125 0.0515625