3 0.0484375 0.82109375 0.0890625 0.1453125
3 0.19453125 0.35703125 0.078125 0.140625
0 0.71484375 0.14296875 0.03203125 0.08359375
0 0.3890625 0.10859375 0.0609375 0.04921875
0 0.3234375 0.23359375 0.0640625 0.09140625
0 0.28125 0.33359375 0.09296875 0.11328125
0 0.346875 0.453125 0.0875 0.165625
0 0.23671875 0.5578125 0.090625 0.153125
0 0.346875 0.58359375 0.065625 0.10625
0 0.36875 0.76171875 0.08203125 0.15078125
0 0.26953125 0.79765625 0.0640625 0.153125
0 0.18359375 0.940625 0.1109375 0.11875
0 0.403125 0.8828125 0.08046875 0.16015625
0 0.478125 0.6578125 0.071875 0.1109375
0 0.5171875 0.55078125 0.07109375 0.08359375
0 0.703125 0.85703125 0.0625 0.10390625
0 0.94296875 0.6109375 0.05859375 0.0765625
0 0.7828125 0.73828125 0.07109375 0.09375
2 0.25859375 0.92578125 0.04453125 0.08359375
2 0.40703125 0.61875 0.03046875 0.06640625
2 0.06015625 0.534375 0.0515625 0.06640625
2 0.421875 0.44921875 0.03203125 0.0546875
2 0.54765625 0.45078125 0.02890625 0.046875
2 0.0859375 0.1953125 0.025 0.0296875
2 0.4546875 0.0890625 0.0265625 0.03984375