2 0.865625 0.846875 0.03671875 0.0515625
2 0.815625 0.8203125 0.04765625 0.05625
2 0.93046875 0.90390625 0.0421875 0.0640625
3 0.36953125 0.828125 0.06328125 0.1125
3 0.46640625 0.60390625 0.05234375 0.0796875
3 0.44140625 0.48515625 0.04296875 0.04765625
3 0.2890625 0.6171875 0.0296875 0.04921875
3 0.60234375 0.471875 0.040625 0.0515625
3 0.91953125 0.33984375 0.05546875 0.04375
3 0.75 0.35625 0.0328125 0.04609375
1 0.57265625 0.94609375 0.0546875 0.10703125
0 0.6015625 0.77890625 0.04453125 0.075
2 0.6890625 0.928125 0.04765625 0.06796875
1 0.8359375 0.49453125 0.0546875 0.04296875
2 0.7453125 0.690625 0.03203125 0.04921875
2 0.76796875 0.69921875 0.02578125 0.03046875
2 0.9796875 0.609375 0.03984375 0.0390625
2 0.83671875 0.62109375 0.03359375 0.0390625
2 0.7375 0.5484375 0.02578125 0.03125
2 0.7328125 0.56640625 0.02421875 0.0234375
2 0.65703125 0.82109375 0.04140625 0.0515625
2 0.428125 0.63671875 0.0234375 0.03515625