3 0.4 0.6 0.071875 0.0984375
3 0.37734375 0.821875 0.08203125 0.11875
0 0.88671875 0.1578125 0.040625 0.059375
0 0.9515625 0.23203125 0.053125 0.0640625
0 0.82109375 0.2359375 0.04453125 0.06171875
0 0.42578125 0.3359375 0.0484375 0.10859375
0 0.48203125 0.35078125 0.03359375 0.059375
0 0.6109375 0.3546875 0.05859375 0.1015625
0 0.6484375 0.54921875 0.05 0.06640625
0 0.96796875 0.5875 0.04453125 0.08359375
0 0.70390625 0.72109375 0.05546875 0.128125
0 0.615625 0.81953125 0.0875 0.14296875
0 0.5265625 0.9453125 0.078125 0.10859375
0 0.8171875 0.921875 0.0734375 0.09140625
1 0.515625 0.640625 0.15390625 0.15546875
1 0.86171875 0.56640625 0.10390625 0.18984375