2 0.4125 0.45 0.04453125 0.06328125
2 0.51640625 0.41171875 0.03515625 0.046875
2 0.74140625 0.42578125 0.0578125 0.0796875
2 0.84375 0.42734375 0.05859375 0.07734375
2 0.865625 0.3328125 0.04921875 0.06484375
2 0.95 0.1296875 0.05078125 0.06171875
2 0.61640625 0.14765625 0.03671875 0.0484375
2 0.5671875 0.265625 0.0453125 0.05
2 0.91796875 0.8875 0.08359375 0.13828125
3 0.66328125 0.83046875 0.11484375 0.21953125
2 0.775 0.30703125 0.040625 0.04453125
2 0.61640625 0.07265625 0.0328125 0.04609375