3 0.43125 0.5765625 0.0625 0.09140625
2 0.671875 0.7765625 0.05859375 0.06640625
2 0.84375 0.63828125 0.07890625 0.1109375
0 0.74921875 0.06015625 0.05390625 0.0765625
0 0.23203125 0.4109375 0.0359375 0.0765625
0 0.5078125 0.11484375 0.04296875 0.08125
0 0.85390625 0.26640625 0.05859375 0.06875
0 0.63671875 0.60625 0.084375 0.15078125
1 0.403125 0.87734375 0.071875 0.2453125
1 0.85234375 0.528125 0.1234375 0.19296875
1 0.93125 0.44453125 0.1015625 0.10390625
1 0.48125 0.465625 0.14296875 0.08125