0 0.05546875 0.425 0.03515625 0.059375
1 0.32421875 0.80390625 0.06875 0.1796875
3 0.9453125 0.8578125 0.06640625 0.1265625
3 0.4109375 0.76875 0.06328125 0.11171875
1 0.66875 0.375 0.06015625 0.1609375
1 0.58359375 0.41796875 0.078125 0.08203125
1 0.80625 0.23203125 0.0828125 0.0515625
0 0.89609375 0.20546875 0.04921875 0.071875
0 0.92734375 0.16171875 0.03359375 0.05078125
0 0.7453125 0.39375 0.0421875 0.07109375
0 0.39140625 0.946875 0.07578125 0.10625
2 0.77578125 0.88359375 0.04609375 0.11015625
2 0.153125 0.48125 0.03515625 0.05390625