2 0.81875 0.91953125 0.04609375 0.059375
2 0.740625 0.61171875 0.025 0.028125
2 0.86484375 0.86875 0.025 0.05
2 0.6625 0.9203125 0.0328125 0.0453125
2 0.43671875 0.72109375 0.025 0.03828125
3 0.390625 0.92265625 0.0421875 0.10859375
3 0.47265625 0.6828125 0.05546875 0.08125
3 0.446875 0.54609375 0.04375 0.05078125
3 0.6078125 0.528125 0.03359375 0.05703125
3 0.753125 0.39609375 0.03046875 0.04375
3 0.9234375 0.390625 0.04609375 0.0578125
1 0.8375 0.56171875 0.05390625 0.04765625
0 0.61015625 0.87265625 0.04765625 0.08125
2 0.696875 0.815625 0.03515625 0.046875
2 0.74921875 0.77421875 0.03125 0.0484375
2 0.77109375 0.784375 0.02421875 0.034375
2 0.8375 0.703125 0.02890625 0.03359375
2 0.73671875 0.63203125 0.02734375 0.03046875
2 0.5796875 0.75390625 0.02734375 0.03359375
2 0.809375 0.78671875 0.0265625 0.03203125
2 0.8671875 0.94921875 0.03203125 0.046875
2 0.9796875 0.69375 0.03828125 0.0390625