2 0.46328125 0.3515625 0.03671875 0.06015625
2 0.66484375 0.14140625 0.040625 0.05390625
3 0.4359375 0.925 0.06015625 0.09296875
3 0.4640625 0.9765625 0.0640625 0.046875
2 0.71015625 0.1328125 0.03125 0.0484375
2 0.66640625 0.42578125 0.0375 0.0640625
2 0.46171875 0.540625 0.0359375 0.0578125
2 0.3078125 0.1609375 0.040625 0.0640625
2 0.32109375 0.5109375 0.0421875 0.071875
2 0.37265625 0.625 0.0453125 0.075
2 0.40234375 0.53515625 0.03671875 0.06015625
2 0.903125 0.9484375 0.03984375 0.06953125
3 0.77890625 0.03984375 0.046875 0.0796875
2 0.93359375 0.659375 0.0390625 0.07265625
2 0.53125 0.55 0.0453125 0.0890625