0 0.8140625 0.4890625 0.05 0.06875
0 0.8640625 0.43828125 0.04453125 0.06171875
0 0.60546875 0.440625 0.0359375 0.05703125
0 0.246875 0.6640625 0.05 0.07421875
0 0.30078125 0.62109375 0.0484375 0.06640625
0 0.346875 0.58046875 0.0359375 0.0546875
0 0.1078125 0.7875 0.05390625 0.08359375
3 0.578125 0.61875 0.0515625 0.06640625
3 0.675 0.73203125 0.04453125 0.08125
3 0.5796875 0.94296875 0.0515625 0.08359375
0 0.34921875 0.77265625 0.07109375 0.11875
0 0.46015625 0.86875 0.084375 0.16796875
0 0.42109375 0.740625 0.06953125 0.10390625