2 0.8234375 0.95 0.046875 0.0625
2 0.9234375 0.4765625 0.03046875 0.0265625
2 0.78203125 0.615625 0.02421875 0.03125
2 0.98203125 0.725 0.03515625 0.04296875
2 0.66875 0.94296875 0.0359375 0.0546875
2 0.87109375 0.978125 0.03125 0.04375
0 0.61171875 0.9015625 0.04453125 0.06640625
1 0.840625 0.58359375 0.0578125 0.04375
2 0.74375 0.6328125 0.02734375 0.034375
2 0.7390625 0.65234375 0.028125 0.03046875
2 0.81171875 0.8140625 0.025 0.0359375
2 0.775 0.815625 0.02578125 0.03671875
2 0.83984375 0.73046875 0.03125 0.03515625
2 0.5828125 0.77734375 0.028125 0.04140625
2 0.7 0.84296875 0.03359375 0.04296875
2 0.7515625 0.803125 0.0328125 0.04921875
2 0.440625 0.74375 0.0265625 0.0421875
3 0.92265625 0.409375 0.0484375 0.046875
3 0.75703125 0.4171875 0.03359375 0.0515625
3 0.60546875 0.53984375 0.034375 0.05390625
3 0.45078125 0.56796875 0.04375 0.05625
3 0.478125 0.70859375 0.0484375 0.078125
3 0.39609375 0.953125 0.040625 0.084375