2 0.82734375 0.9328125 0.0265625 0.034375
2 0.753125 0.7515625 0.0234375 0.0296875
2 0.68125 0.7234375 0.02421875 0.034375
3 0.49296875 0.803125 0.05234375 0.08125
3 0.46484375 0.64609375 0.04453125 0.05703125
3 0.76875 0.48984375 0.02890625 0.04375
3 0.93984375 0.50546875 0.04609375 0.06015625
3 0.6203125 0.621875 0.03125 0.0375
2 0.453125 0.83984375 0.028125 0.040625
2 0.76640625 0.9140625 0.0296875 0.05078125
2 0.85859375 0.84296875 0.028125 0.04140625
2 0.7890625 0.9296875 0.02578125 0.0328125
2 0.71328125 0.95703125 0.034375 0.0421875
2 0.5984375 0.8765625 0.03046875 0.0359375
2 0.875 0.93203125 0.03359375 0.05234375
2 0.9375 0.57265625 0.0296875 0.02890625
1 0.85625 0.684375 0.06328125 0.04765625