1 0.15703125 0.89375 0.06640625 0.11875
3 0.31640625 0.82578125 0.0609375 0.08125
3 0.29375 0.5984375 0.06796875 0.1359375
3 0.52734375 0.56875 0.059375 0.12109375
3 0.30078125 0.14296875 0.07890625 0.09375
3 0.53515625 0.03671875 0.0453125 0.0734375
3 0.88984375 0.18671875 0.0765625 0.10625
0 0.1453125 0.1296875 0.07109375 0.1109375
0 0.56640625 0.24921875 0.0640625 0.13359375
0 0.596875 0.38359375 0.0734375 0.15078125
0 0.803125 0.5484375 0.10859375 0.1875
0 0.7640625 0.21875 0.11640625 0.2046875