3 0.6046875 0.42578125 0.0359375 0.03828125
2 0.83671875 0.5703125 0.03125 0.03203125
2 0.734375 0.5140625 0.028125 0.02578125
2 0.7375 0.496875 0.0234375 0.025
2 0.76484375 0.6421875 0.02109375 0.03046875
2 0.92734375 0.8296875 0.040625 0.0609375
2 0.8125 0.753125 0.046875 0.0515625
3 0.3609375 0.77109375 0.07890625 0.10859375
3 0.4671875 0.55078125 0.0484375 0.06875
3 0.4453125 0.4390625 0.040625 0.0484375
3 0.92421875 0.290625 0.04453125 0.046875
3 0.75390625 0.31171875 0.02890625 0.03671875
0 0.6015625 0.7109375 0.040625 0.06640625
1 0.571875 0.88671875 0.05 0.1359375
2 0.68671875 0.8578125 0.04609375 0.06015625
2 0.8734375 0.9265625 0.0515625 0.0703125
2 0.74296875 0.63125 0.03359375 0.0484375
1 0.83671875 0.44765625 0.05703125 0.040625
2 0.97734375 0.54296875 0.040625 0.04296875
3 0.29375 0.56875 0.03828125 0.05078125
2 0.428125 0.58125 0.0234375 0.0328125
2 0.65703125 0.75625 0.03515625 0.04453125