0 0.10546875 0.0375 0.05 0.075
0 0.2 0.03671875 0.03828125 0.0609375
0 0.290625 0.07109375 0.03046875 0.05390625
0 0.51484375 0.07421875 0.03359375 0.0484375
0 0.63203125 0.165625 0.04375 0.053125
0 0.740625 0.1453125 0.03671875 0.06328125
0 0.759375 0.1640625 0.03359375 0.0453125
0 0.83671875 0.27890625 0.03515625 0.046875
0 0.6921875 0.278125 0.03359375 0.05
0 0.56875 0.2234375 0.0515625 0.05390625
0 0.47109375 0.25078125 0.03828125 0.053125
0 0.1328125 0.365625 0.05390625 0.06484375
0 0.37890625 0.59453125 0.078125 0.11484375
0 0.55625 0.4359375 0.0640625 0.090625
0 0.6765625 0.509375 0.0515625 0.08203125
0 0.5796875 0.62109375 0.03984375 0.07578125
0 0.91015625 0.78515625 0.07421875 0.109375
0 0.928125 0.94765625 0.10234375 0.1046875
0 0.23515625 0.92890625 0.08046875 0.115625
0 0.4890625 0.85390625 0.075 0.11484375
3 0.80078125 0.22578125 0.04609375 0.0390625
1 0.5890625 0.946875 0.06953125 0.10625
1 0.7171875 0.684375 0.16328125 0.11328125
1 0.68046875 0.21328125 0.128125 0.0515625
1 0.58046875 0.27109375 0.1125 0.05625
3 0.94453125 0.33046875 0.05546875 0.07109375
3 0.7953125 0.34609375 0.0828125 0.09375
3 0.26015625 0.24609375 0.07734375 0.09140625
3 0.04296875 0.46171875 0.06484375 0.071875