1 0.496875 0.51484375 0.05859375 0.18515625
3 0.3890625 0.75703125 0.09453125 0.12109375
3 0.078125 0.72109375 0.090625 0.10859375
0 0.79140625 0.71953125 0.0859375 0.16015625
0 0.7796875 0.3875 0.07109375 0.1234375
0 0.71796875 0.4984375 0.1 0.16328125
0 0.596875 0.58671875 0.09453125 0.1703125
0 0.5953125 0.44453125 0.07890625 0.10390625
0 0.671875 0.31640625 0.0640625 0.059375
0 0.59765625 0.27265625 0.065625 0.1015625
0 0.571875 0.16875 0.046875 0.08671875
0 0.40546875 0.9171875 0.1109375 0.16015625
0 0.2703125 0.80703125 0.09609375 0.153125