0 0.6875 0.9125 0.02890625 0.05078125
0 0.79609375 0.12265625 0.021875 0.03203125
0 0.76171875 0.140625 0.02265625 0.03671875
0 0.77421875 0.0796875 0.02265625 0.034375
0 0.94140625 0.60859375 0.03203125 0.06015625
0 0.58203125 0.13046875 0.02421875 0.0359375
0 0.2609375 0.22578125 0.028125 0.0515625
3 0.634375 0.1921875 0.03359375 0.046875
3 0.82734375 0.43515625 0.03515625 0.0359375
0 0.7828125 0.49296875 0.03671875 0.05625
0 0.69453125 0.7515625 0.03125 0.06015625
0 0.44375 0.690625 0.03984375 0.05625
3 0.67421875 0.86328125 0.0296875 0.06015625
3 0.93671875 0.50546875 0.0375 0.0484375
3 0.3984375 0.3328125 0.02578125 0.02890625
1 0.37734375 0.35859375 0.0203125 0.0640625