2 0.371875 0.490625 0.03046875 0.053125
2 0.36171875 0.465625 0.0296875 0.05390625
2 0.46171875 0.26328125 0.0296875 0.04375
3 0.6203125 0.07109375 0.05234375 0.071875
1 0.78125 0.48125 0.03828125 0.11484375
0 0.43359375 0.70859375 0.05703125 0.1046875
0 0.4734375 0.871875 0.053125 0.1078125
1 0.496875 0.93046875 0.0765625 0.1375
1 0.478125 0.80703125 0.06171875 0.07890625
1 0.39765625 0.18203125 0.028125 0.03671875
1 0.44296875 0.13125 0.02734375 0.05546875
1 0.37578125 0.28046875 0.04140625 0.04375
1 0.44765625 0.46484375 0.02578125 0.0390625
1 0.49375 0.38984375 0.0453125 0.04921875
2 0.328125 0.54140625 0.0328125 0.053125
1 0.2890625 0.65625 0.03203125 0.14375
3 0.04296875 0.8078125 0.040625 0.08046875
2 0.6875 0.00859375 0.0234375 0.01640625