0 0.509375 0.66171875 0.02890625 0.05078125
0 0.43671875 0.49609375 0.0359375 0.07109375
0 0.43671875 0.61328125 0.034375 0.059375
0 0.4203125 0.76953125 0.028125 0.046875
0 0.40859375 0.72890625 0.028125 0.04140625
0 0.37890625 0.7421875 0.028125 0.046875
0 0.3828125 0.6859375 0.0234375 0.04921875
1 0.40703125 0.6390625 0.03203125 0.059375
0 0.37265625 0.62265625 0.03046875 0.06328125
0 0.3359375 0.6484375 0.0328125 0.059375
0 0.334375 0.70078125 0.03203125 0.0515625
0 0.3046875 0.6609375 0.0234375 0.0515625
0 0.28125 0.634375 0.02109375 0.0484375
0 0.25859375 0.59921875 0.028125 0.0484375
0 0.2984375 0.559375 0.03515625 0.0609375
1 0.5609375 0.296875 0.040625 0.08828125
1 0.71171875 0.228125 0.0171875 0.03984375
1 0.771875 0.1921875 0.034375 0.053125
1 0.71875 0.06328125 0.03984375 0.0359375
2 0.79296875 0.06796875 0.03125 0.03359375
3 0.44296875 0.88671875 0.07109375 0.2265625
0 0.4578125 0.53828125 0.025 0.0546875
0 0.48515625 0.509375 0.03203125 0.06953125
0 0.471875 0.43984375 0.034375 0.06640625
0 0.5375 0.53046875 0.0359375 0.06953125
0 0.55234375 0.4796875 0.0359375 0.059375
0 0.63515625 0.39140625 0.04375 0.06796875
1 0.6453125 0.4859375 0.053125 0.05703125
2 0.61015625 0.240625 0.0296875 0.03359375
2 0.8890625 0.86640625 0.04609375 0.07109375
3 0.603125 0.84375 0.028125 0.03984375
3 0.67890625 0.8453125 0.0546875 0.0859375
3 0.5609375 0.8140625 0.01875 0.03828125
3 0.35703125 0.4953125 0.03203125 0.0515625