1 0.64921875 0.046875 0.0625 0.06875
1 0.665625 0.16171875 0.06796875 0.09609375
0 0.6265625 0.30390625 0.08046875 0.10390625
0 0.67578125 0.26796875 0.084375 0.11640625
0 0.6796875 0.51875 0.1734375 0.28125
0 0.7953125 0.36796875 0.14296875 0.246875
0 0.73046875 0.034375 0.04453125 0.06875
0 0.725 0.10234375 0.0390625 0.08671875
0 0.67578125 0.93046875 0.1421875 0.1390625
0 0.315625 0.128125 0.08203125 0.17265625
0 0.42890625 0.43359375 0.1109375 0.234375
3 0.33828125 0.38984375 0.090625 0.17265625
3 0.515625 0.3984375 0.078125 0.1109375
2 0.52265625 0.52578125 0.05390625 0.0890625