0 0.3609375 0.53515625 0.021875 0.05078125
0 0.3453125 0.521875 0.01953125 0.04375
3 0.40234375 0.4734375 0.03203125 0.05625
1 0.80390625 0.21171875 0.028125 0.05078125
2 0.64765625 0.25078125 0.025 0.0390625
1 0.5984375 0.29921875 0.0390625 0.07890625
2 0.8109375 0.82578125 0.0421875 0.0640625
1 0.6703125 0.4859375 0.053125 0.053125
3 0.634375 0.79453125 0.046875 0.08359375
0 0.384375 0.61796875 0.025 0.053125
0 0.38125 0.67109375 0.01796875 0.0390625
0 0.384375 0.70546875 0.0234375 0.046875
0 0.36484375 0.74375 0.02578125 0.04609375
0 0.33046875 0.69609375 0.025 0.046875
0 0.34765625 0.66484375 0.0234375 0.04921875
0 0.3578125 0.61953125 0.02109375 0.046875
0 0.3015625 0.5234375 0.01953125 0.03671875
0 0.3171875 0.553125 0.0171875 0.04453125
0 0.30234375 0.59609375 0.025 0.0390625
0 0.3125 0.64140625 0.02421875 0.05859375
0 0.32890625 0.58828125 0.02421875 0.05078125
0 0.4140625 0.58984375 0.034375 0.0609375
0 0.4234375 0.64609375 0.02109375 0.04609375
0 0.41796875 0.69921875 0.0234375 0.0515625
0 0.446875 0.69921875 0.03203125 0.06328125
0 0.47421875 0.5890625 0.03203125 0.0640625
0 0.4765625 0.47421875 0.03203125 0.0734375
0 0.49375 0.52265625 0.0234375 0.04140625
0 0.51796875 0.50546875 0.0328125 0.06953125
0 0.509375 0.43125 0.034375 0.06953125
0 0.56328125 0.515625 0.03515625 0.07109375
0 0.58515625 0.4703125 0.0296875 0.06328125
0 0.66171875 0.3984375 0.04609375 0.0765625
3 0.39140625 0.890625 0.046875 0.0984375
3 0.45 0.803125 0.0625 0.1734375
2 0.37890625 0.77109375 0.01640625 0.02890625
1 0.74375 0.24921875 0.02109375 0.0359375
1 0.7671875 0.07890625 0.04296875 0.03515625
3 0.575 0.7796875 0.01875 0.04140625