3 0.465625 0.85 0.0234375 0.0359375
3 0.50703125 0.8546875 0.034375 0.0609375
2 0.58828125 0.06640625 0.02109375 0.0359375
2 0.44453125 0.2703125 0.0296875 0.03671875
3 0.5875 0.815625 0.0578125 0.090625
0 0.32578125 0.52109375 0.03515625 0.059375
0 0.3484375 0.59921875 0.03515625 0.07109375
0 0.3265625 0.63515625 0.02578125 0.04921875
0 0.29296875 0.58671875 0.03515625 0.059375
1 0.40078125 0.34375 0.03125 0.090625
1 0.5078125 0.48828125 0.05234375 0.04609375
0 0.40703125 0.58203125 0.03359375 0.06328125
0 0.4171875 0.52265625 0.034375 0.0640625
0 0.48515625 0.4015625 0.04375 0.0703125
2 0.77734375 0.72734375 0.0453125 0.06328125
0 0.10078125 0.7953125 0.028125 0.05546875
1 0.5390625 0.23203125 0.01875 0.02734375
1 0.58515625 0.171875 0.03203125 0.03671875
1 0.5234375 0.0765625 0.0328125 0.02890625