0 0.65625 0.4734375 0.03671875 0.0703125
0 0.58515625 0.546875 0.03046875 0.05625
0 0.5671875 0.59375 0.03515625 0.071875
0 0.5109375 0.509375 0.02890625 0.0640625
0 0.521875 0.58515625 0.028125 0.07578125
0 0.50234375 0.6046875 0.01796875 0.03671875
0 0.478125 0.55625 0.03671875 0.07421875
0 0.5203125 0.7046875 0.03203125 0.059375
0 0.4796875 0.6625 0.025 0.05546875
1 0.453125 0.68046875 0.02734375 0.05625
0 0.42421875 0.671875 0.0296875 0.05859375
0 0.43203125 0.7296875 0.02421875 0.04453125
0 0.45234375 0.76171875 0.02421875 0.04296875
0 0.44140625 0.79453125 0.0234375 0.04921875
0 0.425 0.7703125 0.0171875 0.0421875
0 0.3953125 0.78515625 0.0234375 0.04375
0 0.384375 0.74296875 0.0265625 0.0515625
0 0.3890625 0.69296875 0.028125 0.053125
0 0.3546875 0.73828125 0.02265625 0.04375
0 0.36328125 0.69296875 0.02109375 0.04296875
3 0.571875 0.8625 0.0203125 0.0359375
3 0.62578125 0.87421875 0.03984375 0.07265625
2 0.64375 0.33203125 0.02890625 0.03671875
2 0.7875 0.90625 0.03671875 0.06171875
1 0.6640625 0.56171875 0.05 0.04921875
1 0.75625 0.16015625 0.04140625 0.03203125
1 0.7328125 0.33203125 0.0171875 0.034375
1 0.790625 0.29609375 0.02890625 0.04921875
1 0.5953125 0.38203125 0.0421875 0.0765625
3 0.4546875 0.8875 0.059375 0.1734375
3 0.39765625 0.959375 0.03515625 0.08125
2 0.38828125 0.90859375 0.021875 0.03828125
2 0.38203125 0.8515625 0.0203125 0.04140625
0 0.31171875 0.60078125 0.01875 0.03515625
0 0.3109375 0.6734375 0.01875 0.04375
0 0.321875 0.6296875 0.01796875 0.04453125
0 0.3265625 0.7125 0.0171875 0.03671875
0 0.33828125 0.66796875 0.01796875 0.04609375
0 0.3546875 0.5953125 0.01953125 0.040625
0 0.3671875 0.61484375 0.0234375 0.04296875