3 0.86953125 0.2765625 0.10234375 0.125
3 0.9796875 0.09453125 0.040625 0.08046875
1 0.10078125 0.72734375 0.02421875 0.10234375
1 0.18046875 0.6 0.0390625 0.090625
1 0.446875 0.5671875 0.0859375 0.0734375
1 0.46484375 0.41015625 0.040625 0.06171875
1 0.54375 0.33046875 0.04453125 0.090625
1 0.75625 0.890625 0.1078125 0.1234375
2 0.475 0.95546875 0.05546875 0.08125
2 0.5125 0.9875 0.04296875 0.02421875
2 0.61875 0.57734375 0.046875 0.07578125
2 0.98125 0.1609375 0.0375 0.0625
2 0.95703125 0.05703125 0.059375 0.06953125