0 0.8234375 0.365625 0.02265625 0.04375
0 0.8078125 0.3703125 0.02578125 0.053125
0 0.78203125 0.4984375 0.03984375 0.071875
0 0.7625 0.3765625 0.04296875 0.071875
0 0.75703125 0.3171875 0.03359375 0.0625
0 0.66328125 0.38828125 0.0484375 0.0765625
0 0.5453125 0.0859375 0.034375 0.06015625
0 0.478125 0.05078125 0.0390625 0.04921875
0 0.35625 0.6390625 0.1140625 0.1484375
3 0.67578125 0.8109375 0.06640625 0.06328125
3 0.240625 0.16484375 0.05 0.071875
3 0.47734375 0.62578125 0.06328125 0.06328125
3 0.31953125 0.8859375 0.08515625 0.14375