1 0.45078125 0.10703125 0.0265625 0.0359375
2 0.3828125 0.30703125 0.028125 0.0390625
0 0.07109375 0.84453125 0.046875 0.0734375
0 0.2390625 0.65234375 0.040625 0.071875
0 0.3015625 0.65078125 0.03828125 0.06640625
0 0.2703125 0.57421875 0.0390625 0.078125
0 0.365625 0.76796875 0.05 0.09375
0 0.36484375 0.63046875 0.04296875 0.08125
0 0.3734375 0.56796875 0.03828125 0.07421875
0 0.4390625 0.4234375 0.04140625 0.07890625
1 0.3421875 0.3828125 0.02890625 0.09453125
1 0.46875 0.51171875 0.05625 0.0609375
3 0.609375 0.809375 0.05390625 0.07109375
2 0.7921875 0.68125 0.0453125 0.06328125
3 0.4765625 0.87578125 0.0265625 0.0328125
3 0.525 0.87109375 0.03671875 0.059375
1 0.48125 0.25078125 0.0234375 0.03203125
1 0.52421875 0.18828125 0.0359375 0.04375
2 0.5203125 0.08203125 0.02265625 0.04375