3 0.55546875 0.9140625 0.0296875 0.0515625
3 0.609375 0.90546875 0.034375 0.05546875
3 0.68125 0.84140625 0.053125 0.0765625
2 0.8453125 0.71328125 0.0421875 0.05859375
2 0.3921875 0.3484375 0.02734375 0.03828125
2 0.51875 0.128125 0.02421875 0.0390625
1 0.51328125 0.02109375 0.02890625 0.04140625
1 0.4765625 0.06484375 0.028125 0.034375
1 0.4484375 0.15234375 0.03203125 0.0421875
1 0.4890625 0.28984375 0.0234375 0.0359375
1 0.5328125 0.23203125 0.03515625 0.04609375
1 0.35625 0.43046875 0.02578125 0.1046875
1 0.490625 0.55078125 0.05234375 0.059375
0 0.48515625 0.59921875 0.0390625 0.08046875
0 0.4625 0.46796875 0.04375 0.08828125
0 0.41875 0.80859375 0.0515625 0.08828125
0 0.39375 0.60859375 0.04453125 0.0734375
0 0.3859375 0.67265625 0.04296875 0.084375
0 0.32578125 0.69453125 0.0390625 0.071875
0 0.29296875 0.62421875 0.04609375 0.06953125