0 0.56171875 0.9625 0.0515625 0.075
0 0.54921875 0.828125 0.04296875 0.08671875
0 0.58671875 0.73984375 0.0375 0.06171875
0 0.65 0.53828125 0.03359375 0.0640625
0 0.77890625 0.50234375 0.046875 0.0515625
0 0.184375 0.3359375 0.07109375 0.09375
0 0.8703125 0.94296875 0.059375 0.0984375
0 0.95 0.9578125 0.075 0.08359375
0 0.7046875 0.76328125 0.05390625 0.0890625
0 0.15234375 0.95390625 0.0984375 0.0921875
0 0.221875 0.871875 0.05546875 0.0890625
0 0.20859375 0.78671875 0.071875 0.140625
3 0.1484375 0.48359375 0.08359375 0.13828125