3 0.54609375 0.85078125 0.03203125 0.04921875
2 0.6703125 0.06796875 0.0234375 0.03046875
1 0.60546875 0.071875 0.03828125 0.03203125
2 0.515625 0.25703125 0.02734375 0.03828125
2 0.81953125 0.7875 0.04375 0.0640625
3 0.62578125 0.83203125 0.04921875 0.0859375
3 0.40078125 0.91328125 0.053125 0.17265625
1 0.5640625 0.48828125 0.05546875 0.06328125
0 0.2125 0.65078125 0.0421875 0.053125
0 0.36640625 0.66875 0.0296875 0.05859375
0 0.35625 0.54921875 0.02890625 0.0734375
0 0.38203125 0.59140625 0.01953125 0.046875
0 0.40625 0.5625 0.03125 0.06171875
0 0.3875 0.4875 0.03359375 0.06328125
0 0.459375 0.55546875 0.03203125 0.06171875
0 0.47578125 0.5078125 0.0296875 0.05625
0 0.54921875 0.396875 0.03515625 0.071875
1 0.46640625 0.32578125 0.0359375 0.09296875
1 0.609375 0.2296875 0.02109375 0.03046875
1 0.6609375 0.17890625 0.03046875 0.046875