2 0.58125 0.51015625 0.040625 0.071875
2 0.47265625 0.9140625 0.0546875 0.10390625
2 0.4484375 0.85390625 0.04921875 0.08125
1 0.6140625 0.90625 0.06875 0.1109375
1 0.690625 0.778125 0.09140625 0.0984375
1 0.4296875 0.51328125 0.071875 0.065625
1 0.4484375 0.36875 0.0359375 0.059375
1 0.1859375 0.559375 0.0328125 0.08046875
1 0.11328125 0.67890625 0.0234375 0.08828125
1 0.5203125 0.28671875 0.0390625 0.08359375
3 0.8125 0.23671875 0.09296875 0.1078125
3 0.9546875 0.0578125 0.090625 0.115625
2 0.91484375 0.1359375 0.04296875 0.053125
2 0.89453125 0.040625 0.04609375 0.06796875