3 0.4046875 0.45390625 0.0359375 0.071875
3 0.5890625 0.8046875 0.02109375 0.04140625
3 0.62890625 0.83125 0.028125 0.05625
3 0.703125 0.859375 0.059375 0.0890625
2 0.9140625 0.91640625 0.0484375 0.07421875
2 0.8765625 0.0765625 0.0359375 0.04375
2 0.66875 0.23984375 0.03203125 0.03828125
3 0.396875 0.93203125 0.04765625 0.1171875
3 0.47734375 0.87109375 0.0703125 0.24765625
1 0.44140625 0.83125 0.03828125 0.04921875
2 0.36953125 0.778125 0.01953125 0.04140625
2 0.375 0.83984375 0.028125 0.034375
0 0.2921875 0.50703125 0.0171875 0.03671875
0 0.30625 0.5421875 0.02109375 0.05546875
0 0.2921875 0.584375 0.0203125 0.03828125
0 0.3015625 0.6265625 0.01953125 0.04609375
0 0.32734375 0.578125 0.01875 0.046875
0 0.33984375 0.503125 0.02421875 0.0421875
0 0.35703125 0.51875 0.0234375 0.04140625
0 0.35078125 0.60625 0.02109375 0.04375
0 0.34140625 0.65703125 0.02109375 0.05390625
0 0.3234375 0.69140625 0.028125 0.0515625
0 0.35703125 0.74296875 0.0234375 0.05703125
0 0.38125 0.71015625 0.02734375 0.04921875
0 0.3734375 0.6578125 0.028125 0.059375
0 0.38359375 0.6046875 0.02578125 0.0515625
0 0.415625 0.584375 0.02890625 0.05546875
0 0.4203125 0.64375 0.02265625 0.05078125
0 0.41796875 0.7 0.02890625 0.0546875
0 0.44609375 0.70078125 0.03203125 0.0640625
0 0.4578125 0.75078125 0.0296875 0.05625
0 0.478125 0.58125 0.028125 0.05625
0 0.54296875 0.64140625 0.03984375 0.06796875
0 0.50703125 0.66015625 0.02265625 0.04140625
0 0.4828125 0.46953125 0.03515625 0.0734375
0 0.5015625 0.525 0.02578125 0.046875
0 0.528125 0.496875 0.0359375 0.071875
0 0.5171875 0.4171875 0.0328125 0.06953125
0 0.578125 0.51796875 0.04140625 0.08359375
0 0.6015625 0.471875 0.034375 0.06640625
0 0.6859375 0.39453125 0.0453125 0.08359375
1 0.4484375 0.6046875 0.0359375 0.05859375
1 0.69140625 0.49921875 0.0578125 0.06953125
1 0.615625 0.28984375 0.0421875 0.08828125
1 0.790625 0.065625 0.04296875 0.03671875
1 0.77109375 0.24140625 0.0203125 0.04140625
1 0.83671875 0.20546875 0.0375 0.05859375