0 0.65390625 0.734375 0.03359375 0.05703125
0 0.659375 0.6640625 0.03359375 0.059375
0 0.45234375 0.66015625 0.03203125 0.05703125
0 0.215625 0.61015625 0.04609375 0.0890625
0 0.28984375 0.61015625 0.034375 0.08359375
0 0.27734375 0.79375 0.0375 0.09140625
0 0.3421875 0.80390625 0.02890625 0.0515625
0 0.36953125 0.9046875 0.04140625 0.08671875
3 0.10234375 0.41875 0.0765625 0.0765625
3 0.49296875 0.765625 0.04140625 0.0546875
3 0.49921875 0.921875 0.0765625 0.10625
3 0.778125 0.90703125 0.0515625 0.071875