1 0.1984375 0.446875 0.02578125 0.07578125
2 0.76953125 0.06171875 0.0265625 0.03828125
2 0.3515625 0.72734375 0.04453125 0.07109375
2 0.5 0.36484375 0.03828125 0.05546875
3 0.6875 0.1421875 0.06640625 0.08828125
1 0.4125 0.26484375 0.0296875 0.04921875
1 0.4703125 0.20078125 0.02734375 0.05625
1 0.3921875 0.38515625 0.0578125 0.05625
1 0.50234375 0.63125 0.0421875 0.06640625
1 0.5609375 0.540625 0.065625 0.06640625
0 0.51484375 0.9625 0.0765625 0.075
3 0.80546875 0.02734375 0.084375 0.0546875
1 0.928125 0.63046875 0.06640625 0.08828125
2 0.3859375 0.62578125 0.04140625 0.06796875
2 0.403125 0.65625 0.04140625 0.071875