1 0.53125 0.57890625 0.08203125 0.09609375
0 0.30859375 0.23671875 0.0609375 0.10859375
0 0.37734375 0.153125 0.05390625 0.08359375
0 0.6046875 0.440625 0.07109375 0.10625
0 0.62109375 0.5453125 0.0609375 0.0984375
0 0.69609375 0.5109375 0.0640625 0.11328125
0 0.7921875 0.5 0.0765625 0.11640625
0 0.85078125 0.61015625 0.084375 0.11328125
0 0.72578125 0.36796875 0.07890625 0.16328125
3 0.384375 0.6125 0.084375 0.10859375
3 0.7203125 0.65703125 0.09296875 0.11328125
3 0.8359375 0.73125 0.05 0.0890625
3 0.8953125 0.740625 0.06796875 0.08359375
0 0.49765625 0.07890625 0.0375 0.0640625
0 0.534375 0.07421875 0.04296875 0.06875
0 0.57109375 0.0953125 0.04453125 0.06640625
0 0.6203125 0.1015625 0.0375 0.059375
0 0.675 0.13125 0.04140625 0.0546875
0 0.7390625 0.134375 0.053125 0.06640625