0 0.971875 0.359375 0.05546875 0.071875
0 0.6875 0.2421875 0.06640625 0.13359375
0 0.7984375 0.41953125 0.0640625 0.11328125
1 0.37890625 0.66875 0.14140625 0.11328125
1 0.30390625 0.17890625 0.06640625 0.1703125
1 0.134375 0.178125 0.14609375 0.2171875
0 0.184375 0.52109375 0.09140625 0.16328125
0 0.034375 0.628125 0.06796875 0.225
3 0.784375 0.6546875 0.084375 0.128125
3 0.55234375 0.275 0.05703125 0.10625
3 0.459375 0.0421875 0.0515625 0.08359375
3 0.41953125 0.2984375 0.06953125 0.10859375
3 0.2390625 0.51015625 0.05 0.1359375
3 0.1015625 0.51328125 0.1 0.178125