0 0.925 0.96640625 0.09375 0.0671875
0 0.95078125 0.81484375 0.0984375 0.17578125
0 0.90625 0.65703125 0.0828125 0.1359375
0 0.709375 0.80234375 0.071875 0.1078125
0 0.7203125 0.6875 0.06015625 0.08359375
0 0.49375 0.76796875 0.0390625 0.08984375
0 0.85703125 0.57890625 0.0625 0.06328125
0 0.784375 0.340625 0.0296875 0.05546875
0 0.73359375 0.46015625 0.0296875 0.07109375
0 0.8421875 0.4625 0.0421875 0.07109375
3 0.803125 0.69296875 0.06015625 0.05546875
0 0.10390625 0.03671875 0.06796875 0.0734375