2 0.4421875 0.89296875 0.03515625 0.0515625
2 0.4171875 0.78828125 0.0328125 0.0421875
2 0.9625 0.60078125 0.0265625 0.05390625
2 0.50390625 0.6578125 0.03515625 0.06796875
2 0.4078125 0.74296875 0.0421875 0.05234375
2 0.37265625 0.7375 0.03828125 0.065625
2 0.2765625 0.67734375 0.05234375 0.071875
2 0.3609375 0.57109375 0.04140625 0.071875
0 0.08671875 0.18046875 0.1734375 0.2109375
0 0.3703125 0.23515625 0.1046875 0.10390625
0 0.8921875 0.36953125 0.0859375 0.0984375
0 0.9765625 0.475 0.04609375 0.13828125