3 0.45 0.84140625 0.02265625 0.04375
3 0.4953125 0.84296875 0.0375 0.06953125
2 0.40859375 0.27421875 0.028125 0.034375
3 0.5796875 0.7921875 0.05625 0.08046875
2 0.7671875 0.684375 0.046875 0.06171875
1 0.3640625 0.35390625 0.03046875 0.103125
0 0.4546875 0.39921875 0.04453125 0.078125
0 0.38828125 0.53203125 0.0328125 0.06328125
0 0.378125 0.5984375 0.0390625 0.0703125
0 0.36484375 0.73125 0.03203125 0.06171875
0 0.28984375 0.53515625 0.0390625 0.06640625
0 0.31875 0.61171875 0.03515625 0.06875
0 0.26015625 0.60703125 0.0421875 0.06171875
0 0.09765625 0.78125 0.04140625 0.06875
0 0.053125 0.85 0.03203125 0.05390625
1 0.478125 0.4828125 0.0515625 0.04296875
1 0.50078125 0.22421875 0.0203125 0.0296875
1 0.54921875 0.16484375 0.03125 0.0390625
1 0.4796875 0.07890625 0.03125 0.03984375
2 0.546875 0.05546875 0.02421875 0.04296875