2 0.371875 0.44453125 0.0296875 0.05078125
0 0.459375 0.79609375 0.0484375 0.07890625
0 0.4234375 0.64375 0.046875 0.0984375
0 0.35234375 0.809375 0.04296875 0.090625
3 0.61171875 0.0484375 0.04921875 0.0703125
2 0.459375 0.23046875 0.0296875 0.04375
2 0.32734375 0.4921875 0.03125 0.046875
1 0.48046875 0.8671875 0.07265625 0.15078125
1 0.46484375 0.7328125 0.05703125 0.06484375
1 0.44375 0.10546875 0.02421875 0.0515625
1 0.290625 0.5984375 0.03046875 0.13125
1 0.440625 0.42109375 0.02421875 0.03984375
1 0.48515625 0.35 0.0421875 0.04453125
1 0.3765625 0.25234375 0.0421875 0.046875
1 0.40234375 0.15390625 0.02734375 0.03828125
3 0.05703125 0.7421875 0.0375 0.06953125