2 0.38828125 0.5890625 0.0359375 0.0640625
2 0.37421875 0.56640625 0.034375 0.06953125
3 0.7640625 0.01875 0.07734375 0.0375
0 0.478125 0.8890625 0.06328125 0.12890625
1 0.5421875 0.97421875 0.05234375 0.05078125
1 0.86796875 0.55546875 0.05390625 0.08046875
1 0.5328125 0.48359375 0.05390625 0.0640625
1 0.478125 0.57578125 0.0296875 0.04296875
1 0.38125 0.34453125 0.04765625 0.0515625
1 0.4015625 0.23515625 0.02890625 0.04296875
1 0.45703125 0.17890625 0.0296875 0.05625
3 0.659375 0.11484375 0.059375 0.08125
2 0.4828125 0.32421875 0.03203125 0.053125
2 0.3375 0.65625 0.0375 0.0640625
2 0.73203125 0.040625 0.0234375 0.03671875