0 0.48515625 0.61796875 0.04296875 0.08359375
1 0.4984375 0.56328125 0.053125 0.05625
1 0.5171875 0.034375 0.025 0.0515625
1 0.5359375 0.246875 0.03671875 0.03671875
1 0.49375 0.309375 0.021875 0.03203125
2 0.4 0.36640625 0.03046875 0.04140625
1 0.3640625 0.453125 0.0265625 0.10703125
0 0.465625 0.484375 0.04296875 0.07890625
0 0.3984375 0.621875 0.0390625 0.08125
0 0.3953125 0.69296875 0.04609375 0.0828125
0 0.41953125 0.81875 0.046875 0.08359375
0 0.3375 0.715625 0.03359375 0.065625
0 0.29921875 0.64453125 0.0421875 0.07421875
3 0.68046875 0.8515625 0.05546875 0.078125
2 0.84765625 0.7140625 0.0453125 0.06171875
3 0.603125 0.921875 0.03125 0.05546875
3 0.55 0.934375 0.02890625 0.05546875
1 0.45234375 0.16796875 0.03125 0.04140625
2 0.525 0.14140625 0.02265625 0.0390625
1 0.47890625 0.084375 0.0234375 0.03359375