0 0.4125 0.32421875 0.034375 0.06484375
0 0.57578125 0.30859375 0.0265625 0.046875
0 0.5484375 0.309375 0.03203125 0.0453125
0 0.615625 0.290625 0.03046875 0.05546875
0 0.9375 0.95859375 0.09453125 0.0828125
0 0.66796875 0.75234375 0.046875 0.084375
0 0.603125 0.17890625 0.0203125 0.046875
0 0.4671875 0.21015625 0.03671875 0.059375
0 0.4484375 0.1046875 0.021875 0.03046875
0 0.36875 0.34765625 0.04375 0.065625
0 0.3859375 0.503125 0.034375 0.05703125
2 0.3125 0.52109375 0.01484375 0.01953125
2 0.22421875 0.3953125 0.0125 0.0203125
3 0.58984375 0.1109375 0.02265625 0.03828125
3 0.3515625 0.23046875 0.02421875 0.02890625
3 0.778125 0.75859375 0.0390625 0.06328125
3 0.9328125 0.90390625 0.04296875 0.0546875
3 0.81875 0.896875 0.0546875 0.09296875
3 0.703125 0.96171875 0.04296875 0.0765625
3 0.359375 0.45546875 0.0421875 0.05390625
3 0.13515625 0.778125 0.05625 0.05390625