3 0.334375 0.80625 0.11484375 0.1109375
0 0.48125 0.54296875 0.02578125 0.0515625
0 0.8703125 0.27265625 0.06328125 0.096875
0 0.61875 0.86015625 0.06328125 0.09453125
0 0.80625 0.1765625 0.0453125 0.0546875
0 0.6640625 0.34453125 0.0421875 0.0484375
0 0.7625 0.49453125 0.0609375 0.0859375
0 0.63359375 0.46796875 0.03984375 0.06328125
0 0.625 0.6828125 0.053125 0.08203125
0 0.5890625 0.58984375 0.0484375 0.06484375
0 0.584375 0.51953125 0.0484375 0.05859375
0 0.05625 0.91171875 0.04765625 0.06796875
0 0.20234375 0.8265625 0.04140625 0.06796875