2 0.52890625 0.06171875 0.02265625 0.03671875
1 0.45859375 0.0828125 0.0328125 0.0390625
1 0.5296875 0.16953125 0.03203125 0.04453125
1 0.48359375 0.22578125 0.02109375 0.03515625
0 0.08046875 0.809375 0.0546875 0.06796875
0 0.2421875 0.628125 0.046875 0.071875
0 0.27421875 0.553125 0.03515625 0.0734375
0 0.30078125 0.6265625 0.0375 0.06875
0 0.359375 0.7375 0.04609375 0.07890625
0 0.36640625 0.60859375 0.034375 0.0765625
0 0.375 0.5421875 0.03515625 0.07421875
0 0.440625 0.4078125 0.04375 0.078125
1 0.3484375 0.359375 0.02890625 0.10234375
1 0.46953125 0.4921875 0.0578125 0.05390625
2 0.77421875 0.66875 0.04296875 0.0609375
3 0.5890625 0.78828125 0.059375 0.090625
2 0.3890625 0.284375 0.0265625 0.03359375