3 0.2984375 0.96015625 0.06015625 0.07890625
3 0.3953125 0.93984375 0.05859375 0.1015625
3 0.15546875 0.95 0.09921875 0.1
0 0.79765625 0.74453125 0.03125 0.06171875
3 0.7109375 0.81875 0.03828125 0.08203125
3 0.5359375 0.7203125 0.03984375 0.05703125
3 0.48359375 0.67890625 0.05546875 0.06640625
3 0.240625 0.65078125 0.07578125 0.08203125
3 0.196875 0.51328125 0.0671875 0.08125
3 0.08125 0.49921875 0.059375 0.0484375
3 0.33046875 0.62265625 0.046875 0.04609375
0 0.2921875 0.60078125 0.08828125 0.1265625