3 0.61875 0.9609375 0.065625 0.078125
3 0.60078125 0.5875 0.06796875 0.07734375
3 0.4328125 0.57734375 0.06796875 0.08125
3 0.32265625 0.71953125 0.04453125 0.04609375
3 0.3421875 0.81953125 0.04609375 0.07265625
3 0.296875 0.8671875 0.034375 0.05546875
0 0.978125 0.128125 0.04375 0.08125
0 0.93515625 0.159375 0.0375 0.0609375
0 0.8921875 0.12109375 0.04140625 0.0734375
0 0.84375 0.19140625 0.0359375 0.06796875
0 0.78125 0.290625 0.0328125 0.05625
0 0.846875 0.4390625 0.06796875 0.08515625
0 0.73203125 0.4171875 0.04609375 0.07265625
0 0.43125 0.52265625 0.0484375 0.05