3 0.29765625 0.771875 0.0875 0.12109375
3 0.0765625 0.96796875 0.096875 0.0640625
3 0.71328125 0.51640625 0.0484375 0.0890625
0 0.63046875 0.928125 0.05859375 0.10390625
0 0.56640625 0.90625 0.05 0.09375
0 0.959375 0.2890625 0.04140625 0.06875
0 0.784375 0.1578125 0.03203125 0.0890625
0 0.83046875 0.2984375 0.04453125 0.06875
0 0.86640625 0.6 0.04453125 0.07890625
0 0.73359375 0.721875 0.053125 0.09609375
0 0.503125 0.46796875 0.046875 0.0765625
0 0.44609375 0.56796875 0.05 0.0890625
0 0.353125 0.621875 0.04609375 0.0890625
0 0.18359375 0.34921875 0.05859375 0.08125
0 0.2125 0.24296875 0.0390625 0.071875
0 0.11953125 0.275 0.046875 0.071875