3 0.54453125 0.96484375 0.025 0.0484375
3 0.6 0.95 0.0328125 0.053125
3 0.6703125 0.88203125 0.053125 0.08203125
2 0.8296875 0.73984375 0.0453125 0.05859375
2 0.3625 0.37109375 0.028125 0.04140625
2 0.48984375 0.1453125 0.0234375 0.040625
0 0.35703125 0.70234375 0.05 0.08046875
0 0.36484375 0.6328125 0.04140625 0.0765625
0 0.4328125 0.4953125 0.04453125 0.08359375
0 0.46328125 0.62890625 0.0453125 0.0828125
0 0.3984375 0.84296875 0.04921875 0.0859375
1 0.325 0.4578125 0.028125 0.09453125
1 0.4640625 0.575 0.046875 0.053125
1 0.459375 0.31171875 0.021875 0.03359375
1 0.503125 0.25234375 0.0390625 0.03828125
1 0.415625 0.16640625 0.03515625 0.03515625
1 0.48125 0.0359375 0.02421875 0.04609375
1 0.440625 0.0734375 0.01953125 0.0359375