2 0.3765625 0.37421875 0.03203125 0.04921875
1 0.4421875 0.79375 0.04140625 0.1046875
3 0.59453125 0.98203125 0.01640625 0.03515625
3 0.7015625 0.97578125 0.04609375 0.04765625
2 0.8578125 0.82421875 0.046875 0.06171875
2 0.33671875 0.41640625 0.02578125 0.040625
2 0.4671875 0.18046875 0.0203125 0.0390625
1 0.45703125 0.06796875 0.02109375 0.03984375
1 0.41484375 0.11328125 0.02734375 0.02890625
1 0.3921875 0.20078125 0.03671875 0.04453125
1 0.43984375 0.353125 0.02265625 0.034375
1 0.48515625 0.29296875 0.0375 0.05078125
1 0.45078125 0.628125 0.053125 0.0640625
1 0.30078125 0.50625 0.02734375 0.11015625
0 0.44453125 0.6875 0.04140625 0.08671875
0 0.41484375 0.546875 0.04609375 0.084375
0 0.3984375 0.928125 0.0421875 0.08828125
0 0.3453125 0.6953125 0.046875 0.08359375
0 0.3390625 0.759375 0.03984375 0.06953125
3 0.61015625 0.021875 0.0484375 0.04296875
3 0.09453125 0.634375 0.028125 0.06875