3 0.5578125 0.9265625 0.03671875 0.065625
3 0.61015625 0.9140625 0.03125 0.05859375
3 0.68515625 0.84609375 0.05703125 0.07578125
1 0.496875 0.55859375 0.05546875 0.05390625
2 0.396875 0.365625 0.02734375 0.0359375
2 0.84765625 0.709375 0.04609375 0.06328125
2 0.52265625 0.1390625 0.01953125 0.04140625
1 0.47890625 0.08125 0.02734375 0.03125
1 0.515625 0.02890625 0.0234375 0.046875
1 0.4546875 0.16171875 0.0359375 0.040625
1 0.4921875 0.30078125 0.01796875 0.03046875
1 0.534375 0.2390625 0.034375 0.0390625
1 0.3609375 0.44296875 0.028125 0.0953125
0 0.46484375 0.48125 0.0484375 0.08125
0 0.4859375 0.6125 0.03984375 0.06953125
0 0.39921875 0.61328125 0.046875 0.07890625
0 0.3953125 0.68203125 0.0421875 0.078125
0 0.42265625 0.81796875 0.05 0.09609375
0 0.33515625 0.7140625 0.04140625 0.07109375
0 0.29921875 0.6390625 0.0453125 0.08046875