1 0.48828125 0.38046875 0.0390625 0.05078125
3 0.50625 0.3078125 0.034375 0.04375
3 0.4609375 0.2796875 0.03203125 0.046875
2 0.35078125 0.496875 0.02421875 0.03203125
2 0.38671875 0.4796875 0.02578125 0.0265625
2 0.4140625 0.53984375 0.02578125 0.03671875
3 0.65625 0.75390625 0.07890625 0.11875
3 0.671875 0.63828125 0.05234375 0.0828125
1 0.596875 0.621875 0.05 0.10859375
1 0.4234375 0.90546875 0.04296875 0.12265625
3 0.37890625 0.821875 0.05234375 0.09296875
3 0.10546875 0.6640625 0.053125 0.08125
1 0.1859375 0.525 0.071875 0.040625