2 0.7171875 0.19609375 0.0265625 0.03125
2 0.709375 0.146875 0.02890625 0.03828125
0 0.90625 0.234375 0.04453125 0.0734375
0 0.884375 0.16796875 0.04375 0.08046875
3 0.4765625 0.7609375 0.11328125 0.21796875
3 0.8859375 0.86171875 0.10078125 0.17578125
2 0.93203125 0.9609375 0.0640625 0.078125
2 0.86484375 0.42109375 0.05859375 0.046875
3 0.76875 0.3875 0.10234375 0.0859375
3 0.3796875 0.58515625 0.05703125 0.08515625
3 0.4296875 0.4765625 0.05546875 0.0734375
3 0.44140625 0.37265625 0.03203125 0.03828125
3 0.3859375 0.45859375 0.0375 0.0484375
1 0.23671875 0.60546875 0.02578125 0.0515625
2 0.29296875 0.63671875 0.03046875 0.04921875
2 0.30234375 0.596875 0.0203125 0.0484375
2 0.16484375 0.65703125 0.02265625 0.0265625
2 0.17109375 0.68828125 0.02734375 0.04296875
2 0.19140625 0.5421875 0.0234375 0.03203125
2 0.55390625 0.3984375 0.03515625 0.05078125