1 0.88671875 0.175 0.17890625 0.1125
0 0.71640625 0.2390625 0.109375 0.17890625
0 0.80390625 0.284375 0.10859375 0.19296875
0 0.778125 0.38046875 0.09921875 0.19296875
0 0.71640625 0.41796875 0.08984375 0.18203125
0 0.6125 0.39296875 0.11328125 0.2109375
0 0.6625 0.540625 0.12421875 0.20859375
1 0.91640625 0.65625 0.13046875 0.15390625
0 0.92578125 0.57578125 0.08203125 0.1265625
0 0.8515625 0.5703125 0.06953125 0.1171875
3 0.0328125 0.49921875 0.06484375 0.15859375
3 0.3484375 0.421875 0.07578125 0.14765625
3 0.4109375 0.2828125 0.109375 0.1125
1 0.809375 0.75078125 0.11796875 0.24765625
1 0.45078125 0.77578125 0.09921875 0.06328125
0 0.709375 0.66953125 0.0796875 0.13828125
0 0.9125 0.22734375 0.11171875 0.20078125
0 0.98046875 0.22734375 0.0390625 0.19609375
0 0.76328125 0.11875 0.11796875 0.2015625
0 0.875 0.04375 0.10859375 0.0875
2 0.16953125 0.66875 0.05 0.08359375
2 0.60625 0.109375 0.0546875 0.07890625
2 0.3703125 0.81328125 0.0515625 0.0875