1 0.95703125 0.41640625 0.0859375 0.1734375
0 0.93828125 0.55703125 0.1234375 0.1984375
0 0.940625 0.70390625 0.11875 0.19140625
0 0.83203125 0.70078125 0.0984375 0.1859375
0 0.825 0.9390625 0.096875 0.121875
0 0.971875 0.25234375 0.05625 0.1796875
0 0.8796875 0.3484375 0.1203125 0.20078125
0 0.8296875 0.49140625 0.1265625 0.20859375
0 0.709375 0.66875 0.12421875 0.22578125
2 0.68046875 0.2953125 0.0703125 0.08671875
3 0.465625 0.490625 0.11171875 0.134375
3 0.3984375 0.640625 0.09140625 0.19296875
3 0.05 0.67265625 0.06953125 0.1765625
0 0.771875 0.83671875 0.103125 0.18203125
2 0.70625 0.45859375 0.04375 0.0515625