0 0.04140625 0.1671875 0.05078125 0.06875
0 0.09921875 0.22109375 0.053125 0.065625
0 0.8734375 0.21953125 0.10546875 0.13125
0 0.603125 0.240625 0.09765625 0.12578125
0 0.309375 0.37890625 0.06171875 0.12265625
0 0.37734375 0.25625 0.0484375 0.09140625
0 0.315625 0.1828125 0.0515625 0.08828125
0 0.28125 0.2328125 0.0453125 0.06953125
0 0.26640625 0.28046875 0.046875 0.06796875
0 0.18125 0.2265625 0.05625 0.08671875
0 0.1578125 0.26796875 0.03671875 0.0484375
0 0.47734375 0.80078125 0.08203125 0.1234375
0 0.1046875 0.6671875 0.11015625 0.165625
0 0.26640625 0.684375 0.0859375 0.140625