2 0.49375 0.54609375 0.03515625 0.04375
1 0.778125 0.51796875 0.06953125 0.08359375
2 0.85390625 0.646875 0.05703125 0.06171875
0 0.12421875 0.68671875 0.0734375 0.09296875
3 0.0203125 0.4671875 0.040625 0.0890625
3 0.303125 0.23125 0.05 0.07109375
3 0.3984375 0.81875 0.05625 0.11171875
2 0.90625 0.8921875 0.06796875 0.10625
2 0.90625 0.76171875 0.06484375 0.09765625
2 0.71171875 0.85390625 0.0421875 0.06640625
2 0.4390625 0.97421875 0.03984375 0.05078125
3 0.90703125 0.27421875 0.05703125 0.078125
3 0.9109375 0.10859375 0.05703125 0.07578125
3 0.38515625 0.64609375 0.0390625 0.08046875
3 0.95 0.48671875 0.05546875 0.0734375