1 0.51796875 0.021875 0.025 0.04296875
2 0.64296875 0.48046875 0.0390625 0.03125
2 0.58984375 0.653125 0.0515625 0.05703125
2 0.53671875 0.48046875 0.06484375 0.11015625
1 0.871875 0.52890625 0.18515625 0.14453125
0 0.81875 0.33984375 0.1203125 0.171875
0 0.9765625 0.5640625 0.046875 0.1734375
0 0.9046875 0.57734375 0.1015625 0.190625
0 0.73125 0.48515625 0.1078125 0.1890625
0 0.70859375 0.6453125 0.12109375 0.19453125
0 0.81640625 0.67578125 0.10546875 0.21484375
0 0.846875 0.8546875 0.1234375 0.21328125
0 0.75234375 0.85546875 0.0953125 0.19140625
0 0.70703125 0.9625 0.1 0.075
0 0.6328125 0.88828125 0.125 0.2234375
3 0.34921875 0.790625 0.1015625 0.17421875