0 0.98515625 0.58984375 0.0296875 0.1828125
0 0.60859375 0.9234375 0.1265625 0.153125
0 0.72265625 0.90703125 0.0984375 0.18515625
0 0.815625 0.91875 0.109375 0.1625
0 0.7796875 0.734375 0.11015625 0.20078125
0 0.66484375 0.70546875 0.11953125 0.21796875
0 0.68671875 0.53828125 0.1046875 0.21328125
0 0.76328125 0.38828125 0.1171875 0.18359375
0 0.95703125 0.1609375 0.0859375 0.146875
0 0.8609375 0.6296875 0.1078125 0.20078125
0 0.95078125 0.5953125 0.0765625 0.20078125
1 0.459375 0.04375 0.03203125 0.0875
2 0.4890625 0.53671875 0.0625 0.10859375
2 0.55 0.71796875 0.0515625 0.05546875
2 0.6 0.53359375 0.0390625 0.04453125