0 0.8578125 0.58671875 0.04296875 0.03828125
0 0.8890625 0.51171875 0.0328125 0.04453125
0 0.9234375 0.59296875 0.0453125 0.05625
0 0.55390625 0.24375 0.01875 0.02578125
0 0.54296875 0.284375 0.01796875 0.02890625
0 0.471875 0.31015625 0.01640625 0.03359375
0 0.59453125 0.37734375 0.0265625 0.02890625
0 0.60234375 0.41796875 0.03359375 0.0390625
0 0.421875 0.9328125 0.03046875 0.07109375
0 0.36875 0.715625 0.0296875 0.0390625
0 0.3 0.70078125 0.0234375 0.03515625
0 0.2484375 0.83359375 0.025 0.0375
0 0.21171875 0.95625 0.0265625 0.03828125
0 0.17890625 0.92578125 0.02578125 0.04296875
0 0.6203125 0.7765625 0.03984375 0.0609375
0 0.65390625 0.8359375 0.053125 0.065625
0 0.6421875 0.96875 0.059375 0.0625