0 0.96953125 0.13046875 0.0609375 0.12421875
1 0.83203125 0.54609375 0.165625 0.1484375
0 0.96015625 0.57109375 0.0796875 0.203125
0 0.87734375 0.59453125 0.10546875 0.1859375
0 0.778125 0.35859375 0.11484375 0.18125
0 0.696875 0.50078125 0.1078125 0.18359375
0 0.7875 0.7 0.10546875 0.2015625
0 0.67734375 0.67578125 0.11328125 0.21171875
0 0.8203125 0.878125 0.1140625 0.19609375
0 0.7296875 0.884375 0.09921875 0.203125
0 0.7 0.98125 0.07265625 0.0375
0 0.61640625 0.90546875 0.11875 0.18828125
1 0.47578125 0.03515625 0.0296875 0.0703125
2 0.56328125 0.684375 0.05 0.05625
2 0.61328125 0.50859375 0.0390625 0.0390625
2 0.5046875 0.51328125 0.06796875 0.109375