2 0.9609375 0.69921875 0.03984375 0.0609375
2 0.94296875 0.640625 0.0421875 0.059375
2 0.790625 0.675 0.040625 0.04375
2 0.8421875 0.69921875 0.03125 0.0609375
2 0.8875 0.725 0.0421875 0.07265625
2 0.3765625 0.58203125 0.0328125 0.04609375
2 0.5625 0.4921875 0.02734375 0.04609375
2 0.528125 0.59453125 0.02890625 0.0484375
3 0.14453125 0.43984375 0.05234375 0.0640625
3 0.36640625 0.0578125 0.0421875 0.05078125
3 0.49453125 0.09296875 0.03828125 0.059375
3 0.65 0.0375 0.04609375 0.04609375
3 0.72265625 0.134375 0.03671875 0.059375
3 0.71015625 0.28125 0.04609375 0.06640625
3 0.7703125 0.34453125 0.0453125 0.078125
3 0.72265625 0.42890625 0.046875 0.06953125
3 0.7640625 0.61484375 0.0421875 0.07421875
3 0.85390625 0.31171875 0.03984375 0.06953125
3 0.9890625 0.684375 0.021875 0.0609375
2 0.753125 0.9828125 0.04921875 0.03359375
2 0.740625 0.88359375 0.04921875 0.084375
2 0.86171875 0.590625 0.03515625 0.0515625
1 0.6234375 0.671875 0.06796875 0.0859375