3 0.45 0.2703125 0.02890625 0.0375
3 0.40859375 0.246875 0.03359375 0.0484375
2 0.36328125 0.48671875 0.02265625 0.034375
1 0.1453125 0.48359375 0.0609375 0.0390625
3 0.0671875 0.6015625 0.0453125 0.05703125
3 0.33671875 0.728125 0.04296875 0.071875
1 0.375 0.7921875 0.03828125 0.10859375
1 0.53125 0.54296875 0.04921875 0.1109375
3 0.59609375 0.5515625 0.0484375 0.07890625
3 0.5828125 0.65390625 0.06875 0.1
3 0.9203125 0.72265625 0.06796875 0.090625
3 0.8359375 0.76953125 0.0296875 0.05625
3 0.76171875 0.93828125 0.0859375 0.1234375