2 0.62265625 0.021875 0.04609375 0.04375
0 0.96875 0.28359375 0.06171875 0.14453125
0 0.790625 0.503125 0.11796875 0.17890625
0 0.71328125 0.6578125 0.115625 0.20859375
0 0.965625 0.74140625 0.06875 0.21328125
0 0.884375 0.75546875 0.11640625 0.1890625
0 0.80390625 0.871875 0.09921875 0.20078125
0 0.83046875 0.97734375 0.084375 0.0453125
0 0.74296875 0.96875 0.07734375 0.0625
0 0.6265625 0.9828125 0.08515625 0.03359375
0 0.6921875 0.82578125 0.1171875 0.209375
1 0.8453125 0.70390625 0.16796875 0.13984375
1 0.471875 0.0703125 0.0453125 0.140625
2 0.6234375 0.634375 0.04296875 0.0515625
2 0.575 0.8265625 0.046875 0.06328125
2 0.50859375 0.62578125 0.06953125 0.11953125