3 0.18515625 0.959375 0.04765625 0.07109375
3 0.1515625 0.85 0.0390625 0.0515625
0 0.575 0.29921875 0.0390625 0.0625
0 0.4640625 0.68671875 0.05390625 0.1
0 0.509375 0.38515625 0.04921875 0.08359375
0 0.49765625 0.2171875 0.0375 0.07109375
0 0.40859375 0.54140625 0.0390625 0.09609375
0 0.375 0.33671875 0.04140625 0.09453125
0 0.415625 0.071875 0.0390625 0.04921875
0 0.3578125 0.1875 0.046875 0.07890625
0 0.20390625 0.17109375 0.03125 0.0609375
0 0.184375 0.1140625 0.025 0.06796875
0 0.153125 0.22578125 0.0328125 0.0609375
0 0.05078125 0.18828125 0.03984375 0.04609375
0 0.1359375 0.48203125 0.04140625 0.06484375
0 0.11953125 0.59296875 0.040625 0.06640625
0 0.2953125 0.69375 0.04765625 0.0859375