0 0.20234375 0.346875 0.12109375 0.21015625
0 0.41796875 0.2640625 0.078125 0.1875
0 0.59453125 0.1 0.1140625 0.18515625
0 0.690625 0.059375 0.084375 0.11875
0 0.815625 0.1171875 0.10859375 0.18515625
0 0.8125 0.32734375 0.1 0.15078125
0 0.91328125 0.3765625 0.08203125 0.15078125
0 0.8953125 0.49609375 0.0734375 0.1234375
0 0.82109375 0.48046875 0.103125 0.15546875
0 0.871875 0.61484375 0.0890625 0.14296875
0 0.8046875 0.68125 0.1015625 0.1234375
0 0.85390625 0.79375 0.09453125 0.1703125
0 0.7078125 0.8015625 0.10703125 0.1953125
1 0.6421875 0.61640625 0.0984375 0.1703125
1 0.73984375 0.3765625 0.10390625 0.24453125
3 0.259375 0.16796875 0.13046875 0.178125