3 0.6890625 0.36640625 0.0609375 0.10625
3 0.69609375 0.51640625 0.08046875 0.1484375
3 0.440625 0.25078125 0.07109375 0.13125
3 0.34765625 0.21640625 0.0625 0.1109375
0 0.64296875 0.24453125 0.0609375 0.11875
0 0.5375 0.275 0.09453125 0.15546875
0 0.43828125 0.53984375 0.0765625 0.12109375
0 0.42421875 0.3953125 0.06796875 0.1234375
0 0.29609375 0.47890625 0.071875 0.10859375
0 0.33203125 0.33203125 0.06640625 0.13125
0 0.26875 0.28671875 0.0625 0.11328125
0 0.684375 0.13671875 0.0484375 0.08125