0 0.77734375 0.090625 0.03203125 0.0515625
0 0.7796875 0.03125 0.03125 0.04453125
2 0.2015625 0.54453125 0.0234375 0.0359375
2 0.18125 0.60859375 0.028125 0.04140625
1 0.3296875 0.6265625 0.05078125 0.084375
3 0.38046875 0.3046875 0.03125 0.053125
3 0.409375 0.30859375 0.0390625 0.0515625
3 0.35859375 0.37890625 0.04296875 0.06171875
3 0.97421875 0.07421875 0.0515625 0.11484375
3 0.6515625 0.20546875 0.07109375 0.06875
3 0.671875 0.5015625 0.05078125 0.10078125
3 0.415625 0.475 0.07734375 0.14296875
3 0.60625 0.8921875 0.11875 0.215625
2 0.68984375 0.559375 0.04140625 0.0609375