2 0.7171875 0.45078125 0.0421875 0.0296875
2 0.65078125 0.60859375 0.05078125 0.05546875
2 0.60703125 0.4328125 0.06875 0.10078125
0 0.91640625 0.33203125 0.1296875 0.18203125
0 0.80625 0.478125 0.1125 0.18671875
0 0.7671875 0.628125 0.1171875 0.196875
3 0.34765625 0.8515625 0.0921875 0.178125
3 0.40390625 0.69921875 0.10546875 0.1515625
0 0.75 0.9515625 0.11015625 0.096875
0 0.6875 0.85234375 0.1265625 0.234375
0 0.80625 0.84921875 0.10546875 0.20625
0 0.9234375 0.8734375 0.12421875 0.20859375
0 0.890625 0.6890625 0.11796875 0.23515625
0 0.96875 0.596875 0.06171875 0.19453125