2 0.55703125 0.13671875 0.03515625 0.04375
2 0.5546875 0.66953125 0.028125 0.03046875
0 0.40625 0.025 0.0609375 0.05
0 0.3578125 0.04921875 0.05234375 0.090625
0 0.3234375 0.10625 0.046875 0.0859375
0 0.95625 0.35625 0.07578125 0.11953125
0 0.82421875 0.3625 0.06171875 0.10234375
0 0.671875 0.55703125 0.08125 0.1234375
0 0.61484375 0.6796875 0.08984375 0.14453125
0 0.97578125 0.6359375 0.0484375 0.096875
0 0.9453125 0.68671875 0.0671875 0.1296875
0 0.8609375 0.684375 0.0859375 0.140625
0 0.80859375 0.72109375 0.07421875 0.140625
0 0.740625 0.74765625 0.0875 0.1453125
0 0.675 0.8234375 0.0765625 0.125
0 0.6015625 0.803125 0.09375 0.15625
0 0.6953125 0.94609375 0.0875 0.10703125
0 0.63984375 0.94609375 0.07421875 0.10703125
0 0.55625 0.95859375 0.09375 0.0828125
1 0.4328125 0.1890625 0.04140625 0.134375
2 0.46796875 0.6609375 0.05390625 0.1
2 0.5171875 0.81171875 0.03671875 0.05390625