0 0.984375 0.88359375 0.03046875 0.1265625
2 0.68828125 0.40390625 0.04609375 0.053125
0 0.69375 0.59609375 0.10625 0.21015625
0 0.74296875 0.75859375 0.10625 0.190625
0 0.80859375 0.91171875 0.1 0.17578125
0 0.809375 0.63203125 0.09453125 0.20078125
0 0.896875 0.6328125 0.1078125 0.203125
0 0.9140625 0.50703125 0.10546875 0.196875
0 0.9796875 0.42421875 0.03984375 0.17421875
0 0.8 0.42578125 0.11796875 0.21796875
0 0.85078125 0.29609375 0.11953125 0.21171875
0 0.9609375 0.17890625 0.078125 0.1890625
3 0.0453125 0.65234375 0.0734375 0.1859375
3 0.3890625 0.59375 0.0875 0.19296875
3 0.45 0.43828125 0.10859375 0.12265625
1 0.5078125 0.98125 0.10625 0.0375
2 0.6640625 0.2484375 0.0640625 0.084375
1 0.94375 0.37578125 0.1125 0.11015625