3 0.3375 0.53203125 0.05234375 0.065625
3 0.95234375 0.8140625 0.05625 0.11875
0 0.4546875 0.09453125 0.05625 0.08125
0 0.43125 0.22890625 0.05703125 0.0984375
0 0.0296875 0.4953125 0.0546875 0.1125
0 0.04609375 0.415625 0.0703125 0.09453125
0 0.17109375 0.471875 0.09765625 0.11328125
0 0.16953125 0.26171875 0.06015625 0.09140625
0 0.08828125 0.6421875 0.09765625 0.16484375
0 0.46484375 0.51953125 0.11953125 0.19453125
0 0.896875 0.5015625 0.10625 0.171875
0 0.74453125 0.47265625 0.09140625 0.140625