0 0.53046875 0.31796875 0.05 0.08828125
0 0.434375 0.390625 0.05234375 0.0828125
0 0.51484375 0.60703125 0.06875 0.10859375
0 0.478125 0.66953125 0.059375 0.10390625
0 0.43125 0.73203125 0.065625 0.11328125
0 0.33125 0.778125 0.0703125 0.12265625
0 0.409375 0.8390625 0.0625 0.11171875
0 0.4265625 0.934375 0.0609375 0.1078125
0 0.3515625 0.63671875 0.05703125 0.10546875
3 0.7625 0.5015625 0.05703125 0.078125
3 0.7234375 0.678125 0.06875 0.103125
3 0.76953125 0.03046875 0.0625 0.0609375
3 0.47734375 0.0453125 0.0703125 0.090625