0 0.96796875 0.7796875 0.06328125 0.13828125
1 0.9328125 0.315625 0.134375 0.103125
3 0.44296875 0.3984375 0.1078125 0.121875
3 0.38125 0.5453125 0.08046875 0.18828125
3 0.05 0.615625 0.06796875 0.178125
2 0.6515625 0.209375 0.06328125 0.08515625
2 0.409375 0.96484375 0.05 0.0703125
1 0.49296875 0.9359375 0.09609375 0.0765625
0 0.9484375 0.125 0.10234375 0.19375
0 0.83125 0.23359375 0.11953125 0.20390625
0 0.7796875 0.36796875 0.115625 0.2109375
0 0.96953125 0.33984375 0.0609375 0.15625
0 0.88984375 0.428125 0.0984375 0.19453125
0 0.87265625 0.55234375 0.08984375 0.18359375
0 0.78828125 0.5609375 0.08671875 0.178125
0 0.7828125 0.84296875 0.0859375 0.14765625
0 0.7265625 0.6953125 0.0953125 0.19296875
0 0.678125 0.53828125 0.10625 0.215625
2 0.675 0.35625 0.04375 0.0484375
1 0.975 0.86875 0.04921875 0.1125
1 0.90234375 0.9203125 0.10859375 0.15859375