0 0.3796875 0.7171875 0.05390625 0.08671875
0 0.4484375 0.59375 0.053125 0.08671875
0 0.46015625 0.5046875 0.040625 0.071875
0 0.6078125 0.53125 0.0515625 0.07890625
0 0.6171875 0.63984375 0.059375 0.10859375
0 0.50859375 0.21640625 0.04140625 0.05703125
0 0.678125 0.04453125 0.04609375 0.08359375
0 0.83046875 0.05078125 0.053125 0.08125
0 0.85546875 0.178125 0.078125 0.11328125
0 0.96640625 0.0875 0.06640625 0.08125
0 0.971875 0.3875 0.05546875 0.2125
3 0.86015625 0.2984375 0.07109375 0.07890625
3 0.94453125 0.1890625 0.0859375 0.1015625
1 0.90546875 0.83984375 0.0859375 0.16796875