0 0.4015625 0.02734375 0.05 0.0546875
0 0.35859375 0.059375 0.0578125 0.1125
2 0.60625 0.11171875 0.0390625 0.0484375
2 0.553125 0.8390625 0.040625 0.0515625
2 0.59609375 0.68671875 0.03203125 0.034375
2 0.50625 0.66796875 0.05234375 0.1078125
1 0.47421875 0.1578125 0.03984375 0.14921875
1 0.97578125 0.39296875 0.0484375 0.1109375
0 0.5953125 0.97421875 0.08359375 0.05078125
0 0.68359375 0.96484375 0.0796875 0.0703125
0 0.7484375 0.9671875 0.08125 0.065625
0 0.6484375 0.8390625 0.10078125 0.1859375
0 0.73359375 0.87421875 0.08984375 0.17109375
0 0.8046875 0.79921875 0.0984375 0.16953125
0 0.8875 0.78203125 0.0984375 0.1734375
0 0.9453125 0.74375 0.10859375 0.165625
0 0.6671875 0.70390625 0.0953125 0.16328125
0 0.73359375 0.57890625 0.09453125 0.1453125
0 0.903125 0.38359375 0.08046875 0.11875