3 0.94296875 0.20078125 0.046875 0.06953125
3 0.20546875 0.34453125 0.05625 0.07421875
3 0.790625 0.328125 0.05234375 0.07578125
3 0.8328125 0.52265625 0.04765625 0.0640625
3 0.77734375 0.171875 0.046875 0.06328125
3 0.84296875 0.2359375 0.0515625 0.07109375
2 0.815625 0.9140625 0.05625 0.10078125
2 0.63828125 0.92109375 0.0390625 0.07421875
2 0.803125 0.7890625 0.04921875 0.08359375
2 0.9421875 0.4953125 0.0421875 0.05859375
2 0.6171875 0.39296875 0.02890625 0.04453125
1 0.6796875 0.5734375 0.0734375 0.06796875
2 0.4140625 0.646875 0.03203125 0.0484375
2 0.75625 0.68359375 0.0421875 0.06328125