0 0.38828125 0.0390625 0.0546875 0.078125
0 0.96953125 0.8453125 0.06015625 0.1890625
0 0.89765625 0.8609375 0.10546875 0.18359375
0 0.8203125 0.928125 0.11796875 0.14375
0 0.71640625 0.89765625 0.11875 0.2046875
0 0.734375 0.74453125 0.10390625 0.18828125
0 0.8171875 0.60234375 0.109375 0.17890625
0 0.98125 0.38203125 0.0375 0.12890625
1 0.865625 0.78984375 0.1609375 0.1359375
1 0.50703125 0.13203125 0.0421875 0.16796875
2 0.5453125 0.6984375 0.06171875 0.11640625
2 0.60234375 0.89453125 0.0453125 0.05625
2 0.65 0.71328125 0.03828125 0.046875
2 0.6546875 0.0796875 0.0421875 0.05546875