1 0.80234375 0.959375 0.09375 0.08125
2 0.07109375 0.83046875 0.0640625 0.10390625
0 0.971875 0.1375 0.05625 0.19375
0 0.90390625 0.128125 0.09765625 0.1734375
0 0.80546875 0.1265625 0.1109375 0.15625
1 0.7875 0.09609375 0.17265625 0.090625
0 0.68125 0.07109375 0.1 0.1421875
0 0.6328125 0.16796875 0.09609375 0.16875
0 0.71953125 0.19609375 0.08671875 0.159375
0 0.6859375 0.275 0.07421875 0.14609375
0 0.6375 0.3203125 0.0671875 0.13515625
0 0.634375 0.56328125 0.078125 0.1421875
0 0.5875 0.434375 0.0890625 0.1734375
0 0.54609375 0.31015625 0.09453125 0.17890625
2 0.54765625 0.0625 0.05703125 0.07109375
2 0.1375 0.61640625 0.04765625 0.0921875
3 0.01875 0.45625 0.0375 0.13984375
3 0.30546875 0.36171875 0.0671875 0.146875
3 0.3578125 0.22734375 0.09453125 0.09921875
1 0.6234375 0.88125 0.1171875 0.13984375
1 0.71796875 0.634375 0.11015625 0.2375
0 0.75078125 0.453125 0.06953125 0.13125
0 0.82265625 0.46640625 0.0734375 0.1296875
0 0.953125 0.43046875 0.0703125 0.146875
1 0.82578125 0.5265625 0.12109375 0.17421875
1 0.4015625 0.68203125 0.09609375 0.06796875
2 0.95 0.871875 0.09921875 0.16328125