0 0.390625 0.025 0.05546875 0.05
2 0.6671875 0.065625 0.0484375 0.04921875
2 0.66796875 0.721875 0.04375 0.04140625
2 0.61796875 0.909375 0.05078125 0.05859375
2 0.55390625 0.69609375 0.06484375 0.12265625
0 0.84453125 0.5953125 0.12734375 0.18203125
0 0.76171875 0.746875 0.1234375 0.2125
0 0.93203125 0.8640625 0.11171875 0.18828125
0 0.98125 0.9109375 0.0375 0.15
0 0.85625 0.9390625 0.128125 0.121875
0 0.7390625 0.9015625 0.12578125 0.196875
1 0.903125 0.79921875 0.1875 0.146875
1 0.515625 0.11171875 0.04453125 0.1765625