3 0.85234375 0.38125 0.028125 0.0421875
3 0.22734375 0.8421875 0.03984375 0.0453125
0 0.51953125 0.7359375 0.03671875 0.06171875
0 0.48046875 0.74609375 0.03828125 0.0609375
0 0.4609375 0.72265625 0.02421875 0.02890625
0 0.41171875 0.7390625 0.03125 0.04609375
0 0.3609375 0.88671875 0.0578125 0.0625
0 0.64140625 0.9515625 0.0625 0.096875
0 0.55625 0.96171875 0.059375 0.0765625
0 0.8609375 0.49765625 0.05 0.06640625
0 0.56328125 0.43046875 0.03984375 0.05625
1 0.4859375 0.1171875 0.0203125 0.04921875
3 0.47890625 0.95859375 0.0765625 0.0828125
3 0.85078125 0.59609375 0.04140625 0.05546875