0 0.1984375 0.58125 0.06640625 0.1015625
0 0.16875 0.23203125 0.04609375 0.07421875
0 0.22109375 0.38671875 0.053125 0.09140625
0 0.29453125 0.325 0.046875 0.0765625
0 0.39140625 0.89296875 0.053125 0.10625
0 0.48125 0.77890625 0.0484375 0.12578125
0 0.58984375 0.7015625 0.0625 0.1234375
0 0.54453125 0.559375 0.04140625 0.09140625
0 0.5953125 0.56328125 0.04296875 0.10390625
0 0.64453125 0.578125 0.0390625 0.06875
0 0.6578125 0.421875 0.0484375 0.06875
0 0.74296875 0.3765625 0.046875 0.06171875
0 0.75078125 0.4875 0.065625 0.09140625
0 0.86171875 0.29609375 0.0625 0.0890625
0 0.91328125 0.3875 0.05390625 0.07890625
0 0.953125 0.478125 0.06640625 0.10625
0 0.81796875 0.4296875 0.05 0.09375
3 0.834375 0.6640625 0.05 0.08359375
0 0.36953125 0.228125 0.05 0.1015625