0 0.89296875 0.28359375 0.11640625 0.16328125
0 0.484375 0.08984375 0.09375 0.1796875
0 0.52734375 0.30625 0.0765625 0.11328125
0 0.40546875 0.525 0.1109375 0.1109375
0 0.34921875 0.40625 0.1015625 0.09140625
0 0.171875 0.2703125 0.11953125 0.09609375
3 0.95703125 0.73984375 0.0859375 0.24453125
3 0.77265625 0.90859375 0.1234375 0.1828125
0 0.603125 0.8921875 0.171875 0.215625
0 0.684375 0.68984375 0.078125 0.140625
0 0.5796875 0.64921875 0.0734375 0.1578125
0 0.35703125 0.67265625 0.08046875 0.11640625
0 0.240625 0.55703125 0.10390625 0.1109375
0 0.21484375 0.1890625 0.084375 0.13125
0 0.253125 0.0484375 0.06953125 0.09140625