0 0.89765625 0.26484375 0.05546875 0.06875
0 0.85390625 0.08359375 0.03203125 0.04140625
0 0.76171875 0.18125 0.03515625 0.05625
0 0.734375 0.13828125 0.0296875 0.03359375
0 0.55859375 0.06171875 0.01796875 0.028125
0 0.534375 0.103125 0.021875 0.03828125
0 0.48984375 0.19140625 0.021875 0.03203125
0 0.50625 0.23203125 0.0265625 0.0390625
0 0.72109375 0.365625 0.03125 0.04453125
0 0.98203125 0.765625 0.0359375 0.13125
0 0.3671875 0.909375 0.05390625 0.10703125
0 0.21953125 0.7375 0.028125 0.05390625
3 0.84609375 0.76328125 0.0484375 0.03984375
3 0.90625 0.82109375 0.06875 0.0703125
3 0.2234375 0.853125 0.0484375 0.04453125