0 0.39921875 0.03671875 0.0609375 0.07265625
0 0.853125 0.9375 0.13359375 0.12421875
0 0.98203125 0.915625 0.0359375 0.16796875
0 0.934375 0.87734375 0.11171875 0.19140625
1 0.8984375 0.80625 0.1796875 0.14609375
0 0.73828125 0.9046875 0.1234375 0.190625
0 0.76171875 0.7578125 0.11640625 0.21640625
0 0.84140625 0.60703125 0.1265625 0.184375
1 0.51796875 0.125 0.04453125 0.1796875
2 0.55703125 0.7046875 0.06484375 0.12109375
2 0.6203125 0.9171875 0.0484375 0.06171875
2 0.66953125 0.72578125 0.04140625 0.04921875
2 0.66953125 0.07421875 0.0421875 0.05546875