3 0.871875 0.85625 0.03203125 0.05
3 0.31484375 0.89140625 0.0390625 0.03984375
3 0.89140625 0.32578125 0.0296875 0.040625
3 0.51953125 0.84609375 0.0375 0.03125
0 0.959375 0.45390625 0.05078125 0.0765625
0 0.67421875 0.66640625 0.0484375 0.071875
0 0.63125 0.82421875 0.06328125 0.11171875
0 0.57265625 0.84921875 0.05546875 0.09453125
0 0.4984375 0.79765625 0.04765625 0.04921875
0 0.453125 0.846875 0.0453125 0.06640625
0 0.496875 0.53671875 0.040625 0.0703125
0 0.60390625 0.396875 0.046875 0.0625