1 0.8359375 0.421875 0.05 0.0359375
3 0.75390625 0.2953125 0.02578125 0.04375
3 0.92421875 0.275 0.0453125 0.0375
3 0.60390625 0.40546875 0.03828125 0.04140625
3 0.2953125 0.53828125 0.03203125 0.04375
3 0.3546875 0.54765625 0.03359375 0.0484375
3 0.44453125 0.41875 0.03828125 0.04375
2 0.74375 0.60703125 0.03203125 0.04609375
2 0.70234375 0.93359375 0.04140625 0.0515625
2 0.7234375 0.98046875 0.03203125 0.03828125
2 0.859375 0.79609375 0.05234375 0.07890625
2 0.81015625 0.71640625 0.0359375 0.0484375
2 0.925 0.796875 0.034375 0.05859375
2 0.93828125 0.9703125 0.0578125 0.059375
2 0.8671875 0.88359375 0.05 0.0734375
2 0.79140625 0.978125 0.04453125 0.04375
2 0.6828125 0.8203125 0.03671875 0.053125
0 0.59609375 0.68671875 0.03671875 0.06796875
1 0.565625 0.8484375 0.046875 0.1140625
3 0.4671875 0.51640625 0.04609375 0.06171875
3 0.35703125 0.7375 0.071875 0.11328125