0 0.68671875 0.2078125 0.10546875 0.17109375
0 0.73203125 0.0921875 0.10625 0.184375
0 0.8375 0.03671875 0.0953125 0.07265625
0 0.96484375 0.1796875 0.0703125 0.184375
0 0.87421875 0.17578125 0.121875 0.178125
1 0.8609375 0.12890625 0.17734375 0.08203125
2 0.1578125 0.64765625 0.046875 0.0890625
2 0.35390625 0.77890625 0.04296875 0.08828125
2 0.58515625 0.08515625 0.059375 0.07578125
3 0.02578125 0.48046875 0.0515625 0.1640625
3 0.3328125 0.4015625 0.07265625 0.1546875
3 0.38828125 0.25390625 0.10078125 0.09375
1 0.42578125 0.74296875 0.0859375 0.06640625
1 0.775 0.7140625 0.11328125 0.2390625
1 0.8875 0.609375 0.13046875 0.15625
0 0.8125 0.54453125 0.0640625 0.121875
0 0.89375 0.54375 0.0765625 0.125
1 0.678125 0.94296875 0.128125 0.1140625
0 0.68671875 0.6328125 0.084375 0.14609375
0 0.63671875 0.49375 0.115625 0.1859375
0 0.5875 0.35859375 0.11171875 0.18125
0 0.68671875 0.378125 0.078125 0.146875
0 0.740625 0.34453125 0.0890625 0.165625
0 0.77578125 0.25 0.09375 0.1734375