0 0.41953125 0.015625 0.040625 0.03046875
0 0.375 0.046875 0.05625 0.09375
0 0.85546875 0.82421875 0.10546875 0.175
0 0.77734375 0.9109375 0.0921875 0.178125
0 0.68125 0.871875 0.10859375 0.20078125
0 0.934375 0.815625 0.08828125 0.16875
0 0.97734375 0.78515625 0.0453125 0.184375
0 0.703125 0.7203125 0.09765625 0.17578125
0 0.77265625 0.5875 0.09921875 0.171875
0 0.95546875 0.384375 0.0890625 0.12890625
1 0.82734375 0.76171875 0.16171875 0.12109375
1 0.490625 0.13984375 0.04296875 0.15703125
2 0.5234375 0.68046875 0.0609375 0.1109375
2 0.5796875 0.865625 0.04609375 0.05625
2 0.62421875 0.69921875 0.03828125 0.04453125
2 0.6328125 0.09375 0.03984375 0.0484375