0 0.83515625 0.14609375 0.0296875 0.059375
0 0.82734375 0.08671875 0.0296875 0.0546875
2 0.77265625 0.6921875 0.04296875 0.0734375
3 0.746875 0.62109375 0.0640625 0.128125
3 0.44375 0.5703125 0.08671875 0.1671875
3 0.7015625 0.27109375 0.0796875 0.06875
3 0.37734375 0.459375 0.04765625 0.0765625
3 0.4296875 0.3734375 0.04765625 0.05078125
3 0.3921875 0.36875 0.03359375 0.06171875
3 0.4484375 0.29296875 0.03359375 0.0484375
1 0.3515625 0.759375 0.05390625 0.125
2 0.20390625 0.63125 0.02734375 0.04375
2 0.3109375 0.51171875 0.0296875 0.04140625
3 0.32421875 0.396875 0.0265625 0.05625
2 0.68984375 0.08203125 0.0296875 0.04140625