0 0.96015625 0.7 0.0765625 0.121875
1 0.915625 0.26015625 0.125 0.1109375
2 0.64375 0.1671875 0.06328125 0.0828125
2 0.48359375 0.9515625 0.0984375 0.096875
2 0.403125 0.90546875 0.0453125 0.084375
3 0.43125 0.35390625 0.1078125 0.13046875
3 0.3765625 0.50078125 0.08046875 0.16953125
3 0.0515625 0.565625 0.06328125 0.16171875
1 0.4859375 0.87265625 0.0984375 0.06796875
0 0.940625 0.08671875 0.11875 0.17265625
0 0.81640625 0.18671875 0.11953125 0.20625
0 0.76328125 0.31796875 0.109375 0.19296875
0 0.9609375 0.29375 0.078125 0.178125
0 0.8625 0.3671875 0.09921875 0.190625
0 0.84453125 0.484375 0.09140625 0.190625
0 0.76875 0.496875 0.08046875 0.14609375
0 0.76015625 0.778125 0.084375 0.13125
0 0.70859375 0.62421875 0.09765625 0.17734375
0 0.6625 0.4796875 0.10078125 0.19453125
2 0.66171875 0.30625 0.04375 0.046875
1 0.8703125 0.8765625 0.128125 0.246875
1 0.95859375 0.79453125 0.0828125 0.1203125