3 0.0375 0.521875 0.046875 0.04609375
3 0.40078125 0.26796875 0.04609375 0.0609375
3 0.7953125 0.64453125 0.0421875 0.06328125
3 0.659375 0.55078125 0.03828125 0.0484375
3 0.521875 0.80234375 0.034375 0.0609375
0 0.3515625 0.8078125 0.0359375 0.040625
0 0.32421875 0.1859375 0.0421875 0.05234375
0 0.57734375 0.115625 0.0265625 0.04140625
0 0.565625 0.19921875 0.034375 0.05546875
0 0.603125 0.175 0.0265625 0.046875
0 0.909375 0.59765625 0.0265625 0.040625
0 0.84609375 0.46328125 0.034375 0.0453125
0 0.8078125 0.56015625 0.0265625 0.03828125
0 0.81171875 0.79921875 0.04453125 0.0859375
0 0.5703125 0.96875 0.034375 0.0625
0 0.63515625 0.82890625 0.04609375 0.08984375
0 0.61796875 0.64765625 0.0453125 0.065625