0 0.86875 0.1953125 0.0390625 0.065625
0 0.85 0.1390625 0.0421875 0.0640625
2 0.84921875 0.83828125 0.05625 0.08359375
3 0.8125 0.753125 0.084375 0.15078125
3 0.4578125 0.6859375 0.1015625 0.184375
3 0.7296875 0.34453125 0.09375 0.08359375
3 0.4359375 0.29921875 0.0453125 0.08359375
3 0.31328125 0.47265625 0.0328125 0.07890625
3 0.38515625 0.434375 0.03828125 0.071875
3 0.4234375 0.4484375 0.0546875 0.06953125
3 0.36953125 0.5421875 0.05859375 0.0875
3 0.4421875 0.36015625 0.03125 0.05390625
3 0.27109375 0.6 0.0453125 0.07890625
1 0.2453125 0.571875 0.028125 0.04921875
2 0.54296875 0.37265625 0.034375 0.03984375
2 0.696875 0.128125 0.0296875 0.0375
2 0.8140625 0.36796875 0.05234375 0.0484375