0 0.83359375 0.63671875 0.06875 0.11796875
0 0.209375 0.39765625 0.03359375 0.065625
0 0.1359375 0.7640625 0.04921875 0.08828125
0 0.175 0.83671875 0.05390625 0.09921875
0 0.5453125 0.559375 0.03828125 0.103125
0 0.603125 0.94609375 0.084375 0.1078125
0 0.3484375 0.85078125 0.0640625 0.090625
0 0.6109375 0.4125 0.0390625 0.06171875
0 0.653125 0.5078125 0.05234375 0.096875
0 0.8390625 0.28046875 0.053125 0.08359375
3 0.16328125 0.74296875 0.0359375 0.05703125
3 0.66015625 0.6375 0.053125 0.10390625
3 0.7046875 0.63828125 0.0515625 0.09453125