3 0.8578125 0.52265625 0.0703125 0.08359375
2 0.8984375 0.63046875 0.053125 0.0515625
2 0.10625 0.4359375 0.03203125 0.0515625
2 0.4328125 0.6125 0.0421875 0.046875
2 0.49453125 0.7390625 0.02890625 0.034375
2 0.68203125 0.71796875 0.05390625 0.05625
2 0.72265625 0.72890625 0.021875 0.0203125
2 0.77578125 0.68828125 0.059375 0.06875
2 0.83203125 0.6703125 0.0484375 0.05546875
2 0.734375 0.871875 0.059375 0.08671875
2 0.77734375 0.85 0.0296875 0.0375
2 0.83984375 0.9296875 0.06796875 0.11015625
2 0.95546875 0.62421875 0.0625 0.0609375