2 0.98203125 0.3875 0.0359375 0.05078125
2 0.8359375 0.6484375 0.03984375 0.05546875
2 0.75546875 0.5078125 0.03203125 0.05078125
3 0.453125 0.5296875 0.03828125 0.03671875
2 0.0484375 0.24921875 0.0359375 0.05390625
2 0.6953125 0.490625 0.07421875 0.08203125
2 0.83125 0.46015625 0.08828125 0.084375
2 0.9140625 0.4390625 0.07109375 0.06796875
2 0.771875 0.68046875 0.08671875 0.1015625
2 0.92890625 0.746875 0.09609375 0.125
2 0.4765625 0.96953125 0.04921875 0.06015625
2 0.3921875 0.4 0.05234375 0.04921875
2 0.5328125 0.30859375 0.046875 0.04453125
3 0.94921875 0.25859375 0.1015625 0.0828125