3 0.1953125 0.93203125 0.05703125 0.07265625
0 0.49296875 0.53515625 0.02265625 0.03125
0 0.4703125 0.521875 0.025 0.028125
0 0.3421875 0.46796875 0.01875 0.02890625
0 0.2375 0.5390625 0.01875 0.03828125
0 0.35234375 0.5546875 0.0296875 0.04140625
0 0.6484375 0.234375 0.01796875 0.02734375
0 0.640625 0.253125 0.02109375 0.02578125
0 0.69609375 0.378125 0.025 0.04296875
0 0.90703125 0.8296875 0.04609375 0.08046875
0 0.8203125 0.80625 0.034375 0.07578125
0 0.78125 0.765625 0.02578125 0.04453125
0 0.66875 0.78046875 0.02890625 0.0453125
0 0.546875 0.82109375 0.04453125 0.0765625
0 0.4453125 0.7578125 0.03125 0.06171875
0 0.29609375 0.978125 0.0546875 0.04375
0 0.1234375 0.97734375 0.040625 0.0453125