0 0.29140625 0.5703125 0.02421875 0.04375
0 0.14296875 0.77890625 0.03046875 0.04375
0 0.16328125 0.975 0.0328125 0.05
0 0.23984375 0.90390625 0.02734375 0.04921875
0 0.23125 0.60546875 0.02421875 0.03046875
0 0.33203125 0.50703125 0.0203125 0.028125
0 0.53125 0.22578125 0.025 0.03125
0 0.4671875 0.3296875 0.01640625 0.0375
0 0.4265625 0.58671875 0.03046875 0.046875
0 0.484375 0.71640625 0.0359375 0.06171875
0 0.7703125 0.690625 0.0328125 0.0625
0 0.7921875 0.20625 0.03984375 0.07421875
0 0.87421875 0.25546875 0.040625 0.06953125