3 0.953125 0.22421875 0.09375 0.08671875
2 0.93046875 0.42109375 0.08046875 0.071875
2 0.84140625 0.4546875 0.0984375 0.08046875
2 0.9578125 0.76953125 0.08359375 0.1640625
2 0.86015625 0.65625 0.04296875 0.0609375
2 0.79296875 0.69765625 0.09296875 0.12734375
2 0.7625 0.503125 0.034375 0.03125
2 0.69765625 0.4921875 0.08046875 0.0859375
2 0.51953125 0.30703125 0.05546875 0.05078125
2 0.43828125 0.55 0.04140625 0.04375
2 0.37109375 0.4109375 0.053125 0.05859375
2 0.015625 0.27421875 0.03046875 0.05625