0 0.39375 0.25078125 0.01796875 0.04609375
3 0.70546875 0.89296875 0.03203125 0.04140625
0 0.97265625 0.140625 0.03984375 0.05703125
0 0.8609375 0.7984375 0.034375 0.0578125
0 0.875 0.46484375 0.05078125 0.08671875
0 0.740625 0.5578125 0.04921875 0.07265625
0 0.66484375 0.39296875 0.03203125 0.0546875
0 0.5796875 0.4015625 0.03515625 0.06796875
0 0.3046875 0.20546875 0.02421875 0.0328125
0 0.2671875 0.21171875 0.0234375 0.03046875
0 0.2125 0.23984375 0.02421875 0.02890625
0 0.22578125 0.29453125 0.02578125 0.040625
0 0.49375 0.79765625 0.05078125 0.07109375
0 0.33671875 0.7359375 0.05078125 0.06953125
0 0.2375 0.79921875 0.0421875 0.06640625
0 0.15625 0.96171875 0.059375 0.0765625
0 0.1859375 0.65 0.028125 0.05390625
0 0.1046875 0.55703125 0.04921875 0.07890625
0 0.10390625 0.46171875 0.02890625 0.034375
0 0.02578125 0.39453125 0.025 0.03203125
0 0.0078125 0.4671875 0.01484375 0.05546875
0 0.50390625 0.209375 0.0203125 0.04140625
0 0.6140625 0.28203125 0.028125 0.0515625