2 0.5546875 0.65390625 0.0265625 0.0296875
3 0.54375 0.565625 0.03203125 0.05234375
3 0.290625 0.771875 0.04453125 0.05078125
0 0.1125 0.68046875 0.04453125 0.0671875
0 0.08203125 0.46640625 0.03203125 0.05390625
0 0.0984375 0.88984375 0.053125 0.06171875
0 0.44375 0.8953125 0.04609375 0.0734375
0 0.59921875 0.93203125 0.06640625 0.11875
0 0.47265625 0.721875 0.0390625 0.06796875
0 0.4234375 0.678125 0.03203125 0.053125
0 0.42578125 0.6015625 0.02265625 0.04140625
0 0.4453125 0.63828125 0.0234375 0.04609375