0 0.9734375 0.88828125 0.053125 0.209375
0 0.196875 0.43359375 0.04609375 0.0640625
0 0.2703125 0.40234375 0.04296875 0.06328125
0 0.34375 0.35703125 0.0484375 0.07265625
0 0.40546875 0.46875 0.0390625 0.06328125
0 0.32109375 0.60078125 0.04609375 0.06171875
0 0.33984375 0.6515625 0.0421875 0.07578125
0 0.4328125 0.5453125 0.04609375 0.08203125
0 0.4828125 0.534375 0.04296875 0.08046875
0 0.546875 0.946875 0.0984375 0.10625
0 0.52421875 0.42578125 0.05 0.09453125
0 0.5 0.2578125 0.04375 0.07578125
0 0.39609375 0.1703125 0.03359375 0.05703125
0 0.47109375 0.19765625 0.04375 0.06171875
0 0.590625 0.2203125 0.05625 0.0859375
0 0.7 0.40546875 0.05625 0.1140625
0 0.6875 0.534375 0.06953125 0.11875