3 0.13515625 0.86484375 0.06953125 0.1
0 0.8625 0.29765625 0.046875 0.07109375
0 0.0921875 0.0296875 0.08984375 0.059375
0 0.25390625 0.978125 0.0640625 0.04375
0 0.53046875 0.96796875 0.10234375 0.0640625
0 0.13046875 0.09765625 0.09609375 0.1140625
0 0.22109375 0.11328125 0.06953125 0.08359375
0 0.3125 0.134375 0.08359375 0.103125
0 0.56953125 0.2265625 0.08203125 0.109375
0 0.9453125 0.403125 0.10859375 0.1453125
0 0.64375 0.6984375 0.10078125 0.12109375
0 0.32421875 0.60390625 0.07890625 0.09296875
0 0.2359375 0.5515625 0.06953125 0.109375
0 0.203125 0.73671875 0.10234375 0.10859375
3 0.21875 0.88046875 0.04921875 0.06796875
3 0.1453125 0.95 0.103125 0.1
3 0.31484375 0.44453125 0.0484375 0.06328125
3 0.44453125 0.5109375 0.04765625 0.07421875
3 0.328125 0.74296875 0.09296875 0.121875
3 0.96796875 0.94921875 0.06328125 0.1015625
3 0.81640625 0.884375 0.0953125 0.1390625
3 0.65546875 0.5484375 0.08203125 0.1296875
3 0.7578125 0.22734375 0.11328125 0.15859375
3 0.4453125 0.1265625 0.08203125 0.134375
3 0.321875 0.2921875 0.0984375 0.134375
3 0.0453125 0.21640625 0.0890625 0.09140625
3 0.15 0.42421875 0.11171875 0.1609375