3 0.9578125 0.25078125 0.08359375 0.065625
2 0.98359375 0.3921875 0.0328125 0.053125
2 0.946875 0.77890625 0.103125 0.15390625
2 0.9203125 0.4515625 0.06875 0.06640625
2 0.83671875 0.475 0.09140625 0.08828125
2 0.6953125 0.51328125 0.075 0.0890625
2 0.784375 0.71015625 0.08125 0.1171875
2 0.446875 0.56015625 0.0390625 0.03671875
2 0.52734375 0.33125 0.04921875 0.046875
2 0.38359375 0.4265625 0.053125 0.0515625
2 0.0359375 0.2859375 0.03671875 0.05859375
2 0.75703125 0.52890625 0.03203125 0.046875
2 0.8453125 0.67421875 0.0421875 0.04609375