2 0.9640625 0.5484375 0.06171875 0.053125
3 0.9234375 0.428125 0.08203125 0.08203125
2 0.8875 0.59921875 0.05546875 0.06171875
2 0.82109375 0.61171875 0.071875 0.0828125
2 0.89140625 0.88359375 0.06875 0.1234375
2 0.821875 0.79375 0.034375 0.03828125
2 0.50703125 0.66015625 0.03125 0.034375
2 0.10859375 0.33671875 0.03046875 0.0546875
2 0.440625 0.5203125 0.04375 0.0515625
2 0.7734375 0.815625 0.0671875 0.09921875
2 0.7125 0.64296875 0.05078125 0.05546875
2 0.7578125 0.65078125 0.02578125 0.02578125