0 0.51875 0.7140625 0.02578125 0.05078125
0 0.4765625 0.60546875 0.02265625 0.0375
0 0.32265625 0.51796875 0.03046875 0.0359375
0 0.31328125 0.43828125 0.02578125 0.04375
0 0.72734375 0.9609375 0.028125 0.05
0 0.6625 0.909375 0.03671875 0.0484375
0 0.6 0.9125 0.02734375 0.05546875
0 0.5546875 0.8484375 0.03125 0.04453125
0 0.48359375 0.83671875 0.028125 0.05625
0 0.33828125 0.6671875 0.0296875 0.03984375
0 0.3328125 0.746875 0.03828125 0.06015625
0 0.21875 0.80546875 0.0484375 0.05859375
0 0.13125 0.37578125 0.0359375 0.04609375