0 0.52109375 0.52578125 0.04453125 0.0640625
0 0.55546875 0.29375 0.025 0.04453125
0 0.640625 0.37421875 0.0359375 0.046875
0 0.784375 0.5578125 0.0515625 0.07421875
0 0.8046875 0.46015625 0.02890625 0.046875
0 0.86875 0.5546875 0.04296875 0.06171875
0 0.92265625 0.75703125 0.0734375 0.13125
0 0.79921875 0.71328125 0.0515625 0.07890625
0 0.72421875 0.64921875 0.04609375 0.04921875
0 0.6765625 0.6828125 0.046875 0.09140625
0 0.88125 0.64453125 0.0734375 0.0984375
0 0.9 0.92109375 0.075 0.10390625
3 0.4640625 0.7953125 0.03359375 0.04921875
3 0.334375 0.91640625 0.05546875 0.0890625
0 0.309375 0.771875 0.0265625 0.0515625