0 0.76875 0.96484375 0.065625 0.0703125
0 0.7921875 0.8140625 0.0265625 0.0515625
0 0.7328125 0.509375 0.02734375 0.0484375
0 0.46640625 0.890625 0.03828125 0.065625
3 0.5 0.7203125 0.01796875 0.03203125
3 0.4171875 0.925 0.05 0.06953125
3 0.628125 0.92109375 0.03515625 0.03984375
3 0.57265625 0.903125 0.02265625 0.05390625
3 0.55703125 0.92734375 0.02890625 0.05625
3 0.91953125 0.87890625 0.06171875 0.09609375
3 0.86171875 0.7921875 0.05078125 0.05859375
3 0.85234375 0.896875 0.071875 0.09765625