0 0.5140625 0.9484375 0.0890625 0.103125
0 0.78828125 0.64453125 0.08359375 0.11875
0 0.66015625 0.53046875 0.07734375 0.11875
0 0.56796875 0.10078125 0.08203125 0.1046875
0 0.38984375 0.43203125 0.05 0.08359375
0 0.55703125 0.54921875 0.0875 0.14140625
0 0.21640625 0.39140625 0.09453125 0.1234375
0 0.05390625 0.2234375 0.10546875 0.1203125
0 0.1796875 0.79765625 0.1328125 0.13203125
3 0.67890625 0.171875 0.07265625 0.08671875
3 0.875 0.2 0.08515625 0.09609375
3 0.4625 0.6609375 0.05078125 0.0765625
3 0.50625 0.31640625 0.05546875 0.08671875
3 0.02890625 0.37578125 0.0578125 0.1296875
3 0.3015625 0.47890625 0.0984375 0.146875
3 0.16015625 0.09921875 0.11640625 0.1203125
3 0.15 0.29453125 0.1359375 0.1359375