3 0.79375 0.93125 0.07421875 0.1375
3 0.19765625 0.45546875 0.03984375 0.06953125
0 0.56171875 0.06640625 0.04609375 0.05703125
0 0.7984375 0.10078125 0.065625 0.11484375
0 0.71875 0.11640625 0.0609375 0.10546875
0 0.71796875 0.7375 0.0640625 0.10078125
0 0.7078125 0.6421875 0.05078125 0.09921875
0 0.6109375 0.309375 0.0515625 0.0921875
0 0.5125 0.625 0.0578125 0.0890625
0 0.4125 0.5546875 0.034375 0.0640625
0 0.2140625 0.64453125 0.0328125 0.05703125
0 0.303125 0.5296875 0.04765625 0.075
0 0.178125 0.22421875 0.0328125 0.059375
0 0.40703125 0.09375 0.0484375 0.08203125
0 0.1015625 0.09765625 0.0375 0.06875