2 0.9765625 0.42421875 0.046875 0.05625
2 0.8859375 0.7375 0.0859375 0.13203125
2 0.81171875 0.63828125 0.0375 0.04453125
2 0.75859375 0.653125 0.07109375 0.0984375
2 0.9 0.46171875 0.059375 0.06640625
2 0.8234375 0.46796875 0.08125 0.0765625
2 0.75 0.496875 0.0265625 0.0296875
2 0.696875 0.47265625 0.06484375 0.08125
2 0.48671875 0.8734375 0.05859375 0.08671875
2 0.08671875 0.13671875 0.0375 0.05703125
2 0.47265625 0.47421875 0.0375 0.034375
2 0.41875 0.33984375 0.05078125 0.053125
2 0.553125 0.2703125 0.04609375 0.040625
3 0.9515625 0.29296875 0.096875 0.08046875