3 0.08515625 0.74140625 0.02578125 0.0421875
3 0.065625 0.825 0.03125 0.04609375
3 0.85703125 0.59609375 0.03984375 0.0609375
3 0.6703125 0.4859375 0.0375 0.03125
3 0.6625 0.52890625 0.02890625 0.03671875
3 0.63125 0.50546875 0.03671875 0.03671875
3 0.559375 0.7484375 0.0296875 0.04921875
3 0.459375 0.97734375 0.05 0.0453125
3 0.44140625 0.875 0.0484375 0.06484375
3 0.38671875 0.91953125 0.053125 0.08671875
3 0.40390625 0.8078125 0.0421875 0.05703125
0 0.546875 0.62890625 0.03203125 0.059375
0 0.3609375 0.5015625 0.02265625 0.03359375
0 0.6765625 0.36953125 0.01953125 0.0328125
0 0.68515625 0.45625 0.021875 0.02890625