2 0.96953125 0.51796875 0.06015625 0.06640625
3 0.93125 0.39375 0.08984375 0.08671875
2 0.8921875 0.5625 0.0515625 0.0640625
2 0.82578125 0.578125 0.0734375 0.07890625
2 0.7578125 0.615625 0.0234375 0.02890625
2 0.71015625 0.603125 0.05546875 0.05859375
2 0.8921875 0.8484375 0.07578125 0.1203125
2 0.82421875 0.75625 0.03125 0.0390625
2 0.771875 0.7796875 0.06796875 0.09375
2 0.496875 0.609375 0.0328125 0.0359375
2 0.1 0.271875 0.034375 0.05390625
2 0.43359375 0.4640625 0.04609375 0.053125
2 0.55625 0.39140625 0.0359375 0.04296875
3 0.53359375 0.9890625 0.03515625 0.021875