3 0.9375 0.5046875 0.09609375 0.0890625
0 0.83125 0.72578125 0.14921875 0.27578125
0 0.42109375 0.71328125 0.115625 0.21875
0 0.3296875 0.93515625 0.109375 0.1296875
0 0.2109375 0.93671875 0.1078125 0.1265625
0 0.196875 0.75390625 0.08125 0.15625
0 0.55859375 0.246875 0.1125 0.17578125
0 0.4546875 0.25 0.08671875 0.1140625
0 0.39296875 0.3109375 0.08125 0.17578125
0 0.35 0.2 0.0671875 0.09296875
0 0.2484375 0.1546875 0.06171875 0.07734375
0 0.1265625 0.46640625 0.07265625 0.11484375
0 0.059375 0.44453125 0.04453125 0.05703125