2 0.975 0.4640625 0.04921875 0.05703125
3 0.94921875 0.33828125 0.10078125 0.0953125
2 0.89921875 0.49921875 0.06171875 0.065625
2 0.82734375 0.50234375 0.07734375 0.08125
2 0.884375 0.7703125 0.06953125 0.1125
2 0.81484375 0.6765625 0.03125 0.040625
2 0.76171875 0.69609375 0.0671875 0.09921875
2 0.5 0.9140625 0.05390625 0.08828125
2 0.753125 0.534375 0.02578125 0.03125
2 0.7 0.51171875 0.065625 0.07890625
2 0.5546875 0.30546875 0.0421875 0.0484375
2 0.0921875 0.15859375 0.034375 0.0515625
2 0.4265625 0.36953125 0.04375 0.0515625
2 0.48046875 0.5078125 0.03125 0.040625