3 0.80625 0.07421875 0.02734375 0.05625
3 0.64140625 0.02109375 0.0296875 0.0421875
0 0.3109375 0.2796875 0.025 0.0484375
0 0.35 0.2828125 0.021875 0.04453125
0 0.690625 0.2578125 0.03671875 0.0453125
0 0.796875 0.43515625 0.04609375 0.06640625
0 0.7984375 0.5828125 0.03359375 0.065625
0 0.803125 0.328125 0.0421875 0.09140625
0 0.73515625 0.390625 0.040625 0.0765625
0 0.478125 0.14921875 0.03125 0.05390625
0 0.49921875 0.45234375 0.03359375 0.04609375
0 0.46640625 0.4921875 0.02421875 0.0484375
0 0.4890625 0.571875 0.04140625 0.065625
0 0.121875 0.5171875 0.02890625 0.0625
0 0.26796875 0.896875 0.04453125 0.075
0 0.91875 0.825 0.02890625 0.04375
0 0.603125 0.83984375 0.034375 0.06328125
0 0.55078125 0.91796875 0.04609375 0.08125
3 0.33125 0.521875 0.034375 0.06953125