0 0.2578125 0.8640625 0.025 0.04609375
0 0.2875 0.8484375 0.02578125 0.04296875
0 0.41640625 0.778125 0.028125 0.05
0 0.55390625 0.6484375 0.02578125 0.06015625
0 0.6640625 0.603125 0.0328125 0.05
0 0.71015625 0.59921875 0.025 0.04765625
0 0.596875 0.94296875 0.09296875 0.1140625
0 0.6828125 0.80859375 0.07890625 0.125
0 0.89609375 0.88828125 0.1296875 0.1453125
0 0.9671875 0.909375 0.065625 0.18125
3 0.4109375 0.946875 0.0390625 0.078125
3 0.659375 0.71484375 0.04921875 0.059375
3 0.7109375 0.6875 0.053125 0.03359375
3 0.71015625 0.7640625 0.046875 0.06875
3 0.8484375 0.78359375 0.08984375 0.10625