0 0.20703125 0.175 0.1140625 0.20234375
0 0.5671875 0.20234375 0.1125 0.2125
0 0.88046875 0.11015625 0.128125 0.2
0 0.9296875 0.60859375 0.1265625 0.21484375
0 0.634375 0.7890625 0.10390625 0.18046875
0 0.534375 0.821875 0.10703125 0.20703125
0 0.22578125 0.928125 0.090625 0.14296875
0 0.0296875 0.5703125 0.05703125 0.1484375
0 0.09453125 0.62734375 0.08046875 0.16796875
0 0.18125 0.8234375 0.090625 0.16015625
0 0.109375 0.825 0.07890625 0.1578125
1 0.28203125 0.36015625 0.11953125 0.09375
1 0.775 0.86640625 0.1609375 0.246875