2 0.72578125 0.8234375 0.02734375 0.03125
2 0.68828125 0.84609375 0.053125 0.07578125
3 0.80625 0.5265625 0.0734375 0.0609375
2 0.0875 0.43984375 0.03203125 0.05078125
2 0.4078125 0.60703125 0.03828125 0.04375
2 0.51171875 0.53671875 0.0328125 0.0359375
2 0.46796875 0.728125 0.02734375 0.02890625
2 0.6375 0.7015625 0.04765625 0.06640625
2 0.67890625 0.7171875 0.01796875 0.03125
2 0.72890625 0.68359375 0.0578125 0.0609375
2 0.7828125 0.6625 0.04453125 0.0515625
2 0.84140625 0.63046875 0.040625 0.046875
2 0.8953125 0.628125 0.059375 0.04453125