0 0.1078125 0.8390625 0.05859375 0.0765625
2 0.4140625 0.1078125 0.02578125 0.04296875
2 0.46640625 0.05625 0.02734375 0.046875
3 0.57890625 0.55390625 0.04765625 0.06953125
0 0.02109375 0.4578125 0.0421875 0.1125
0 0.15546875 0.35625 0.0453125 0.078125
0 0.37421875 0.41640625 0.046875 0.0859375
0 0.4375 0.55703125 0.05234375 0.08671875
0 0.3546875 0.675 0.05390625 0.09921875
0 0.19296875 0.85 0.05078125 0.090625
2 0.76796875 0.66015625 0.03203125 0.04921875
2 0.82109375 0.58828125 0.06484375 0.09765625
2 0.85 0.49140625 0.0484375 0.05625
2 0.7640625 0.44140625 0.0546875 0.09296875
2 0.653125 0.55234375 0.0328125 0.04609375