3 0.4015625 0.81796875 0.03125 0.06875
3 0.7171875 0.74765625 0.096875 0.13125
3 0.61953125 0.6953125 0.0421875 0.0734375
3 0.2296875 0.64921875 0.0390625 0.071875
0 0.08984375 0.490625 0.03984375 0.06953125
0 0.215625 0.02734375 0.04609375 0.04375
0 0.0359375 0.04921875 0.0328125 0.05625
0 0.3703125 0.08125 0.03203125 0.06015625
0 0.26484375 0.10703125 0.04140625 0.0625
0 0.3234375 0.2234375 0.0359375 0.05859375
0 0.384375 0.30078125 0.04375 0.0953125
0 0.26328125 0.3984375 0.04765625 0.0859375
0 0.06875 0.39609375 0.0453125 0.0609375
0 0.35 0.62734375 0.04375 0.07734375
0 0.6796875 0.6671875 0.05078125 0.08203125
0 0.503125 0.95390625 0.0375 0.0890625
0 0.1453125 0.83125 0.04140625 0.09296875