2 0.32578125 0.321875 0.0296875 0.0609375
2 0.34609375 0.18046875 0.02734375 0.04375
3 0.084375 0.58671875 0.08046875 0.1484375
2 0.6453125 0.1484375 0.065625 0.0984375
2 0.940625 0.190625 0.1171875 0.0984375
2 0.61640625 0.34609375 0.04765625 0.05859375
2 0.4828125 0.303125 0.0296875 0.04765625
2 0.49609375 0.371875 0.06953125 0.10078125
2 0.3578125 0.3640625 0.03359375 0.0609375
2 0.596875 0.1421875 0.053125 0.06953125
2 0.54140625 0.09140625 0.03046875 0.06796875
2 0.5515625 0.109375 0.0359375 0.06640625
2 0.278125 0.440625 0.02890625 0.04921875
2 0.07578125 0.50625 0.03828125 0.053125
2 0.1265625 0.44375 0.0265625 0.065625
2 0.565625 0.0203125 0.03828125 0.040625