2 0.13125 0.7015625 0.0453125 0.0640625
3 0.38125 0.04453125 0.05546875 0.05703125
2 0.45859375 0.87890625 0.14765625 0.22890625
2 0.4625 0.68359375 0.06328125 0.128125
2 0.4984375 0.72421875 0.04765625 0.07109375
2 0.725 0.87734375 0.0875 0.15390625
2 0.79375 0.503125 0.1671875 0.24609375
2 0.68515625 0.42421875 0.13046875 0.1484375
2 0.228125 0.4953125 0.04375 0.09375
2 0.26796875 0.6109375 0.046875 0.08828125
2 0.30546875 0.21875 0.0375 0.0671875
2 0.59609375 0.2015625 0.0453125 0.09140625
2 0.6125 0.2359375 0.05234375 0.09296875
2 0.62890625 0.05625 0.07265625 0.06875