2 0.525 0.57734375 0.034375 0.06640625
2 0.27734375 0.48359375 0.0359375 0.06953125
2 0.68984375 0.7234375 0.059375 0.0953125
2 0.728125 0.39921875 0.09375 0.159375
2 0.496875 0.55703125 0.0421875 0.07890625
2 0.5 0.68203125 0.1078125 0.14921875
2 0.31640625 0.56640625 0.046875 0.090625
2 0.021875 0.56328125 0.0421875 0.07890625
2 0.32734375 0.28828125 0.0328125 0.06484375
2 0.6546875 0.37421875 0.08984375 0.0765625
2 0.578125 0.24453125 0.0296875 0.0734375
2 0.5921875 0.26953125 0.034375 0.07421875
2 0.6015625 0.146875 0.05390625 0.04609375
2 0.2046875 0.634375 0.04921875 0.05390625
3 0.38125 0.16015625 0.05 0.0515625
3 0.4796875 0.03984375 0.0390625 0.04921875