3 0.575 0.690625 0.028125 0.08203125
3 0.95078125 0.946875 0.0953125 0.10625
3 0.65859375 0.89921875 0.03984375 0.05859375
3 0.7046875 0.1671875 0.05234375 0.1265625
3 0.3046875 0.040625 0.03828125 0.05625
3 0.14453125 0.79921875 0.04921875 0.08125
0 0.50703125 0.10390625 0.04609375 0.0625
0 0.4703125 0.35625 0.05 0.0859375
0 0.44609375 0.71171875 0.04453125 0.05625
0 0.3828125 0.5015625 0.034375 0.05703125
0 0.425 0.51953125 0.0546875 0.0859375
0 0.38203125 0.815625 0.0421875 0.09375
0 0.26015625 0.85546875 0.04921875 0.09375