3 0.94453125 0.06171875 0.0546875 0.0875
3 0.75 0.821875 0.0515625 0.10390625
3 0.175 0.9375 0.075 0.09140625
3 0.25234375 0.36953125 0.06640625 0.11875
3 0.05859375 0.28125 0.1109375 0.16640625
0 0.44921875 0.38203125 0.0703125 0.08046875
0 0.51640625 0.4046875 0.04140625 0.07734375
0 0.79296875 0.3609375 0.04609375 0.06796875
0 0.7546875 0.2 0.0390625 0.06171875
0 0.6625 0.14296875 0.03515625 0.0671875
0 0.5859375 0.14765625 0.04765625 0.09453125
0 0.49765625 0.046875 0.04921875 0.07734375
0 0.6046875 0.94375 0.0765625 0.09296875
0 0.31796875 0.87734375 0.0734375 0.08515625
0 0.3296875 0.5625 0.065625 0.11640625
0 0.1796875 0.81328125 0.06484375 0.1140625
0 0.15390625 0.5125 0.12265625 0.1515625