0 0.47578125 0.21796875 0.0359375 0.04296875
0 0.72421875 0.21484375 0.02578125 0.04609375
0 0.7671875 0.253125 0.03125 0.04765625
0 0.60546875 0.1296875 0.02421875 0.0515625
0 0.54765625 0.15625 0.02265625 0.05
0 0.90078125 0.35859375 0.03203125 0.0515625
0 0.23125 0.97421875 0.03203125 0.04140625
0 0.4046875 0.31953125 0.0265625 0.04921875
0 0.64921875 0.22890625 0.028125 0.0375
0 0.6609375 0.31484375 0.02890625 0.04609375
0 0.89921875 0.46953125 0.04296875 0.0625
0 0.38359375 0.6703125 0.0375 0.065625
0 0.440625 0.55234375 0.034375 0.0515625
0 0.69609375 0.521875 0.053125 0.07265625
0 0.60625 0.50703125 0.053125 0.078125
0 0.6546875 0.67734375 0.0515625 0.0765625
0 0.76484375 0.81953125 0.04921875 0.10859375
0 0.86640625 0.915625 0.0546875 0.1125
0 0.93125 0.8828125 0.05859375 0.09140625