3 0.215625 0.31171875 0.06171875 0.09765625
3 0.77890625 0.2390625 0.03125 0.07578125
3 0.703125 0.21875 0.0359375 0.07109375
3 0.69375 0.63671875 0.0359375 0.08203125
3 0.67734375 0.46796875 0.05390625 0.09296875
3 0.534375 0.06640625 0.0515625 0.0875
2 0.07265625 0.34921875 0.03203125 0.0375
2 0.15859375 0.36328125 0.0234375 0.03828125
2 0.2109375 0.63125 0.02421875 0.04140625
0 0.6703125 0.7625 0.04375 0.08046875
0 0.625 0.59609375 0.03671875 0.09140625
0 0.9625 0.89375 0.0609375 0.1140625
0 0.4328125 0.20078125 0.05625 0.07109375
0 0.2046875 0.15546875 0.05390625 0.059375
0 0.16640625 0.8515625 0.08203125 0.09375