3 0.35546875 0.0234375 0.05390625 0.046875
2 0.2703125 0.19765625 0.03515625 0.071875
2 0.584375 0.0328125 0.0671875 0.065625
2 0.5625 0.20703125 0.04609375 0.0765625
2 0.546875 0.16796875 0.04921875 0.09375
2 0.615625 0.38203125 0.1171875 0.1390625
2 0.70390625 0.45390625 0.13984375 0.2359375
2 0.61328125 0.93203125 0.09375 0.13515625
2 0.634375 0.79296875 0.075 0.12265625
2 0.4359375 0.67265625 0.04609375 0.07109375
2 0.409375 0.6421875 0.06953125 0.115625
2 0.3984375 0.81875 0.125 0.225
2 0.215625 0.5921875 0.05546875 0.11875
2 0.1921875 0.46953125 0.04140625 0.09296875
2 0.096875 0.66796875 0.04609375 0.06328125