3 0.421875 0.70625 0.10078125 0.16875
2 0.31875 0.4515625 0.02109375 0.02890625
2 0.40546875 0.43203125 0.025 0.02734375
2 0.0046875 0.33046875 0.009375 0.0390625
2 0.0390625 0.27578125 0.025 0.03125
2 0.36484375 0.52109375 0.03125 0.05
2 0.2984375 0.8234375 0.04921875 0.07734375
0 0.21015625 0.171875 0.05625 0.0640625
0 0.54375 0.27421875 0.0375 0.04765625
0 0.5484375 0.1984375 0.04296875 0.05390625
0 0.9859375 0.46640625 0.02734375 0.109375
0 0.12734375 0.8015625 0.11796875 0.16875
0 0.07578125 0.72578125 0.09453125 0.14453125
0 0.0984375 0.2859375 0.06328125 0.06796875
0 0.91328125 0.49296875 0.0453125 0.08984375
0 0.75390625 0.56796875 0.0765625 0.14140625
0 0.50625 0.70234375 0.1125 0.2015625