2 0.3328125 0.2546875 0.040625 0.071875
2 0.66171875 0.090625 0.07578125 0.06640625
2 0.65546875 0.271875 0.05234375 0.0984375
2 0.634375 0.2375 0.0453125 0.0984375
2 0.7421875 0.46640625 0.13359375 0.15625
2 0.87109375 0.55 0.17265625 0.259375
2 0.8109375 0.93046875 0.09921875 0.1390625
2 0.53359375 0.91015625 0.13671875 0.17890625
2 0.55703125 0.7734375 0.04765625 0.07890625
2 0.51796875 0.73515625 0.0625 0.13125
2 0.3015625 0.65234375 0.0578125 0.09921875
2 0.26484375 0.5296875 0.04765625 0.08359375
2 0.01171875 0.57734375 0.0234375 0.07109375
3 0.4078125 0.07734375 0.05625 0.06796875