2 0.8859375 0.96171875 0.128125 0.07578125
2 0.61875 0.840625 0.0578125 0.08046875
2 0.60078125 0.94375 0.13671875 0.11171875
2 0.5828125 0.8015625 0.06796875 0.12890625
2 0.92109375 0.61171875 0.15703125 0.24921875
2 0.8078125 0.5375 0.15234375 0.14921875
2 0.69296875 0.165625 0.075 0.0671875
2 0.6703125 0.30625 0.0421875 0.09609375
2 0.3640625 0.33046875 0.03671875 0.07109375
2 0.30625 0.6 0.0453125 0.084375
2 0.34609375 0.72734375 0.05390625 0.1171875
2 0.034375 0.64609375 0.0390625 0.084375
3 0.43125 0.15625 0.0578125 0.06015625
2 0.69765625 0.34375 0.0515625 0.090625