2 0.60390625 0.8375 0.053125 0.08671875
2 0.88203125 0.6328125 0.14609375 0.215625
2 0.7796875 0.5578125 0.128125 0.1265625
2 0.58828125 0.9375 0.12578125 0.125
3 0.425 0.2046875 0.04765625 0.06640625
3 0.5328125 0.0640625 0.0453125 0.0546875
2 0.02890625 0.66484375 0.0453125 0.0890625
2 0.30625 0.61171875 0.04609375 0.0984375
2 0.346875 0.73984375 0.0578125 0.11640625
2 0.5671875 0.7984375 0.05546875 0.1015625
2 0.653125 0.3515625 0.040625 0.08671875
2 0.35859375 0.3609375 0.0375 0.06796875
2 0.8515625 0.9515625 0.0890625 0.096875
2 0.67421875 0.22265625 0.0640625 0.06875
2 0.67578125 0.384375 0.04375 0.08359375