3 0.39453125 0.0421875 0.046875 0.06796875
2 0.30859375 0.2078125 0.03359375 0.06875
2 0.609375 0.05859375 0.06484375 0.06484375
2 0.5765625 0.2328125 0.040625 0.084375
2 0.559375 0.19921875 0.03359375 0.08359375
2 0.6078125 0.41328125 0.10546875 0.1359375
2 0.140625 0.6453125 0.03984375 0.0625
2 0.22734375 0.46953125 0.04140625 0.0765625
2 0.39609375 0.81328125 0.11640625 0.1921875
2 0.58828125 0.94296875 0.0828125 0.11328125
2 0.6046875 0.815625 0.0765625 0.140625
2 0.68984375 0.48359375 0.13203125 0.23359375
2 0.41171875 0.65 0.06484375 0.1125
2 0.4328125 0.68046875 0.046875 0.07109375
2 0.24375 0.58828125 0.0578125 0.11015625