3 0.0484375 0.734375 0.096875 0.140625
2 0.3828125 0.46953125 0.04453125 0.071875
2 0.47734375 0.23828125 0.0390625 0.06484375
2 0.77265625 0.3546875 0.059375 0.0859375
2 0.75390625 0.30546875 0.05703125 0.10234375
2 0.82421875 0.15234375 0.08828125 0.0625
3 0.575 0.06796875 0.0578125 0.059375
3 0.09453125 0.60078125 0.134375 0.13125
2 0.203125 0.425 0.0421875 0.071875
2 0.14453125 0.46953125 0.040625 0.0515625
2 0.2890625 0.61796875 0.0296875 0.06015625
2 0.39453125 0.59453125 0.05625 0.09296875
2 0.828125 0.590625 0.17734375 0.159375
2 0.55625 0.7484375 0.06796875 0.121875
2 0.525 0.909375 0.13984375 0.18125
2 0.90625 0.72890625 0.18671875 0.28359375
2 0.58359375 0.784375 0.0421875 0.0640625