0 0.15390625 0.41640625 0.03515625 0.06796875
3 0.1265625 0.46328125 0.03359375 0.05546875
0 0.5140625 0.190625 0.03671875 0.03828125
0 0.0921875 0.36328125 0.040625 0.06796875
0 0.3859375 0.215625 0.0359375 0.05390625
0 0.978125 0.584375 0.04296875 0.08359375
0 0.9109375 0.6328125 0.0328125 0.0484375
0 0.896875 0.74921875 0.03515625 0.09140625
0 0.859375 0.6234375 0.03125 0.08046875
0 0.71328125 0.43203125 0.034375 0.0609375
0 0.56328125 0.45078125 0.04140625 0.078125
0 0.553125 0.54453125 0.05 0.1
0 0.4703125 0.621875 0.05546875 0.09296875
0 0.3453125 0.6890625 0.046875 0.0859375
0 0.29375 0.52578125 0.0515625 0.0828125
0 0.215625 0.646875 0.05703125 0.10546875