3 0.4171875 0.1 0.05546875 0.0734375
2 0.34609375 0.27890625 0.034375 0.0765625
2 0.0203125 0.59921875 0.03671875 0.08671875
2 0.2859375 0.55390625 0.053125 0.09453125
2 0.328125 0.684375 0.05859375 0.11015625
2 0.684375 0.10703125 0.071875 0.071875
2 0.68046875 0.2890625 0.0546875 0.09140625
2 0.65703125 0.25234375 0.0453125 0.1015625
2 0.79765625 0.4875 0.1640625 0.15859375
2 0.91171875 0.5703125 0.1765625 0.25703125
2 0.8671875 0.93984375 0.0984375 0.1203125
2 0.5640625 0.91953125 0.1671875 0.1609375
2 0.55234375 0.759375 0.06953125 0.13203125
2 0.58828125 0.8 0.05703125 0.0859375