0 0.04453125 0.13671875 0.053125 0.06015625
0 0.73359375 0.20703125 0.03203125 0.04609375
0 0.596875 0.4484375 0.03828125 0.05703125
0 0.5703125 0.54921875 0.02734375 0.04765625
0 0.64296875 0.88515625 0.0328125 0.05859375
0 0.5203125 0.64375 0.04609375 0.07109375
0 0.57109375 0.70546875 0.0453125 0.0828125
0 0.2828125 0.09296875 0.0421875 0.0828125
0 0.275 0.21796875 0.05390625 0.0828125
0 0.0765625 0.671875 0.046875 0.05234375
0 0.32734375 0.68828125 0.04453125 0.053125
0 0.19765625 0.9265625 0.0625 0.08359375