2 0.5375 0.690625 0.040625 0.078125
2 0.7234375 0.76640625 0.0578125 0.109375
2 0.2765625 0.55703125 0.04140625 0.07578125
2 0.51171875 0.8 0.12109375 0.159375
2 0.71796875 0.88046875 0.06484375 0.1265625
2 0.5046875 0.66171875 0.0421875 0.09375
2 0.31796875 0.64453125 0.0515625 0.09609375
2 0.75703125 0.51484375 0.1109375 0.153125
2 0.6734375 0.46953125 0.0921875 0.10234375
2 0.590625 0.3234375 0.03984375 0.0765625
2 0.6078125 0.34609375 0.040625 0.07890625
2 0.61640625 0.2140625 0.06015625 0.0609375
2 0.32734375 0.3390625 0.0359375 0.05390625
2 0.0140625 0.609375 0.02734375 0.06796875
3 0.3890625 0.2 0.0515625 0.04765625
3 0.49375 0.08203125 0.03515625 0.03203125