0 0.71171875 0.25859375 0.02109375 0.06875
0 0.77265625 0.17734375 0.04609375 0.05625
0 0.03046875 0.796875 0.05078125 0.075
0 0.23046875 0.68046875 0.03984375 0.05078125
0 0.10234375 0.515625 0.04140625 0.053125
0 0.35625 0.60703125 0.025 0.04609375
0 0.52109375 0.79375 0.03671875 0.07109375
0 0.496875 0.70859375 0.0328125 0.05625
0 0.5765625 0.6828125 0.0234375 0.05390625
0 0.6171875 0.62421875 0.0328125 0.04296875
0 0.8046875 0.53359375 0.028125 0.05078125
0 0.4078125 0.26640625 0.0375 0.071875
0 0.43359375 0.1859375 0.03046875 0.0640625
0 0.24375 0.15078125 0.03046875 0.05
0 0.31015625 0.08125 0.03125 0.06015625
0 0.21875 0.4546875 0.0453125 0.03125
3 0.76875 0.89296875 0.040625 0.06640625