2 0.509375 0.403125 0.03515625 0.05546875
2 0.29296875 0.37265625 0.03359375 0.05859375
2 0.56328125 0.1390625 0.0328125 0.065625
2 0.5515625 0.1234375 0.028125 0.06015625
2 0.3234375 0.2078125 0.0265625 0.04765625
2 0.0171875 0.55546875 0.0296875 0.06640625
2 0.06484375 0.48984375 0.04140625 0.071875
2 0.57265625 0.0359375 0.0484375 0.0546875
2 0.61328125 0.1984375 0.06328125 0.08046875
2 0.67578125 0.20859375 0.08359375 0.13203125
2 0.64140625 0.46875 0.046875 0.08046875
2 0.49140625 0.47578125 0.0859375 0.11796875
2 0.4921875 0.38125 0.059375 0.0671875
2 0.33046875 0.43203125 0.04453125 0.0765625
2 0.234375 0.51328125 0.0375 0.053125
3 0.0234375 0.6375 0.04375 0.11875
3 0.371875 0.08046875 0.04921875 0.05