2 0.56640625 0.034375 0.06875 0.06796875
2 0.53515625 0.20703125 0.0453125 0.09296875
2 0.51640625 0.1765625 0.03984375 0.09375
2 0.26015625 0.19921875 0.03671875 0.06875
2 0.18359375 0.46875 0.04140625 0.08046875
2 0.090625 0.65234375 0.04453125 0.07890625
2 0.2015625 0.5796875 0.05625 0.1125
2 0.58125 0.38203125 0.109375 0.13203125
2 0.65703125 0.44609375 0.1328125 0.22421875
2 0.4046875 0.65703125 0.04765625 0.065625
2 0.38515625 0.628125 0.0703125 0.1140625
2 0.375 0.79140625 0.10546875 0.20390625
2 0.58828125 0.778125 0.06484375 0.13359375
2 0.56796875 0.92578125 0.084375 0.1484375
3 0.34453125 0.025 0.0453125 0.05