2 0.5296875 0.45546875 0.0375 0.0625
2 0.2890625 0.39453125 0.03515625 0.065625
2 0.67890625 0.5453125 0.05703125 0.09375
2 0.32890625 0.21171875 0.03125 0.05703125
2 0.575 0.1421875 0.03046875 0.0765625
2 0.59140625 0.1609375 0.03359375 0.0671875
2 0.6453125 0.240625 0.084375 0.08125
2 0.7234375 0.2609375 0.09921875 0.15
2 0.5140625 0.43828125 0.0640625 0.08046875
2 0.50703125 0.5328125 0.09921875 0.13203125
2 0.2296875 0.53984375 0.0375 0.05703125
2 0.33125 0.46015625 0.0453125 0.090625
3 0.02109375 0.6328125 0.0421875 0.078125
2 0.04921875 0.4953125 0.0390625 0.065625
3 0.38203125 0.07890625 0.0453125 0.05703125
2 0.59765625 0.04453125 0.04921875 0.05859375