0 0.90234375 0.365625 0.1109375 0.11796875
0 0.4265625 0.23359375 0.03984375 0.0484375
0 0.265625 0.2671875 0.0453125 0.05859375
0 0.31875 0.29609375 0.046875 0.0734375
0 0.79609375 0.696875 0.140625 0.25390625
0 0.7578125 0.5015625 0.07890625 0.11015625
3 0.12578125 0.86015625 0.08359375 0.16953125
3 0.0609375 0.2578125 0.09375 0.08984375
3 0.0578125 0.0734375 0.0765625 0.10625
3 0.31796875 0.54453125 0.05703125 0.071875
3 0.3390625 0.65078125 0.06015625 0.10078125
3 0.37578125 0.334375 0.03828125 0.05625
3 0.57421875 0.3265625 0.03828125 0.078125
0 0.48359375 0.70546875 0.04921875 0.09453125