2 0.50859375 0.9140625 0.11953125 0.17109375
2 0.87890625 0.7671875 0.13671875 0.171875
2 0.6453125 0.69921875 0.09453125 0.14375
2 0.54140625 0.63984375 0.08046875 0.13671875
2 0.58828125 0.1953125 0.07890625 0.10078125
2 0.434375 0.2578125 0.04609375 0.084375
2 0.3921875 0.13125 0.0734375 0.05390625
2 0.29375 0.08046875 0.065625 0.071875
2 0.15625 0.1703125 0.07890625 0.09765625
2 0.259375 0.4203125 0.084375 0.12265625
2 0.1859375 0.403125 0.07265625 0.109375
2 0.02578125 0.58671875 0.0515625 0.090625