2 0.79609375 0.88203125 0.10859375 0.1765625
2 0.83046875 0.321875 0.10625 0.1171875
2 0.84609375 0.05234375 0.0734375 0.10390625
2 0.78984375 0.046875 0.07734375 0.09375
2 0.7015625 0.115625 0.0734375 0.08359375
2 0.6375 0.35390625 0.04921875 0.10078125
2 0.58203125 0.20859375 0.084375 0.06796875
2 0.46328125 0.1234375 0.06484375 0.07421875
2 0.31953125 0.2125 0.08046875 0.0984375
2 0.4296875 0.50390625 0.09609375 0.12421875
2 0.353125 0.46953125 0.08671875 0.11484375
2 0.1828125 0.63203125 0.05 0.06796875
2 0.140625 0.26796875 0.0734375 0.09375
2 0.034375 0.48984375 0.06796875 0.11640625