0 0.40234375 0.65234375 0.03828125 0.08046875
3 0.253125 0.51796875 0.0484375 0.06875
3 0.26640625 0.60078125 0.0578125 0.08046875
3 0.08125 0.778125 0.07109375 0.15
3 0.025 0.26796875 0.04921875 0.07265625
3 0.30703125 0.325 0.03671875 0.0515625
3 0.48984375 0.31796875 0.034375 0.06796875
0 0.2515625 0.290625 0.04609375 0.07265625
0 0.80703125 0.3890625 0.1609375 0.1953125
0 0.5859375 0.59921875 0.09765625 0.1703125
0 0.61796875 0.45703125 0.05390625 0.0859375
0 0.2015625 0.26328125 0.040625 0.0609375
0 0.36015625 0.23203125 0.0359375 0.0484375