2 0.56484375 0.9390625 0.0921875 0.121875
2 0.74375 0.25 0.10859375 0.1640625
2 0.7859375 0.44765625 0.09609375 0.15859375
2 0.72265625 0.68125 0.11796875 0.18984375
2 0.8375 0.6203125 0.1328125 0.20390625
2 0.40390625 0.92109375 0.0890625 0.1578125
2 0.44375 0.7796875 0.0828125 0.184375
2 0.41484375 0.5046875 0.11875 0.1765625
2 0.2640625 0.41015625 0.06484375 0.11484375
2 0.05390625 0.1859375 0.0640625 0.0984375
1 0.7203125 0.021875 0.0609375 0.0390625
1 0.06484375 0.76953125 0.1265625 0.17578125