2 0.78203125 0.86015625 0.11328125 0.1484375
2 0.23359375 0.196875 0.07734375 0.0859375
2 0.521875 0.31015625 0.0515625 0.10390625
2 0.09453125 0.6140625 0.05703125 0.06484375
2 0.72265625 0.0359375 0.05546875 0.07109375
2 0.67421875 0.0296875 0.06484375 0.05859375
2 0.590625 0.08046875 0.0625 0.0609375
2 0.475 0.17265625 0.07421875 0.0625
2 0.37421875 0.109375 0.0625 0.08125
2 0.69609375 0.265625 0.0859375 0.1015625
2 0.6546875 0.7578125 0.0828125 0.15390625
2 0.334375 0.465625 0.08046875 0.10625
2 0.2640625 0.446875 0.07890625 0.1125
2 0.05 0.26796875 0.07109375 0.10078125