2 0.046875 0.34453125 0.05859375 0.071875
2 0.35234375 0.671875 0.11640625 0.18984375
2 0.659375 0.74375 0.11640625 0.1734375
2 0.76015625 0.65703125 0.12109375 0.16796875
2 0.94765625 0.87890625 0.06640625 0.1171875
2 0.72890625 0.1140625 0.0890625 0.09296875
2 0.696875 0.52109375 0.09296875 0.13828125
1 0.64609375 0.09921875 0.12890625 0.1765625
2 0.85546875 0.40390625 0.08671875 0.1390625
2 0.64296875 0.35 0.09140625 0.14453125
2 0.4734375 0.56640625 0.0390625 0.04609375
2 0.4046875 0.915625 0.07265625 0.16484375
2 0.38515625 0.1890625 0.05546875 0.07265625