2 0.87578125 0.915625 0.1484375 0.16875
2 0.925 0.04921875 0.07265625 0.0984375
2 0.9046875 0.334375 0.1 0.13125
2 0.85859375 0.040625 0.0953125 0.08125
2 0.76875 0.11171875 0.0765625 0.06953125
2 0.69609375 0.365625 0.06640625 0.0984375
2 0.63359375 0.19921875 0.08984375 0.06953125
2 0.5125 0.115625 0.078125 0.07890625
2 0.3625 0.19296875 0.08203125 0.10546875
2 0.48125 0.5078125 0.0921875 0.11796875
2 0.4 0.47109375 0.08125 0.11953125
2 0.22421875 0.62890625 0.0484375 0.06875
2 0.18359375 0.25546875 0.0796875 0.0984375
2 0.07421875 0.46953125 0.07578125 0.10703125