1 0.05625 0.796875 0.109375 0.14296875
2 0.07265625 0.21484375 0.06796875 0.08828125
2 0.2765625 0.45 0.0703125 0.11328125
2 0.759375 0.3078125 0.11015625 0.178125
2 0.7984375 0.51796875 0.11015625 0.15703125
2 0.7375 0.74765625 0.1203125 0.20703125
2 0.85234375 0.69765625 0.12890625 0.2015625
2 0.4578125 0.8390625 0.08359375 0.18359375
2 0.43359375 0.55390625 0.115625 0.17578125
1 0.77109375 0.046875 0.1375 0.0921875
2 0.8921875 0.06015625 0.1203125 0.1109375
2 0.7296875 0.20390625 0.05390625 0.07109375