2 0.50625 0.4375 0.0671875 0.08125
2 0.55 0.33203125 0.046875 0.0734375
2 0.9 0.89140625 0.08828125 0.12890625
2 0.91015625 0.7921875 0.096875 0.17421875
2 0.809375 0.74375 0.1609375 0.27109375
2 0.4109375 0.39453125 0.0484375 0.08046875
2 0.4375 0.45078125 0.05234375 0.0671875
2 0.365625 0.47265625 0.053125 0.0734375
2 0.1375 0.50234375 0.06875 0.0734375
2 0.278125 0.53046875 0.0546875 0.05390625
2 0.9421875 0.934375 0.115625 0.13046875
2 0.478125 0.34375 0.05234375 0.07578125
2 0.4484375 0.31171875 0.0421875 0.06875
2 0.33203125 0.35078125 0.046875 0.06953125
2 0.43515625 0.2078125 0.03359375 0.0453125
2 0.53046875 0.21171875 0.03203125 0.06328125
2 0.2609375 0.50390625 0.0515625 0.053125
2 0.80546875 0.21796875 0.04453125 0.04296875
2 0.1703125 0.66015625 0.071875 0.0921875