2 0.79140625 0.68203125 0.05390625 0.05546875
2 0.61796875 0.27421875 0.07890625 0.096875
2 0.63125 0.35859375 0.03828125 0.04453125
2 0.6015625 0.3375 0.03125 0.0421875
2 0.528125 0.30546875 0.0578125 0.06953125
2 0.5546875 0.35703125 0.05546875 0.075
2 0.65859375 0.20546875 0.0765625 0.08046875
2 0.53515625 0.11875 0.04609375 0.06171875
2 0.4390625 0.340625 0.05 0.0609375
2 0.64453125 0.75 0.13046875 0.21328125
2 0.4390625 0.59921875 0.07734375 0.1328125
2 0.2125 0.34375 0.0671875 0.090625
1 0.9609375 0.215625 0.0765625 0.121875
2 0.2625 0.0625 0.0296875 0.04140625