2 0.959375 0.5875 0.0546875 0.06953125
2 0.1375 0.42890625 0.0359375 0.04609375
2 0.1015625 0.4765625 0.0421875 0.053125
2 0.15625 0.35625 0.03359375 0.04453125
2 0.35078125 0.45 0.0390625 0.05625
2 0.390625 0.4390625 0.034375 0.053125
2 0.41953125 0.36328125 0.0359375 0.0484375
2 0.4328125 0.3171875 0.0359375 0.0515625
2 0.459375 0.271875 0.02421875 0.046875
2 0.5109375 0.35390625 0.03515625 0.05625
2 0.41875 0.53515625 0.046875 0.071875
2 0.3171875 0.6734375 0.0359375 0.06328125
2 0.353125 0.75703125 0.04453125 0.090625
2 0.434375 0.8625 0.0421875 0.078125
2 0.4796875 0.69921875 0.04296875 0.06875
2 0.50546875 0.70859375 0.03828125 0.06640625
2 0.53203125 0.63203125 0.04296875 0.06640625
2 0.56875 0.59296875 0.040625 0.07578125
2 0.53125 0.565625 0.03828125 0.071875
2 0.50703125 0.47578125 0.03828125 0.06328125
2 0.54140625 0.496875 0.04296875 0.07421875
2 0.65859375 0.69375 0.05078125 0.08046875
2 0.80625 0.91796875 0.06015625 0.10625
2 0.85546875 0.67109375 0.09140625 0.1296875
2 0.940625 0.48046875 0.04609375 0.06640625
2 0.67890625 0.315625 0.03515625 0.04609375
2 0.27734375 0.46171875 0.0359375 0.05390625