0 0.88515625 0.046875 0.0234375 0.04296875
0 0.79453125 0.0734375 0.02734375 0.04609375
0 0.7765625 0.10625 0.0203125 0.04453125
0 0.73828125 0.14765625 0.02109375 0.04453125
0 0.6984375 0.1703125 0.0234375 0.04609375
0 0.65703125 0.203125 0.025 0.04453125
0 0.5875 0.3125 0.02265625 0.03984375
0 0.5671875 0.359375 0.021875 0.04140625
0 0.9703125 0.10078125 0.0328125 0.053125
0 0.9515625 0.13046875 0.040625 0.06328125
0 0.81171875 0.4609375 0.04453125 0.07890625
0 0.68359375 0.74609375 0.05546875 0.08671875
0 0.6640625 0.4515625 0.03828125 0.05234375
0 0.58046875 0.49609375 0.025 0.0484375
0 0.4953125 0.60234375 0.03046875 0.05859375
0 0.515625 0.665625 0.03515625 0.06328125
0 0.50234375 0.9578125 0.04765625 0.084375
0 0.215625 0.971875 0.0390625 0.05625
0 0.215625 0.82578125 0.04140625 0.065625