2 0.3234375 0.228125 0.0234375 0.0421875
2 0.9609375 0.21015625 0.0765625 0.10390625
2 0.49609375 0.18828125 0.0359375 0.05546875
2 0.0671875 0.75546875 0.06015625 0.08828125
2 0.5703125 0.30234375 0.05390625 0.05703125
2 0.6609375 0.465625 0.0703125 0.09453125
2 0.69453125 0.390625 0.06875 0.0796875
2 0.49296875 0.76484375 0.065625 0.134375
2 0.4890625 0.50546875 0.05625 0.08046875
2 0.34765625 0.43125 0.0546875 0.06953125
2 0.275 0.50390625 0.06171875 0.08046875
2 0.684375 0.9140625 0.12578125 0.171875
2 0.59921875 0.5453125 0.05859375 0.07734375
2 0.5703125 0.478125 0.05546875 0.08125
2 0.640625 0.51875 0.03671875 0.03984375
2 0.6703125 0.5421875 0.03515625 0.04453125
2 0.8265625 0.89140625 0.05234375 0.0515625