0 0.56875 0.63046875 0.0234375 0.04140625
0 0.6046875 0.56484375 0.021875 0.04375
0 0.7109375 0.46953125 0.025 0.04296875
0 0.68828125 0.4546875 0.028125 0.040625
0 0.734375 0.42265625 0.02734375 0.04609375
0 0.76171875 0.43125 0.03125 0.0515625
0 0.80625 0.3890625 0.0375 0.05
0 0.83671875 0.3515625 0.03359375 0.053125
0 0.94609375 0.35625 0.04375 0.0640625
0 0.97890625 0.55546875 0.0421875 0.10390625
0 0.775 0.971875 0.08203125 0.05625
0 0.54765625 0.85546875 0.03984375 0.05859375
0 0.5578125 0.9125 0.046875 0.07734375
0 0.48671875 0.890625 0.02265625 0.05546875
0 0.4625 0.89453125 0.03125 0.0515625