2 0.22265625 0.3421875 0.07734375 0.096875
2 0.27109375 0.2546875 0.034375 0.05703125
2 0.3234375 0.234375 0.071875 0.0859375
2 0.04296875 0.3796875 0.0578125 0.0578125
2 0.3375 0.084375 0.053125 0.05546875
2 0.2640625 0.02734375 0.0390625 0.0515625
2 0.6265625 0.0484375 0.084375 0.090625
2 0.553125 0.26484375 0.08671875 0.1265625
2 0.675 0.2484375 0.08125 0.10625
2 0.7546875 0.296875 0.071875 0.1046875
2 0.8046875 0.1890625 0.09765625 0.13671875
2 0.8359375 0.10234375 0.0953125 0.103125
2 0.62578125 0.6265625 0.1328125 0.19375
2 0.85703125 0.28515625 0.04765625 0.04453125