1 0.96640625 0.54609375 0.0671875 0.065625
2 0.54375 0.278125 0.04453125 0.07109375
2 0.34140625 0.29609375 0.04375 0.06171875
2 0.296875 0.4734375 0.04765625 0.05859375
2 0.37734375 0.42578125 0.05390625 0.0765625
2 0.409375 0.35625 0.04765625 0.07578125
2 0.434375 0.39375 0.04375 0.07890625
2 0.84375 0.79453125 0.084375 0.10859375
2 0.80625 0.7390625 0.07421875 0.10859375
2 0.82734375 0.671875 0.071875 0.12890625
2 0.753125 0.63671875 0.1234375 0.21171875
2 0.45546875 0.92265625 0.09921875 0.15390625
2 0.165625 0.44609375 0.0640625 0.071875
2 0.03515625 0.7875 0.0671875 0.096875
2 0.284375 0.44296875 0.0484375 0.04375
2 0.48125 0.28203125 0.05 0.05390625
2 0.45078125 0.2578125 0.0375 0.0390625
2 0.4328125 0.16171875 0.04296875 0.05546875
2 0.46875 0.11875 0.046875 0.0390625
2 0.521875 0.1671875 0.0328125 0.06171875
2 0.18671875 0.16328125 0.03828125 0.046875