0 0.9015625 0.88828125 0.03125 0.0609375
0 0.92734375 0.49140625 0.05 0.0859375
0 0.89296875 0.696875 0.04609375 0.05859375
0 0.82109375 0.7296875 0.053125 0.08203125
0 0.77578125 0.66484375 0.05546875 0.0625
0 0.70703125 0.753125 0.0453125 0.065625
0 0.71796875 0.5578125 0.0390625 0.05859375
0 0.67421875 0.5453125 0.03828125 0.06640625
0 0.63125 0.50625 0.05234375 0.07890625
0 0.5640625 0.4390625 0.04765625 0.075
0 0.703125 0.30625 0.07890625 0.1015625
0 0.40546875 0.36484375 0.02578125 0.0515625
0 0.11171875 0.6609375 0.03203125 0.04609375
0 0.2015625 0.8578125 0.03984375 0.0609375
0 0.228125 0.6140625 0.0328125 0.06015625
0 0.27734375 0.30703125 0.02890625 0.05546875
0 0.1578125 0.35546875 0.028125 0.053125
0 0.1609375 0.1203125 0.0328125 0.06015625
0 0.11015625 0.0546875 0.03828125 0.0609375