0 0.678125 0.9015625 0.05546875 0.08671875
0 0.67109375 0.36328125 0.05859375 0.09140625
0 0.6875 0.28046875 0.0515625 0.07265625
0 0.5359375 0.15859375 0.034375 0.0484375
0 0.65625 0.21640625 0.04609375 0.06796875
0 0.578125 0.23125 0.0375 0.07421875
2 0.44296875 0.221875 0.03203125 0.04765625
3 0.55078125 0.303125 0.034375 0.059375
3 0.30078125 0.803125 0.04921875 0.07890625
0 0.5671875 0.64765625 0.05234375 0.07890625
0 0.5078125 0.7578125 0.0515625 0.09375
0 0.4984375 0.96796875 0.059375 0.0640625
0 0.32265625 0.7390625 0.03984375 0.07109375
0 0.23125 0.790625 0.03828125 0.090625
0 0.2765625 0.88984375 0.0375 0.075
0 0.109375 0.82421875 0.03671875 0.0640625
0 0.1703125 0.75 0.04375 0.0625
0 0.19375 0.63359375 0.04296875 0.07109375
0 0.0484375 0.4015625 0.03046875 0.053125
0 0.34921875 0.23671875 0.03828125 0.0703125
0 0.221875 0.3359375 0.034375 0.059375