2 0.8 0.62578125 0.059375 0.05859375
2 0.540625 0.25546875 0.03515625 0.046875
2 0.5765625 0.2671875 0.03671875 0.04140625
2 0.34921875 0.28203125 0.06796875 0.1171875
2 0.06015625 0.36953125 0.075 0.10078125
2 0.15234375 0.2546875 0.0671875 0.09296875
2 0.5875 0.0828125 0.07421875 0.0953125
2 0.54765625 0.17265625 0.08984375 0.11484375
2 0.36484375 0.62109375 0.0984375 0.1765625
2 0.6328125 0.75078125 0.16484375 0.275
2 0.4265625 0.028125 0.06484375 0.05546875
2 0.4921875 0.2984375 0.0546875 0.09609375
2 0.45078125 0.23203125 0.05234375 0.0890625