2 0.475 0.23359375 0.03046875 0.04765625
2 0.40234375 0.14140625 0.03671875 0.0515625
2 0.9109375 0.18984375 0.04140625 0.0578125
1 0.94296875 0.340625 0.11171875 0.11484375
3 0.8546875 0.32421875 0.11015625 0.16796875
2 0.7015625 0.22734375 0.05234375 0.04765625
2 0.4640625 0.60546875 0.05625 0.07734375
2 0.553125 0.39375 0.0484375 0.06171875
2 0.61796875 0.38828125 0.046875 0.07890625
2 0.52109375 0.95234375 0.0640625 0.0953125
2 0.58984375 0.95390625 0.0640625 0.0921875
2 0.74921875 0.87265625 0.08828125 0.140625
2 0.7828125 0.765625 0.08125 0.11875
2 0.61015625 0.696875 0.07734375 0.12265625
2 0.6671875 0.671875 0.06953125 0.11640625
2 0.73359375 0.4640625 0.0546875 0.08515625
2 0.84765625 0.10859375 0.04921875 0.06484375
2 0.559375 0.14609375 0.040625 0.04921875
2 0.61171875 0.1453125 0.05234375 0.0734375
2 0.515625 0.2984375 0.04765625 0.06484375
2 0.26953125 0.4953125 0.05078125 0.06875
2 0.31953125 0.5015625 0.0484375 0.08125
2 0.275 0.34765625 0.05078125 0.071875
2 0.33359375 0.134375 0.04296875 0.04140625