0 0.925 0.62890625 0.0390625 0.06171875
0 0.95 0.71171875 0.0328125 0.0546875
0 0.928125 0.3953125 0.02734375 0.059375
0 0.8890625 0.3609375 0.04296875 0.04609375
0 0.8875 0.225 0.03203125 0.06171875
0 0.85625 0.1 0.03125 0.065625
0 0.746875 0.1234375 0.03671875 0.06640625
0 0.73828125 0.53046875 0.0484375 0.09453125
0 0.6234375 0.76875 0.0734375 0.1390625
0 0.4546875 0.4984375 0.084375 0.13984375
0 0.2359375 0.93671875 0.115625 0.1265625
0 0.2203125 0.5546875 0.09609375 0.1828125
0 0.30234375 0.178125 0.0671875 0.10625