0 0.6796875 0.109375 0.03125 0.0609375
0 0.69375 0.05859375 0.028125 0.04375
0 0.528125 0.29921875 0.02890625 0.04453125
0 0.4578125 0.35078125 0.0234375 0.03359375
0 0.4375 0.41953125 0.0296875 0.04296875
0 0.590625 0.38828125 0.03359375 0.04609375
0 0.5984375 0.428125 0.03203125 0.059375
0 0.49921875 0.61171875 0.0265625 0.053125
0 0.565625 0.5109375 0.034375 0.0640625
0 0.46953125 0.5875 0.02890625 0.0609375
0 0.43984375 0.66640625 0.03359375 0.06171875
0 0.390625 0.9265625 0.03125 0.06328125