2 0.63046875 0.1890625 0.0328125 0.04609375
2 0.3421875 0.3453125 0.04921875 0.0671875
2 0.4078125 0.134375 0.0421875 0.05703125
2 0.58046875 0.33671875 0.05078125 0.06328125
2 0.38515625 0.51796875 0.0546875 0.07890625
2 0.340625 0.49609375 0.0578125 0.0640625
2 0.4765625 0.19609375 0.034375 0.03984375
2 0.46875 0.15546875 0.0328125 0.04921875
2 0.4984375 0.125 0.034375 0.04765625
2 0.93515625 0.196875 0.05078125 0.07578125
3 0.9328125 0.44609375 0.13359375 0.15078125
2 0.7984375 0.565625 0.065625 0.09453125
2 0.7203125 0.7671875 0.0765625 0.13125
2 0.659375 0.7765625 0.075 0.12109375
2 0.83515625 0.88515625 0.07578125 0.11640625
2 0.790625 0.96171875 0.0890625 0.0765625
2 0.61953125 0.453125 0.04375 0.07109375
2 0.6796875 0.4609375 0.05078125 0.07890625
2 0.771875 0.30546875 0.05078125 0.06171875