2 0.4859375 0.25546875 0.03046875 0.03984375
2 0.58984375 0.1984375 0.02890625 0.0484375
2 0.59765625 0.24140625 0.03671875 0.0484375
2 0.2546875 0.56484375 0.04921875 0.0640625
2 0.62890625 0.88046875 0.09609375 0.13828125
2 0.7203125 0.83359375 0.0828125 0.12265625
2 0.8609375 0.921875 0.121875 0.12265625
2 0.9296875 0.634375 0.10546875 0.10859375
2 0.75078125 0.54921875 0.09140625 0.11796875
2 0.7203125 0.66328125 0.0796875 0.11484375
2 0.51328125 0.753125 0.07265625 0.103125
2 0.465625 0.83671875 0.08203125 0.115625
2 0.58046875 0.584375 0.07109375 0.07734375
2 0.60859375 0.45625 0.06875 0.09296875
2 0.67734375 0.490625 0.0765625 0.09453125
2 0.86875 0.44296875 0.0546875 0.07109375
2 0.90859375 0.2984375 0.0578125 0.06953125
2 0.85625 0.35 0.0578125 0.0671875
2 0.87109375 0.3234375 0.04921875 0.06171875
2 0.74375 0.3390625 0.0421875 0.053125
2 0.5828125 0.34296875 0.04296875 0.04765625
2 0.55625 0.3828125 0.0421875 0.04140625
2 0.3234375 0.40078125 0.05625 0.07109375
2 0.28828125 0.51796875 0.04140625 0.075
2 0.40546875 0.67421875 0.059375 0.07734375
2 0.121875 0.5 0.0359375 0.06796875
2 0.02578125 0.81796875 0.0515625 0.1109375
2 0.4453125 0.2421875 0.04140625 0.040625
2 0.40390625 0.909375 0.065625 0.1109375
2 0.446875 0.27578125 0.02734375 0.0390625