2 0.65078125 0.7046875 0.0640625 0.09765625
2 0.528125 0.53203125 0.0453125 0.07734375
2 0.6671875 0.61328125 0.0609375 0.0890625
2 0.50234375 0.7953125 0.04921875 0.07734375
2 0.225 0.48046875 0.03515625 0.059375
2 0.290625 0.32109375 0.03671875 0.053125
2 0.38046875 0.0421875 0.02578125 0.040625
2 0.67109375 0.16328125 0.05703125 0.06796875
2 0.5703125 0.16171875 0.078125 0.0984375
2 0.85859375 0.3890625 0.06953125 0.090625
2 0.7046875 0.76328125 0.06015625 0.0953125
2 0.38046875 0.12734375 0.04609375 0.0671875
2 0.425 0.409375 0.0375 0.05390625
2 0.478125 0.44765625 0.02421875 0.03671875
2 0.9390625 0.740625 0.05078125 0.09921875
2 0.7125 0.47578125 0.04296875 0.0546875
2 0.771875 0.209375 0.0609375 0.071875