2 0.6109375 0.97421875 0.06171875 0.05078125
2 0.16328125 0.54453125 0.0375 0.06328125
2 0.5015625 0.2609375 0.03515625 0.04921875
2 0.55625 0.05390625 0.02890625 0.040625
2 0.79609375 0.025 0.04296875 0.04921875
2 0.728125 0.259375 0.053125 0.04921875
2 0.6296875 0.17109375 0.0640625 0.0890625
2 0.5890625 0.1734375 0.040625 0.05390625
2 0.4296875 0.159375 0.03359375 0.04921875
2 0.64375 0.421875 0.046875 0.07890625
2 0.36328125 0.14453125 0.03828125 0.0515625
2 0.5375 0.321875 0.05859375 0.06484375
2 0.8765625 0.153125 0.05234375 0.078125
1 0.9453125 0.42265625 0.10859375 0.11640625
3 0.878125 0.37265625 0.12578125 0.16875
2 0.53671875 0.9703125 0.0609375 0.059375
2 0.76328125 0.928125 0.09375 0.11953125
2 0.803125 0.81796875 0.07265625 0.11875
2 0.75390625 0.5078125 0.0640625 0.090625
2 0.628125 0.734375 0.07421875 0.1203125
2 0.6875 0.721875 0.0734375 0.11953125
2 0.34453125 0.51328125 0.05078125 0.06875
2 0.30390625 0.34921875 0.05234375 0.07109375