3 0.51484375 0.51328125 0.03828125 0.0578125
3 0.43125 0.71953125 0.046875 0.11796875
3 0.25234375 0.54609375 0.05234375 0.06640625
0 0.89140625 0.775 0.04921875 0.10625
0 0.46484375 0.42109375 0.034375 0.0640625
0 0.50859375 0.2796875 0.0421875 0.06875
0 0.284375 0.1265625 0.0328125 0.05234375
0 0.0109375 0.10234375 0.02109375 0.07890625
0 0.03984375 0.28125 0.0359375 0.06875
0 0.03671875 0.8859375 0.07265625 0.1625
0 0.1734375 0.69765625 0.05546875 0.0890625
0 0.334375 0.5078125 0.05390625 0.0828125