0 0.565625 0.7484375 0.02421875 0.0375
3 0.80625 0.871875 0.05234375 0.0765625
3 0.86484375 0.85234375 0.06796875 0.05546875
3 0.90234375 0.96640625 0.0578125 0.06640625
0 0.8671875 0.97578125 0.0671875 0.04765625
0 0.6546875 0.73125 0.02734375 0.05
0 0.809375 0.69453125 0.0296875 0.04453125
0 0.76796875 0.69375 0.03125 0.04921875
0 0.66171875 0.64765625 0.01875 0.03125
0 0.6453125 0.68203125 0.02265625 0.04296875
0 0.5359375 0.87265625 0.034375 0.05859375
0 0.35546875 0.91171875 0.02109375 0.0359375
0 0.3828125 0.89921875 0.02734375 0.04296875