0 0.44140625 0.5859375 0.046875 0.06484375
0 0.40234375 0.5609375 0.0390625 0.078125
0 0.4140625 0.3671875 0.0265625 0.0515625
0 0.92734375 0.09453125 0.03203125 0.05546875
0 0.78828125 0.221875 0.02734375 0.05078125
0 0.73203125 0.18125 0.0390625 0.075
0 0.66953125 0.246875 0.03203125 0.07109375
0 0.55546875 0.68828125 0.02421875 0.05234375
0 0.09453125 0.453125 0.0265625 0.05546875
0 0.8609375 0.65 0.0203125 0.0359375
0 0.95 0.85390625 0.03671875 0.07109375
0 0.48671875 0.821875 0.05078125 0.0734375
0 0.48515625 0.721875 0.040625 0.06953125