0 0.67265625 0.08671875 0.0265625 0.034375
0 0.72734375 0.08671875 0.02421875 0.03984375
0 0.71484375 0.190625 0.01953125 0.0390625
0 0.65546875 0.825 0.0421875 0.07265625
0 0.9140625 0.48828125 0.02890625 0.0609375
0 0.92890625 0.70703125 0.040625 0.0765625
0 0.8828125 0.725 0.034375 0.06640625
0 0.85 0.85234375 0.03515625 0.06640625
0 0.76875 0.74921875 0.04140625 0.05625
0 0.64609375 0.36484375 0.02578125 0.03828125
0 0.6234375 0.43828125 0.03046875 0.05390625
0 0.53984375 0.48203125 0.02734375 0.04921875
0 0.51953125 0.5328125 0.0328125 0.06171875
0 0.48125 0.703125 0.03203125 0.06328125
0 0.50859375 0.7859375 0.0328125 0.06640625
0 0.41953125 0.92578125 0.03046875 0.0609375