1 0.39609375 0.44453125 0.04140625 0.04609375
2 0.46015625 0.36015625 0.03671875 0.04921875
2 0.415625 0.75546875 0.0703125 0.10546875
2 0.36328125 0.57734375 0.0328125 0.06171875
2 0.7390625 0.39375 0.0515625 0.06875
2 0.50546875 0.3453125 0.03828125 0.04375
2 0.45390625 0.3265625 0.03671875 0.04296875
2 0.44375 0.43515625 0.04765625 0.05078125
2 0.63984375 0.328125 0.046875 0.05546875
2 0.634375 0.4625 0.053125 0.059375
2 0.6234375 0.5140625 0.04140625 0.046875
2 0.60546875 0.55390625 0.0421875 0.065625
2 0.82734375 0.53203125 0.05390625 0.0640625
2 0.8609375 0.50859375 0.065625 0.07578125
2 0.915625 0.5296875 0.07421875 0.0953125
2 0.69765625 0.68515625 0.07890625 0.140625
2 0.7921875 0.771875 0.08828125 0.128125
2 0.91796875 0.8953125 0.1546875 0.209375
2 0.6609375 0.9328125 0.096875 0.134375
2 0.509375 0.92890625 0.07890625 0.12421875
2 0.35859375 0.8109375 0.0578125 0.11796875
2 0.41484375 0.64296875 0.06640625 0.07734375
2 0.10703125 0.5296875 0.0484375 0.06171875
2 0.046875 0.6546875 0.04453125 0.07109375
2 0.30234375 0.55 0.07109375 0.10234375
2 0.634375 0.26875 0.02734375 0.0578125
2 0.73515625 0.27109375 0.0328125 0.04609375