2 0.6953125 0.53046875 0.06484375 0.09921875
2 0.346875 0.53125 0.05390625 0.08203125
2 0.2796875 0.63203125 0.0578125 0.09609375
2 0.5828125 0.896875 0.0765625 0.140625
2 0.5265625 0.5828125 0.0671875 0.1328125
2 0.7109375 0.44921875 0.0640625 0.08515625
2 0.93984375 0.23984375 0.08125 0.11171875
2 0.465625 0.22421875 0.0375 0.0609375
2 0.57109375 0.3609375 0.05078125 0.06953125
2 0.340625 0.12734375 0.0453125 0.05078125
2 0.265625 0.2765625 0.034375 0.05703125
2 0.915625 0.93515625 0.04765625 0.06796875
2 0.85859375 0.0453125 0.06640625 0.05546875