0 0.640625 0.8375 0.0453125 0.071875
0 0.9453125 0.62109375 0.078125 0.103125
0 0.88828125 0.57265625 0.07265625 0.07578125
0 0.8171875 0.4765625 0.04921875 0.06328125
0 0.80703125 0.69765625 0.0546875 0.06875
0 0.68359375 0.5921875 0.0375 0.08125
0 0.225 0.77265625 0.034375 0.06796875
0 0.75234375 0.49296875 0.0484375 0.0734375
0 0.69453125 0.4640625 0.07109375 0.08984375
0 0.5953125 0.42109375 0.06015625 0.06953125
0 0.7765625 0.15625 0.0859375 0.14140625
0 0.29609375 0.2828125 0.03515625 0.0484375
0 0.38515625 0.4109375 0.03125 0.05078125
0 0.1046875 0.51015625 0.028125 0.05546875
0 0.04765625 0.24921875 0.0359375 0.065625
0 0.22734375 0.4 0.0359375 0.0578125