2 0.1984375 0.31015625 0.02890625 0.046875
2 0.60859375 0.22109375 0.03515625 0.04140625
2 0.65625 0.23203125 0.0375 0.0375
2 0.53359375 0.22578125 0.05234375 0.06796875
2 0.57109375 0.2609375 0.0625 0.07890625
2 0.2625 0.1578125 0.0515625 0.05625
2 0.1578125 0.38203125 0.059375 0.08359375
2 0.24609375 0.2828125 0.05859375 0.07421875
2 0.43046875 0.27578125 0.065625 0.09140625
2 0.62578125 0.17265625 0.07578125 0.0890625
2 0.6546875 0.10078125 0.0703125 0.075
2 0.75078125 0.5890625 0.1640625 0.2140625
2 0.465625 0.528125 0.0984375 0.1390625
2 0.9046875 0.46171875 0.0609375 0.0703125