2 0.9328125 0.58203125 0.0546875 0.0609375
2 0.321875 0.503125 0.0421875 0.06640625
2 0.1 0.50234375 0.04453125 0.05546875
2 0.453125 0.740625 0.03828125 0.08046875
2 0.484375 0.75390625 0.04140625 0.06953125
2 0.3875 0.58671875 0.04453125 0.0734375
2 0.5 0.66953125 0.040625 0.06953125
2 0.53828125 0.628125 0.0390625 0.07578125
2 0.51328125 0.5265625 0.0484375 0.08046875
2 0.47421875 0.515625 0.04296875 0.06953125
2 0.6359375 0.71875 0.05234375 0.08671875
2 0.790625 0.92890625 0.0625 0.1046875
2 0.97109375 0.853125 0.0578125 0.109375
2 0.9453125 0.97109375 0.07421875 0.0578125
2 0.9125 0.48125 0.04140625 0.06328125
2 0.9640625 0.46875 0.04609375 0.06328125
2 0.825 0.6703125 0.0765625 0.13203125
2 0.4 0.3703125 0.03515625 0.0453125
2 0.4265625 0.32265625 0.02578125 0.04296875
2 0.35859375 0.496875 0.02890625 0.06171875