2 0.96328125 0.89453125 0.04609375 0.07890625
2 0.928125 0.8546875 0.0484375 0.0640625
2 0.1375 0.4625 0.0625 0.06796875
2 0.028125 0.7796875 0.05546875 0.08828125
2 0.3328125 0.4640625 0.05 0.06171875
2 0.390625 0.453125 0.040625 0.07109375
2 0.36875 0.40234375 0.04375 0.06640625
2 0.2984375 0.3296875 0.0375 0.06171875
2 0.6203125 0.71328125 0.0984375 0.171875
2 0.671875 0.74296875 0.06171875 0.1015625
2 0.6546875 0.78125 0.0578125 0.11171875
2 0.68046875 0.8453125 0.0578125 0.09375
2 0.88359375 0.75703125 0.08671875 0.11484375
2 0.403125 0.91953125 0.06953125 0.14140625
2 0.9578125 0.62734375 0.06484375 0.103125
2 0.9671875 0.5359375 0.06484375 0.13046875
1 0.828125 0.6671875 0.0953125 0.0640625
2 0.4859375 0.35 0.0453125 0.0578125
2 0.43046875 0.3453125 0.04296875 0.05390625
2 0.4078125 0.31875 0.04609375 0.04765625
2 0.428125 0.17109375 0.04609375 0.05546875
2 0.390625 0.20546875 0.034375 0.053125
2 0.146875 0.14453125 0.03671875 0.0453125
2 0.265625 0.51171875 0.0484375 0.04296875
2 0.2515625 0.47578125 0.04296875 0.04921875
2 0.684375 0.2671875 0.05625 0.078125
2 0.86640625 0.34765625 0.04296875 0.0578125
2 0.8546875 0.40859375 0.06171875 0.0890625
2 0.8765625 0.490625 0.065625 0.06875
2 0.884375 0.52421875 0.05546875 0.05546875
2 0.4734375 0.22421875 0.03203125 0.0578125