2 0.46953125 0.42265625 0.02578125 0.05546875
2 0.375 0.44453125 0.04296875 0.05546875
2 0.4140625 0.35234375 0.028125 0.0390625
2 0.38359375 0.39609375 0.0375 0.05390625
2 0.37265625 0.6109375 0.0484375 0.0578125
2 0.9390625 0.97109375 0.084375 0.0578125
2 0.81484375 0.67265625 0.08046875 0.1171875
2 0.9640625 0.85234375 0.07109375 0.1109375
2 0.94375 0.47265625 0.0515625 0.0640625
2 0.89375 0.484375 0.04296875 0.0515625
2 0.08203125 0.546875 0.04921875 0.06640625
2 0.3109375 0.5359375 0.040625 0.07421875
2 0.49765625 0.54296875 0.040625 0.071875
2 0.52890625 0.653125 0.0453125 0.07578125
2 0.490625 0.6984375 0.04609375 0.071875
2 0.46875 0.77734375 0.04609375 0.065625
2 0.440625 0.7640625 0.05234375 0.078125
2 0.61953125 0.72890625 0.04375 0.090625
2 0.78046875 0.9359375 0.06171875 0.115625
2 0.91640625 0.58125 0.053125 0.06796875