0 0.6203125 0.6078125 0.03984375 0.06875
0 0.73046875 0.72265625 0.05 0.08125
0 0.95 0.8140625 0.03203125 0.05859375
0 0.9375 0.615625 0.0453125 0.0703125
0 0.85234375 0.671875 0.05859375 0.09375
0 0.8046875 0.61484375 0.0484375 0.08046875
0 0.68046875 0.503125 0.0328125 0.0625
0 0.7375 0.51171875 0.0546875 0.0734375
0 0.5484375 0.41953125 0.0625 0.0859375
0 0.634375 0.47421875 0.05703125 0.09765625
0 0.70625 0.21953125 0.07890625 0.13046875
0 0.35 0.37421875 0.0328125 0.0578125
0 0.17578125 0.70078125 0.04140625 0.06796875
0 0.0359375 0.1546875 0.0453125 0.0609375
0 0.071875 0.428125 0.034375 0.059375
0 0.2046875 0.33828125 0.03515625 0.06484375