2 0.12578125 0.3015625 0.02734375 0.03671875
2 0.8578125 0.68515625 0.065625 0.06953125
2 0.57578125 0.27890625 0.04296875 0.053125
2 0.61328125 0.29609375 0.046875 0.04609375
2 0.47890625 0.2546875 0.05390625 0.0734375
2 0.51796875 0.31953125 0.0671875 0.090625
2 0.6203125 0.1046875 0.0796875 0.09296875
2 0.58515625 0.2015625 0.0875 0.11875
2 0.6796875 0.80703125 0.1796875 0.2765625
2 0.3921875 0.6546875 0.10078125 0.16875
2 0.4515625 0.03828125 0.071875 0.06875
2 0.17734375 0.271875 0.0671875 0.08359375
2 0.0765625 0.38359375 0.075 0.1140625
2 0.37109375 0.309375 0.065625 0.11015625