2 0.44296875 0.52421875 0.0953125 0.1546875
2 0.7265625 0.56171875 0.16953125 0.24375
2 0.6234375 0.071875 0.0703125 0.0734375
2 0.5953125 0.13828125 0.078125 0.09296875
2 0.54765625 0.24453125 0.0546875 0.078125
2 0.4015625 0.2859375 0.0671875 0.08828125
2 0.23515625 0.1875 0.04609375 0.06171875
2 0.2203125 0.31640625 0.0578125 0.0796875
2 0.128125 0.4359375 0.0734375 0.0984375
2 0.62734375 0.2015625 0.0375 0.03828125
2 0.58359375 0.19921875 0.03203125 0.04453125
2 0.5015625 0.21640625 0.0484375 0.0734375
2 0.8875 0.40390625 0.0609375 0.0640625
2 0.1703125 0.35546875 0.025 0.03671875