2 0.02109375 0.3265625 0.040625 0.0765625
2 0.496875 0.47109375 0.0625 0.10078125
2 0.078125 0.42734375 0.059375 0.07734375
2 0.1171875 0.353125 0.04453125 0.0734375
2 0.44453125 0.465625 0.11015625 0.15859375
2 0.51328125 0.55546875 0.0671875 0.08046875
2 0.490625 0.609375 0.0671875 0.08515625
2 0.58125 0.74609375 0.1171875 0.140625
2 0.42265625 0.93515625 0.10546875 0.1296875
2 0.9609375 0.83359375 0.07734375 0.18203125
2 0.684375 0.39765625 0.0609375 0.07109375
2 0.759375 0.371875 0.065625 0.0765625
2 0.796875 0.28203125 0.05390625 0.06953125
2 0.7234375 0.22578125 0.0546875 0.0734375
2 0.7265625 0.27578125 0.05546875 0.0734375
2 0.6234375 0.17890625 0.0375 0.053125
2 0.6140625 0.1265625 0.03828125 0.06171875
2 0.8796875 0.28828125 0.06015625 0.0640625
2 0.053125 0.553125 0.07265625 0.09921875
2 0.43671875 0.81875 0.0828125 0.11640625
2 0.7421875 0.45703125 0.08203125 0.0984375
1 0.61640625 0.353125 0.0953125 0.06953125
2 0.9015625 0.64921875 0.04375 0.06328125
2 0.5078125 0.784375 0.08046875 0.13359375
2 0.92421875 0.39296875 0.07265625 0.103125