2 0.59609375 0.38125 0.0515625 0.071875
2 0.92109375 0.75859375 0.046875 0.05390625
2 0.02578125 0.8203125 0.0515625 0.11328125
2 0.70703125 0.25546875 0.07734375 0.07890625
2 0.684375 0.34453125 0.0703125 0.12109375
2 0.79609375 0.8328125 0.11875 0.19609375
2 0.55703125 0.7140625 0.08359375 0.14453125
2 0.0703125 0.49375 0.046875 0.0515625
2 0.3140625 0.359375 0.05390625 0.0953125
2 0.2359375 0.4625 0.0578125 0.08046875
2 0.50234375 0.4234375 0.0640625 0.08515625
2 0.5546875 0.17265625 0.059375 0.0734375
2 0.4453125 0.05078125 0.0328125 0.0609375
2 0.2296875 0.10625 0.0390625 0.05703125
2 0.715625 0.43671875 0.0328125 0.05078125
2 0.64140625 0.43125 0.0578125 0.1171875