0 0.903125 0.56484375 0.02578125 0.05859375
0 0.7921875 0.42421875 0.05234375 0.08046875
0 0.771875 0.071875 0.0328125 0.0421875
0 0.50234375 0.63046875 0.0375 0.05859375
0 0.25234375 0.55859375 0.03828125 0.06640625
0 0.26171875 0.6453125 0.04375 0.08359375
0 0.6234375 0.38046875 0.02421875 0.0375
0 0.6890625 0.10703125 0.02890625 0.0625
0 0.7 0.2078125 0.0359375 0.06015625
0 0.8828125 0.7671875 0.03359375 0.06328125
0 0.87265625 0.97421875 0.0421875 0.0515625
0 0.80390625 0.86953125 0.04296875 0.07578125
0 0.609375 0.87578125 0.04453125 0.06484375
0 0.146875 0.790625 0.04296875 0.075