2 0.56640625 0.30703125 0.0328125 0.05078125
2 0.32578125 0.2828125 0.034375 0.04921875
2 0.3703125 0.26875 0.03984375 0.046875
2 0.3171875 0.5125 0.04140625 0.06875
2 0.2828125 0.4984375 0.05625 0.06953125
2 0.775 0.52421875 0.04765625 0.06171875
2 0.096875 0.384375 0.05 0.05390625
2 0.56640625 0.38046875 0.04375 0.0390625
2 0.490625 0.3546875 0.03515625 0.04140625
2 0.434375 0.39453125 0.0453125 0.05546875
2 0.39921875 0.4359375 0.046875 0.059375
2 0.4265625 0.496875 0.046875 0.06171875
2 0.428125 0.546875 0.040625 0.06171875
2 0.54140625 0.66796875 0.0578125 0.1015625
2 0.43046875 0.634375 0.04921875 0.08203125
2 0.4640625 0.6734375 0.0578125 0.090625
2 0.43125 0.86953125 0.06171875 0.1078125
2 0.396875 0.76875 0.03828125 0.09140625
2 0.2890625 0.634375 0.04921875 0.0765625
2 0.50390625 0.475 0.040625 0.06640625