2 0.90390625 0.42890625 0.06875 0.06171875
2 0.459375 0.21015625 0.04609375 0.09296875
2 0.553125 0.18828125 0.03828125 0.04609375
2 0.59375 0.19609375 0.04140625 0.0484375
2 0.13984375 0.3375 0.0609375 0.08515625
2 0.08125 0.371875 0.046875 0.05625
2 0.04375 0.484375 0.06953125 0.11875
2 0.4 0.61328125 0.10625 0.19296875
2 0.73046875 0.64609375 0.190625 0.3125
2 0.3453125 0.30078125 0.06875 0.10859375
2 0.5578125 0.12421875 0.08515625 0.11328125
2 0.5859375 0.034375 0.090625 0.0640625
2 0.1484375 0.1703125 0.04765625 0.06953125
2 0.50546875 0.2421875 0.0703125 0.103125