2 0.66328125 0.16015625 0.0390625 0.04375
2 0.02421875 0.46171875 0.03984375 0.0609375
2 0.1625 0.4265625 0.04140625 0.059375
2 0.19921875 0.3453125 0.03984375 0.05390625
2 0.12421875 0.46171875 0.03671875 0.053125
2 0.04921875 0.74765625 0.09453125 0.11875
2 0.309375 0.48359375 0.0546875 0.05859375
2 0.34296875 0.43203125 0.0453125 0.0671875
2 0.37890625 0.31015625 0.04453125 0.0671875
2 0.65859375 0.1203125 0.028125 0.0515625
2 0.846875 0.253125 0.05078125 0.059375
2 0.89765625 0.26953125 0.0609375 0.06875
2 0.6296875 0.29453125 0.040625 0.03828125
2 0.6578125 0.25703125 0.04765625 0.053125
2 0.70625 0.371875 0.071875 0.09296875
2 0.6796875 0.5015625 0.078125 0.08828125
2 0.8765625 0.459375 0.10859375 0.125
2 0.78203125 0.41015625 0.06640625 0.09453125
2 0.87890625 0.775 0.10390625 0.1546875
2 0.825 0.690625 0.109375 0.15546875
2 0.85859375 0.58515625 0.10234375 0.146875
2 0.76796875 0.82734375 0.13359375 0.1609375
2 0.3921875 0.7921875 0.0921875 0.1359375
2 0.484375 0.853125 0.08203125 0.11953125
2 0.44453125 0.8109375 0.0765625 0.13125
1 0.27578125 0.63515625 0.08828125 0.059375
2 0.484375 0.59140625 0.08046875 0.07890625
2 0.60546875 0.69140625 0.08515625 0.11171875
2 0.553125 0.76953125 0.09609375 0.12890625
2 0.271875 0.57578125 0.0578125 0.10078125