3 0.928125 0.209375 0.134375 0.16328125
2 0.3359375 0.20859375 0.05 0.06875
2 0.38359375 0.37109375 0.04375 0.071875
2 0.33515625 0.3703125 0.04921875 0.065625
2 0.56953125 0.17265625 0.05 0.053125
2 0.79375 0.35859375 0.059375 0.09140625
2 0.7171875 0.55703125 0.07109375 0.1265625
2 0.6578125 0.571875 0.06796875 0.11796875
2 0.5765625 0.80859375 0.06171875 0.10859375
2 0.6375 0.82890625 0.06640625 0.11875
2 0.78671875 0.7515625 0.0890625 0.11640625
2 0.828125 0.65 0.0703125 0.11328125
2 0.66796875 0.2703125 0.05703125 0.07734375
2 0.6125 0.26484375 0.05390625 0.07421875
2 0.62109375 0.02578125 0.0375 0.034375
2 0.66875 0.12890625 0.03984375 0.05078125
2 0.765625 0.1046875 0.05078125 0.0578125