2 0.81328125 0.1859375 0.03203125 0.053125
1 0.490625 0.75703125 0.11328125 0.1046875
2 0.51171875 0.8421875 0.1046875 0.13828125
2 0.384375 0.8265625 0.05859375 0.11953125
2 0.0609375 0.60546875 0.05546875 0.08046875
2 0.02734375 0.55859375 0.0484375 0.07890625
2 0.50078125 0.55703125 0.04453125 0.084375
2 0.54140625 0.50859375 0.05234375 0.08046875
2 0.55625 0.36171875 0.05546875 0.0859375
2 0.66640625 0.465625 0.05859375 0.07421875
2 0.62421875 0.57890625 0.0703125 0.09921875
2 0.69921875 0.559375 0.059375 0.07421875
2 0.72421875 0.7421875 0.0828125 0.096875
2 0.6578125 0.953125 0.08515625 0.09375
2 0.57265625 0.91796875 0.090625 0.11328125
2 0.93515625 0.709375 0.08671875 0.121875
2 0.8234375 0.41484375 0.0421875 0.046875
2 0.84375 0.39453125 0.04140625 0.04609375
2 0.834375 0.35625 0.0453125 0.0453125
2 0.6484375 0.23671875 0.0375 0.0453125
2 0.30625 0.4046875 0.0359375 0.0515625
2 0.26796875 0.4484375 0.04375 0.05078125
2 0.1515625 0.4171875 0.0421875 0.0625
2 0.8796875 0.921875 0.121875 0.15625