2 0.9671875 0.48671875 0.065625 0.11953125
2 0.95703125 0.6015625 0.08359375 0.1046875
2 0.2671875 0.34453125 0.04375 0.08125
2 0.22734375 0.41953125 0.05703125 0.0734375
2 0.1125 0.44140625 0.04296875 0.05
2 0.1265625 0.453125 0.053125 0.05078125
2 0.134375 0.48203125 0.05703125 0.0671875
2 0.73125 0.9140625 0.165625 0.171875
2 0.73359375 0.34140625 0.05234375 0.07890625
1 0.7953125 0.4359375 0.1203125 0.07578125
2 0.8265625 0.28359375 0.0609375 0.0734375
2 0.803125 0.21640625 0.04609375 0.05859375
2 0.79921875 0.16796875 0.04609375 0.05390625
2 0.9359375 0.28671875 0.07109375 0.0890625
2 0.93125 0.37109375 0.075 0.078125
2 0.8828125 0.50859375 0.10390625 0.109375
2 0.63828125 0.56640625 0.0734375 0.1359375
2 0.65234375 0.665625 0.08828125 0.0953125
2 0.5859375 0.5375 0.12890625 0.18828125