0 0.4421875 0.44296875 0.025 0.0453125
0 0.428125 0.47578125 0.0203125 0.0484375
0 0.5140625 0.31640625 0.0171875 0.03125
0 0.50234375 0.20390625 0.01796875 0.04296875
0 0.42734375 0.30703125 0.028125 0.04453125
0 0.496875 0.778125 0.03046875 0.06796875
0 0.15625 0.96796875 0.05 0.0640625
0 0.43359375 0.95546875 0.0421875 0.06640625
0 0.45625 0.846875 0.040625 0.0625
0 0.38203125 0.56484375 0.03125 0.05625
0 0.2625 0.6203125 0.03984375 0.05625
0 0.31875 0.47109375 0.0234375 0.05859375
0 0.240625 0.5 0.03046875 0.07109375
0 0.415625 0.07578125 0.0203125 0.04921875
0 0.1171875 0.2921875 0.0234375 0.05390625