2 0.790625 0.27734375 0.04296875 0.059375
2 0.6890625 0.29296875 0.05546875 0.0890625
2 0.7734375 0.10703125 0.07578125 0.07421875
2 0.7421875 0.18046875 0.08671875 0.1109375
2 0.6328125 0.24296875 0.05546875 0.0859375
2 0.20234375 0.359375 0.071875 0.09296875
2 0.3 0.26015625 0.059375 0.0671875
2 0.24921875 0.2875 0.03203125 0.0375
2 0.028125 0.4 0.0515625 0.05859375
2 0.315625 0.11328125 0.05859375 0.05859375
2 0.23828125 0.05703125 0.03515625 0.04375
2 0.51796875 0.2796875 0.078125 0.11640625
2 0.5796875 0.61328125 0.10859375 0.178125