2 0.54296875 0.44375 0.0515625 0.07109375
2 0.69453125 0.71484375 0.090625 0.12578125
2 0.52578125 0.84375 0.07734375 0.134375
2 0.575 0.9046875 0.0828125 0.11484375
2 0.39765625 0.77734375 0.06328125 0.10625
2 0.34453125 0.703125 0.071875 0.10078125
2 0.05625 0.42890625 0.0453125 0.05703125
2 0.0953125 0.728125 0.0921875 0.13046875
2 0.5875 0.171875 0.03515625 0.046875
2 0.5484375 0.18671875 0.03671875 0.0515625
2 0.43046875 0.29296875 0.0453125 0.06640625
2 0.23359375 0.31328125 0.03203125 0.05546875
2 0.19765625 0.40078125 0.0375 0.0609375
1 0.3296875 0.6359375 0.10625 0.0890625
2 0.36015625 0.47265625 0.05546875 0.0671875
2 0.53046875 0.3609375 0.0609375 0.05859375
2 0.696875 0.29375 0.0484375 0.0453125
2 0.71328125 0.2515625 0.05703125 0.05078125
2 0.9234375 0.26328125 0.05625 0.0578125
2 0.7609375 0.515625 0.0859375 0.08359375
2 0.775 0.390625 0.08203125 0.12578125
2 0.8625 0.4328125 0.0765625 0.0984375
2 0.953125 0.49375 0.0921875 0.146875
2 0.95078125 0.63828125 0.09765625 0.16875
2 0.92890625 0.74453125 0.11015625 0.16875
2 0.9703125 0.8515625 0.05078125 0.1796875
2 0.8859375 0.88828125 0.15390625 0.19140625
2 0.55546875 0.603125 0.0765625 0.08046875
2 0.4671875 0.81875 0.084375 0.15
2 0.4 0.42890625 0.03359375 0.08046875
2 0.64375 0.8046875 0.09296875 0.13828125
2 0.70625 0.10546875 0.0296875 0.0515625