2 0.23671875 0.28515625 0.0546875 0.07421875
2 0.190625 0.4453125 0.05625 0.04375
2 0.17890625 0.4265625 0.04921875 0.04609375
2 0.16953125 0.40078125 0.0421875 0.040625
2 0.0421875 0.43203125 0.07734375 0.06640625
2 0.28046875 0.396875 0.05859375 0.08828125
2 0.3171875 0.31953125 0.046875 0.0734375
2 0.640625 0.55625 0.1296875 0.1921875
2 0.725 0.703125 0.08046875 0.11796875
2 0.715625 0.5828125 0.07890625 0.1265625
2 0.68828125 0.771875 0.07890625 0.11015625
2 0.7484375 0.9515625 0.0875 0.096875
2 0.95703125 0.553125 0.08515625 0.1265625
2 0.878125 0.23359375 0.0578125 0.07109375
2 0.87109375 0.16171875 0.04609375 0.0640625
2 0.9125 0.296875 0.071875 0.08203125
1 0.87109375 0.46640625 0.11953125 0.08046875