2 0.8609375 0.9046875 0.1234375 0.190625
2 0.4390625 0.5984375 0.0390625 0.06171875
2 0.47734375 0.278125 0.0375 0.05078125
2 0.49765625 0.31640625 0.05 0.05625
2 0.55859375 0.296875 0.04296875 0.0609375
2 0.61953125 0.33125 0.04609375 0.05859375
2 0.90625 0.67421875 0.0546875 0.09609375
2 0.784375 0.2921875 0.0453125 0.078125
2 0.8203125 0.321875 0.034375 0.05703125
2 0.7890625 0.365625 0.04609375 0.075
2 0.56015625 0.34921875 0.0359375 0.0640625
2 0.546875 0.4421875 0.0546875 0.071875
2 0.77265625 0.54765625 0.06796875 0.08203125
2 0.76015625 0.6125 0.06171875 0.07421875
2 0.7359375 0.665625 0.05546875 0.09140625
2 0.4875 0.721875 0.07265625 0.096875
2 0.40703125 0.91015625 0.084375 0.15859375
2 0.10625 0.5703125 0.05546875 0.0890625
2 0.0375 0.628125 0.05625 0.08828125
2 0.378125 0.54375 0.0875 0.1265625