2 0.7796875 0.21171875 0.0421875 0.04296875
2 0.87109375 0.92890625 0.10703125 0.13828125
2 0.8515625 0.7890625 0.08671875 0.16796875
2 0.76328125 0.73203125 0.1515625 0.25703125
2 0.31171875 0.31328125 0.05234375 0.07890625
2 0.38671875 0.37109375 0.0515625 0.08046875
2 0.41328125 0.42578125 0.05703125 0.0890625
2 0.34375 0.4359375 0.05546875 0.08125
2 0.253125 0.49375 0.0578125 0.059375
2 0.10859375 0.45 0.065625 0.08671875
2 0.46328125 0.31015625 0.05546875 0.06875
2 0.42890625 0.284375 0.04140625 0.0515625
2 0.4140625 0.17265625 0.03515625 0.0453125
2 0.50546875 0.18671875 0.0359375 0.05625
2 0.52890625 0.30625 0.0484375 0.0703125
2 0.4828125 0.4109375 0.06171875 0.078125
2 0.2421875 0.46640625 0.0546875 0.04609375
2 0.23046875 0.44140625 0.0421875 0.0390625