0 0.70859375 0.35546875 0.03984375 0.06796875
0 0.665625 0.34375 0.03671875 0.07421875
0 0.609375 0.34453125 0.034375 0.059375
0 0.8140625 0.53828125 0.0390625 0.075
0 0.55 0.94453125 0.04609375 0.0984375
0 0.58671875 0.79765625 0.03828125 0.0890625
0 0.46171875 0.73125 0.03828125 0.07421875
0 0.40625 0.7140625 0.03203125 0.06875
0 0.284375 0.9203125 0.02578125 0.04921875
0 0.30859375 0.86484375 0.0359375 0.0625
0 0.315625 0.60859375 0.03046875 0.04375
0 0.10390625 0.7578125 0.0265625 0.04609375
0 0.06875 0.803125 0.0328125 0.04140625
0 0.03359375 0.77109375 0.02734375 0.03515625