1 0.39609375 0.440625 0.05703125 0.053125
2 0.64453125 0.26015625 0.0296875 0.053125
2 0.7484375 0.26171875 0.03046875 0.04609375
2 0.028125 0.66015625 0.05546875 0.0984375
2 0.3 0.55078125 0.09375 0.11484375
2 0.35625 0.584375 0.03671875 0.0609375
2 0.41484375 0.65703125 0.0703125 0.11171875
2 0.35703125 0.821875 0.06015625 0.10703125
2 0.6796875 0.95390625 0.11328125 0.0921875
2 0.71328125 0.72421875 0.08671875 0.14453125
2 0.81953125 0.82109375 0.09296875 0.1640625
2 0.93203125 0.921875 0.13359375 0.15625
2 0.8859375 0.53203125 0.0625 0.08515625
2 0.940625 0.5609375 0.0859375 0.1109375
2 0.8484375 0.55390625 0.0515625 0.06953125
2 0.61875 0.57109375 0.05546875 0.059375
2 0.64609375 0.48125 0.05703125 0.0734375
2 0.74375 0.53984375 0.04765625 0.0734375
2 0.6515625 0.3265625 0.046875 0.06171875
2 0.44765625 0.4328125 0.04453125 0.0515625
2 0.51171875 0.33828125 0.0453125 0.053125
2 0.4546875 0.309375 0.03828125 0.0515625
2 0.465625 0.3515625 0.034375 0.05390625