1 0.9765625 0.3875 0.04609375 0.08828125
2 0.3203125 0.2078125 0.04921875 0.06953125
2 0.3625 0.384375 0.04765625 0.07890625
2 0.3125 0.365625 0.04765625 0.075
2 0.01875 0.428125 0.03359375 0.0609375
2 0.4609375 0.03203125 0.03359375 0.0453125
2 0.628125 0.06796875 0.04609375 0.059375
2 0.93125 0.09921875 0.04921875 0.07890625
2 0.76328125 0.1984375 0.04921875 0.05546875
2 0.56953125 0.2171875 0.053125 0.06171875
2 0.60390625 0.33125 0.0453125 0.059375
2 0.66953125 0.34296875 0.04453125 0.08515625
2 0.7828125 0.44296875 0.06171875 0.08046875
3 0.91875 0.34375 0.1328125 0.159375
2 0.6984375 0.63671875 0.0703125 0.11875
2 0.6421875 0.64375 0.075 0.1203125
2 0.540625 0.88125 0.0625 0.1046875
2 0.6078125 0.90546875 0.0671875 0.1390625
2 0.76484375 0.85 0.08984375 0.134375
2 0.80625 0.75234375 0.06875 0.1046875
2 0.61328125 0.27578125 0.07890625 0.09921875
2 0.6203125 0.21171875 0.05859375 0.0984375