2 0.9609375 0.66328125 0.06171875 0.0484375
2 0.20078125 0.38984375 0.0734375 0.1046875
2 0.28125 0.28046875 0.06171875 0.08203125
2 0.2890625 0.11484375 0.05 0.0578125
2 0.2109375 0.04765625 0.0390625 0.05546875
2 0.546875 0.09140625 0.065625 0.0765625
2 0.48984375 0.3296875 0.07109375 0.0984375
2 0.5875 0.29140625 0.06171875 0.09921875
2 0.6875 0.2453125 0.078125 0.11640625
2 0.7140625 0.16484375 0.07421875 0.08671875
2 0.81875 0.76484375 0.14609375 0.2375
2 0.5453125 0.63046875 0.09453125 0.1625
2 0.73515625 0.32421875 0.05703125 0.06328125
2 0.640625 0.346875 0.05390625 0.1