2 0.9453125 0.30625 0.0390625 0.06015625
2 0.33671875 0.63828125 0.03984375 0.06015625
2 0.36484375 0.65078125 0.040625 0.06328125
2 0.27109375 0.51796875 0.04375 0.0671875
2 0.42109375 0.52890625 0.0421875 0.06796875
2 0.6328125 0.73046875 0.05078125 0.08046875
2 0.67890625 0.52109375 0.0671875 0.1046875
2 0.77109375 0.784375 0.0703125 0.1234375
2 0.8046875 0.634375 0.05703125 0.090625
2 0.85 0.77421875 0.06015625 0.0953125
2 0.978125 0.59765625 0.04375 0.07890625
2 0.984375 0.56640625 0.03046875 0.05625
2 0.9734375 0.52109375 0.0515625 0.06171875
2 0.765625 0.3609375 0.03984375 0.04921875
2 0.371875 0.34296875 0.02421875 0.05859375
2 0.7734375 0.42890625 0.04765625 0.05703125
2 0.50234375 0.59296875 0.0390625 0.06875
2 0.32109375 0.29375 0.028125 0.03984375
2 0.2890625 0.33671875 0.03984375 0.0421875