0 0.89765625 0.5109375 0.03359375 0.071875
0 0.9546875 0.7625 0.05234375 0.09140625
0 0.8984375 0.79296875 0.05859375 0.08359375
0 0.678125 0.078125 0.02265625 0.03125
0 0.621875 0.07421875 0.0265625 0.034375
0 0.68046875 0.14921875 0.02421875 0.02890625
0 0.66875 0.18203125 0.0234375 0.02890625
0 0.51640625 0.5171875 0.02890625 0.04921875
0 0.47421875 0.4828125 0.03359375 0.06171875
0 0.4546875 0.54453125 0.0359375 0.06953125
0 0.75625 0.81328125 0.04140625 0.0703125
0 0.87421875 0.95546875 0.0546875 0.0890625
0 0.6234375 0.90546875 0.04375 0.06875
0 0.4 0.74765625 0.0359375 0.07265625
0 0.43046875 0.85390625 0.04453125 0.08203125
0 0.60234375 0.35703125 0.028125 0.040625
0 0.6078125 0.38828125 0.0359375 0.04921875