2 0.75 0.10859375 0.03359375 0.0578125
2 0.2328125 0.3515625 0.0390625 0.05546875
2 0.19609375 0.390625 0.0390625 0.05078125
2 0.4765625 0.28046875 0.04921875 0.0640625
2 0.5875 0.171875 0.0390625 0.04375
2 0.628125 0.15546875 0.04296875 0.04375
2 0.98046875 0.3046875 0.03828125 0.07578125
2 0.83671875 0.425 0.084375 0.1171875
2 0.0859375 0.37578125 0.0515625 0.06171875
2 0.13671875 0.71171875 0.09453125 0.12890625
2 0.7578125 0.16171875 0.04296875 0.053125
2 0.58046875 0.35703125 0.05390625 0.06875
2 0.45 0.415625 0.0546875 0.090625
2 0.40703125 0.4578125 0.04765625 0.06953125
1 0.38359375 0.65234375 0.11328125 0.10859375
2 0.45859375 0.78671875 0.08046875 0.1375
2 0.39453125 0.73046875 0.09453125 0.128125
2 0.82890625 0.56328125 0.0921875 0.10078125
2 0.61875 0.621875 0.0828125 0.08046875
2 0.5375 0.8390625 0.090625 0.15
2 0.596875 0.88671875 0.07109375 0.13125
2 0.65390625 0.93828125 0.08984375 0.1234375
2 0.73359375 0.84765625 0.08125 0.14375
2 0.76875 0.76484375 0.09140625 0.1375
2 0.8546875 0.83125 0.06484375 0.10546875
2 0.9390625 0.9359375 0.10625 0.128125
2 0.92890625 0.4765625 0.0890625 0.10703125
2 0.746875 0.31796875 0.0390625 0.04921875
2 0.7640625 0.29453125 0.0390625 0.03515625
2 0.7609375 0.26171875 0.05234375 0.0515625