3 0.75 0.89609375 0.05390625 0.0640625
3 0.69609375 0.83203125 0.0421875 0.0359375
3 0.7546875 0.4625 0.0421875 0.046875
0 0.44140625 0.07578125 0.025 0.05078125
0 0.33203125 0.20859375 0.03046875 0.05078125
0 0.34921875 0.16953125 0.02421875 0.03984375
0 0.31640625 0.3671875 0.02734375 0.04921875
0 0.29609375 0.32578125 0.02734375 0.04921875
0 0.85625 0.57265625 0.05859375 0.11015625
0 0.63515625 0.11796875 0.02734375 0.04609375
0 0.61796875 0.2015625 0.03203125 0.04375
0 0.584375 0.22421875 0.034375 0.0640625
0 0.55703125 0.30078125 0.03125 0.065625
0 0.54609375 0.47421875 0.0265625 0.05546875
0 0.91484375 0.78203125 0.0890625 0.09296875