2 0.36875 0.67265625 0.040625 0.05390625
2 0.509375 0.30390625 0.028125 0.04375
2 0.55625 0.38828125 0.02265625 0.06171875
2 0.86640625 0.740625 0.090625 0.14609375
2 0.4703125 0.871875 0.040625 0.06875
2 0.603125 0.63125 0.04609375 0.07421875
2 0.4765625 0.33828125 0.034375 0.0578125
2 0.43203125 0.459375 0.03515625 0.06015625
2 0.39921875 0.459375 0.03515625 0.05703125
2 0.03671875 0.728125 0.06328125 0.078125
2 0.02578125 0.5703125 0.03515625 0.04296875
2 0.06484375 0.58125 0.04765625 0.06875
2 0.221875 0.34765625 0.03359375 0.04296875
2 0.203125 0.4140625 0.040625 0.04140625
2 0.39375 0.753125 0.046875 0.07265625
2 0.5171875 0.7140625 0.04921875 0.065625
2 0.4578125 0.5515625 0.0359375 0.0609375
2 0.68359375 0.734375 0.053125 0.0734375
2 0.9765625 0.56875 0.04609375 0.059375
2 0.82109375 0.9609375 0.0546875 0.078125
2 0.85234375 0.43203125 0.04296875 0.05703125
2 0.57734375 0.5203125 0.04453125 0.059375