1 0.93125 0.3078125 0.103125 0.1140625
2 0.24296875 0.253125 0.05703125 0.0671875
2 0.11015625 0.62109375 0.05234375 0.05546875
2 0.2890625 0.41875 0.05625 0.06953125
2 0.23828125 0.4125 0.053125 0.0765625
2 0.4953125 0.215625 0.053125 0.059375
2 0.54296875 0.07890625 0.03828125 0.0515625
2 0.3078125 0.0421875 0.03828125 0.053125
2 0.37734375 0.0546875 0.0390625 0.04921875
2 0.53359375 0.32578125 0.05 0.05390625
2 0.6 0.32265625 0.04609375 0.07890625
2 0.7140625 0.39921875 0.06015625 0.08046875
2 0.834375 0.05625 0.053125 0.07109375
3 0.8375 0.26796875 0.1265625 0.165625
2 0.6875 0.16875 0.05546875 0.053125
2 0.6421875 0.6078125 0.071875 0.12265625
2 0.58125 0.6296875 0.08046875 0.12265625
2 0.4875 0.89921875 0.0578125 0.12890625
2 0.5609375 0.90546875 0.0703125 0.15703125
2 0.71875 0.80703125 0.09296875 0.134375
2 0.75625 0.69453125 0.07890625 0.1265625