0 0.8375 0.54609375 0.02109375 0.04296875
0 0.70703125 0.50703125 0.01953125 0.046875
0 0.19375 0.97890625 0.03359375 0.04140625
0 0.2375 0.825 0.02109375 0.03671875
0 0.28046875 0.853125 0.0265625 0.0375
0 0.36953125 0.7765625 0.0234375 0.0390625
0 0.39140625 0.81796875 0.03125 0.0484375
0 0.453125 0.81796875 0.01953125 0.04140625
0 0.5234375 0.828125 0.0171875 0.03125
0 0.53203125 0.86328125 0.028125 0.053125
0 0.5828125 0.92890625 0.01796875 0.0515625
0 0.65 0.921875 0.0234375 0.0453125
0 0.47421875 0.66796875 0.01640625 0.04140625
0 0.4171875 0.66796875 0.021875 0.0328125
0 0.584375 0.59453125 0.02109375 0.03515625
0 0.6015625 0.48828125 0.01796875 0.0375
0 0.63125 0.47421875 0.01796875 0.04140625
0 0.5640625 0.51640625 0.0234375 0.03125
0 0.74765625 0.809375 0.0203125 0.06015625
0 0.915625 0.76328125 0.04765625 0.0703125
0 0.9046875 0.88046875 0.034375 0.05625
0 0.92890625 0.11875 0.0296875 0.06015625