0 0.25703125 0.85 0.025 0.03671875
0 0.228125 0.86953125 0.0234375 0.03359375
0 0.37421875 0.790625 0.02890625 0.05390625
0 0.52265625 0.66328125 0.0296875 0.0578125
0 0.67421875 0.61171875 0.02265625 0.0484375
0 0.653125 0.58203125 0.025 0.04296875
0 0.63359375 0.61484375 0.0359375 0.0625
0 0.49921875 0.9484375 0.08984375 0.103125
0 0.59453125 0.81484375 0.084375 0.10546875
3 0.36796875 0.95 0.04140625 0.0765625
3 0.6296875 0.77734375 0.0453125 0.0828125
3 0.7390625 0.796875 0.08125 0.10703125
3 0.596875 0.71953125 0.04921875 0.05234375
3 0.646875 0.696875 0.0515625 0.03359375
0 0.7609375 0.890625 0.13828125 0.15078125
0 0.86796875 0.9171875 0.18203125 0.165625
0 0.80546875 0.64296875 0.04921875 0.07109375
0 0.9578125 0.48828125 0.03203125 0.05
0 0.46640625 0.79609375 0.0390625 0.06796875