0 0.96875 0.284375 0.0328125 0.04921875
0 0.9125 0.275 0.03203125 0.0328125
0 0.8046875 0.3 0.02890625 0.03359375
0 0.74296875 0.36640625 0.0265625 0.046875
0 0.68984375 0.3859375 0.02265625 0.03984375
0 0.6484375 0.4265625 0.0296875 0.04609375
0 0.56328125 0.52578125 0.01796875 0.04296875
0 0.5375 0.59453125 0.02265625 0.04375
0 0.63828125 0.66796875 0.0328125 0.04453125
0 0.9734375 0.75625 0.05234375 0.0984375
0 0.7140625 0.71796875 0.05 0.071875
0 0.67421875 0.70625 0.034375 0.06796875
0 0.5859375 0.775 0.03359375 0.0640625
0 0.525 0.95078125 0.03046875 0.05859375
0 0.48125 0.94609375 0.03359375 0.0609375
0 0.44609375 0.8953125 0.03359375 0.06796875