2 0.5484375 0.26640625 0.03203125 0.040625
2 0.10546875 0.31328125 0.0453125 0.0390625
2 0.7328125 0.46875 0.03828125 0.05859375
2 0.50859375 0.57265625 0.05390625 0.090625
2 0.409375 0.53984375 0.040625 0.07421875
2 0.44375 0.57421875 0.04609375 0.078125
2 0.409375 0.73828125 0.05078125 0.09609375
2 0.37578125 0.66328125 0.04609375 0.08359375
2 0.3421875 0.7453125 0.05234375 0.0890625
2 0.07265625 0.75546875 0.07265625 0.10625
2 0.28125 0.54921875 0.04140625 0.07421875
2 0.4203125 0.3453125 0.0390625 0.05078125
2 0.38671875 0.38125 0.03515625 0.05625
2 0.54609375 0.33828125 0.03515625 0.0484375
2 0.48125 0.31015625 0.0359375 0.04921875