2 0.375 0.21328125 0.03125 0.04609375
2 0.94375 0.57421875 0.06953125 0.08046875
2 0.3171875 0.475 0.04453125 0.059375
2 0.37578125 0.47421875 0.04296875 0.0609375
2 0.35390625 0.421875 0.03828125 0.06640625
2 0.11640625 0.47578125 0.0609375 0.07109375
2 0.46875 0.3703125 0.046875 0.06171875
2 0.6078125 0.72734375 0.09609375 0.16171875
2 0.6546875 0.771875 0.05546875 0.103125
2 0.6375 0.82265625 0.046875 0.07421875
2 0.659375 0.8640625 0.05703125 0.08359375
2 0.85390625 0.78046875 0.0703125 0.115625
2 0.921875 0.63671875 0.0609375 0.0890625
2 0.8515625 0.50234375 0.0421875 0.0640625
2 0.84609375 0.53984375 0.04921875 0.04921875
1 0.7953125 0.6796875 0.08203125 0.07890625
2 0.2515625 0.52578125 0.046875 0.040625
2 0.23671875 0.49140625 0.04609375 0.046875
2 0.28203125 0.34140625 0.0390625 0.053125
2 0.4125 0.359375 0.03359375 0.05078125
2 0.38828125 0.32734375 0.03125 0.05390625
2 0.671875 0.30078125 0.03125 0.046875
2 0.8328125 0.4109375 0.04375 0.0515625