2 0.5109375 0.284375 0.05 0.0703125
2 0.21796875 0.41015625 0.0421875 0.03671875
2 0.228125 0.43046875 0.05703125 0.04609375
2 0.09609375 0.41640625 0.0671875 0.06171875
2 0.240625 0.45859375 0.05703125 0.05703125
2 0.3296875 0.40078125 0.0578125 0.084375
2 0.36953125 0.334375 0.0515625 0.08515625
2 0.396875 0.38671875 0.04453125 0.08046875
2 0.7125 0.65625 0.14140625 0.22734375
2 0.7859375 0.7015625 0.0796875 0.153125
2 0.8078125 0.8421875 0.09453125 0.1265625
2 0.41171875 0.92578125 0.075 0.140625
1 0.95234375 0.57265625 0.0953125 0.0890625
2 0.91171875 0.84375 0.0859375 0.13125
2 0.9734375 0.77265625 0.05234375 0.14453125
2 0.2921875 0.2765625 0.05 0.07265625
2 0.4109375 0.2578125 0.04296875 0.0515625
2 0.44140625 0.2875 0.0578125 0.071875
2 0.4 0.15 0.03359375 0.040625
2 0.49140625 0.1625 0.03125 0.05078125