2 0.325 0.453125 0.0328125 0.07890625
2 0.63984375 0.17890625 0.03515625 0.04609375
2 0.253125 0.5921875 0.0546875 0.08125
2 0.5671875 0.69921875 0.078125 0.1015625
2 0.7875 0.59609375 0.06171875 0.09140625
2 0.62734375 0.28125 0.05234375 0.05078125
2 0.1078125 0.4828125 0.040625 0.05703125
2 0.15 0.44921875 0.03828125 0.059375
2 0.45234375 0.59765625 0.0765625 0.08359375
2 0.52421875 0.76640625 0.08671875 0.128125
2 0.453125 0.86328125 0.08125 0.12109375
2 0.8140625 0.78203125 0.09765625 0.140625
2 0.71328125 0.83203125 0.11953125 0.15703125
2 0.040625 0.76875 0.078125 0.11875
2 0.3703125 0.79921875 0.071875 0.12890625
2 0.63203125 0.13984375 0.02421875 0.0546875
2 0.659375 0.4015625 0.0875 0.1140625
2 0.640625 0.52421875 0.07109375 0.0796875
2 0.7421875 0.43515625 0.0609375 0.08671875
2 0.934375 0.28203125 0.06484375 0.075
2 0.953125 0.38359375 0.065625 0.06953125
2 0.8265625 0.484375 0.1046875 0.1328125
2 0.8046875 0.2796875 0.040625 0.053125
2 0.35859375 0.3390625 0.05234375 0.05546875
2 0.284375 0.503125 0.0421875 0.06328125
2 0.1828125 0.36953125 0.0359375 0.0484375