2 0.23125 0.35703125 0.03984375 0.05625
2 0.359375 0.22421875 0.0375 0.040625
2 0.35859375 0.5046875 0.0515625 0.06875
2 0.41640625 0.571875 0.05078125 0.075
2 0.3390625 0.72421875 0.0484375 0.08359375
2 0.43828125 0.09140625 0.03515625 0.04453125
2 0.925 0.290625 0.0984375 0.0953125
2 0.56484375 0.675 0.04765625 0.08671875
2 0.771875 0.93671875 0.084375 0.1265625
2 0.65859375 0.125 0.05234375 0.05859375
2 0.090625 0.61328125 0.03046875 0.06171875
2 0.03125 0.5375 0.04921875 0.06171875
2 0.2609375 0.390625 0.03984375 0.08125
2 0.38359375 0.359375 0.03515625 0.071875
2 0.33203125 0.5515625 0.05 0.07265625
2 0.6578125 0.76328125 0.0375 0.059375
3 0.446875 0.2078125 0.06171875 0.0984375