2 0.059375 0.42890625 0.05 0.090625
2 0.06015625 0.5546875 0.05546875 0.0890625
2 0.71875 0.15859375 0.040625 0.053125
2 0.7125 0.20859375 0.0421875 0.059375
2 0.48125 0.078125 0.0546875 0.090625
2 0.4375 0.8953125 0.0984375 0.178125
2 0.840625 0.5921875 0.06015625 0.08125
2 0.9671875 0.51875 0.065625 0.12265625
2 0.8625 0.36484375 0.05 0.09296875
2 0.75859375 0.4375 0.07265625 0.09921875
2 0.709375 0.38125 0.05703125 0.0875
2 0.66171875 0.36484375 0.0546875 0.090625
2 0.60859375 0.371875 0.04921875 0.08125
2 0.596875 0.4484375 0.06875 0.090625
2 0.52890625 0.4734375 0.06328125 0.096875
2 0.4015625 0.49375 0.05234375 0.075
2 0.478125 0.37265625 0.0546875 0.08359375
2 0.53828125 0.26875 0.05546875 0.06953125
2 0.48984375 0.55703125 0.06953125 0.10859375