2 0.709375 0.253125 0.0359375 0.0515625
2 0.66640625 0.24765625 0.0296875 0.04140625
2 0.19140625 0.36328125 0.078125 0.08515625
2 0.2765625 0.28125 0.07265625 0.065625
2 0.29609375 0.13671875 0.053125 0.05859375
2 0.4734375 0.26953125 0.07421875 0.10078125
2 0.5125 0.546875 0.090625 0.15390625
2 0.815625 0.6578125 0.18359375 0.2671875
2 0.93203125 0.81328125 0.13203125 0.17578125
2 0.953125 0.2265625 0.09375 0.12109375
2 0.61953125 0.27265625 0.0640625 0.09296875
2 0.5671875 0.23515625 0.0609375 0.0875
2 0.23046875 0.103125 0.03515625 0.05078125
2 0.22265625 0.30234375 0.02265625 0.028125