2 0.55 0.51171875 0.0640625 0.10078125
2 0.175 0.3734375 0.0515625 0.07734375
2 0.4375 0.96796875 0.08359375 0.06328125
2 0.62734375 0.82890625 0.13046875 0.17578125
2 0.67578125 0.146875 0.0421875 0.04765625
2 0.6828125 0.19765625 0.04375 0.06171875
2 0.71015625 0.25859375 0.059375 0.07421875
2 0.96953125 0.32265625 0.06015625 0.06953125
2 0.8734375 0.228125 0.05625 0.065625
2 0.8859375 0.31875 0.07109375 0.08359375
2 0.8 0.24921875 0.0703125 0.0796875
2 0.79921875 0.3234375 0.07109375 0.071875
2 0.825 0.51484375 0.06875 0.09453125
2 0.75625 0.4421875 0.08359375 0.10078125
2 0.5265625 0.6578125 0.0734375 0.103125
2 0.56953125 0.60703125 0.05703125 0.103125
2 0.49296875 0.50546875 0.1203125 0.16328125
2 0.1390625 0.45 0.05859375 0.0765625
2 0.02421875 0.475 0.03984375 0.053125
2 0.0296875 0.49921875 0.05390625 0.05546875
2 0.0359375 0.52578125 0.06640625 0.0671875
2 0.47578125 0.8828125 0.096875 0.11796875
2 0.54765625 0.86640625 0.07734375 0.14140625