2 0.015625 0.74140625 0.0265625 0.096875
2 0.375 0.44296875 0.040625 0.0578125
2 0.16796875 0.4109375 0.04140625 0.0484375
2 0.18671875 0.33828125 0.034375 0.04375
2 0.02421875 0.58515625 0.04609375 0.0609375
2 0.3734375 0.73671875 0.053125 0.0828125
2 0.49921875 0.696875 0.0484375 0.06953125
2 0.54765625 0.63515625 0.0359375 0.059375
2 0.5421875 0.56875 0.0421875 0.0640625
2 0.58125 0.5984375 0.03203125 0.071875
2 0.559375 0.48828125 0.04375 0.06328125
2 0.4390625 0.53203125 0.04375 0.059375
2 0.3390625 0.66953125 0.040625 0.0609375
2 0.2515625 0.53984375 0.04296875 0.0640625
2 0.45234375 0.85546875 0.0421875 0.07578125
2 0.6703125 0.70234375 0.04609375 0.07890625
2 0.8109375 0.934375 0.053125 0.10078125
2 0.8546875 0.690625 0.0875 0.15234375
2 0.9515625 0.5140625 0.03828125 0.05859375
2 0.9734375 0.61796875 0.05234375 0.0859375
2 0.83671875 0.3875 0.0359375 0.05546875
2 0.45234375 0.31796875 0.03671875 0.0484375
2 0.53515625 0.36015625 0.028125 0.053125
2 0.4421875 0.36484375 0.04453125 0.05390625
2 0.48125 0.27421875 0.02890625 0.04453125