2 0.88984375 0.265625 0.0359375 0.05390625
2 0.40546875 0.37890625 0.04296875 0.06328125
2 0.8921875 0.859375 0.08359375 0.134375
2 0.7203125 0.31953125 0.03984375 0.053125
2 0.8 0.29140625 0.03984375 0.04609375
2 0.75859375 0.30546875 0.03671875 0.0515625
2 0.41953125 0.94140625 0.065625 0.11484375
2 0.48203125 0.94765625 0.065625 0.1046875
1 0.590625 0.896875 0.1171875 0.09453125
2 0.9203125 0.46484375 0.0515625 0.0578125
2 0.9296875 0.51015625 0.04453125 0.05078125
2 0.9203125 0.54453125 0.04453125 0.0578125
2 0.8359375 0.91328125 0.09609375 0.1140625
2 0.753125 0.571875 0.0640625 0.078125
2 0.640625 0.6234375 0.06171875 0.0984375
2 0.590625 0.66796875 0.0515625 0.0890625
2 0.38515625 0.4875 0.04453125 0.0734375
2 0.34375 0.525 0.03984375 0.0609375
2 0.22890625 0.46484375 0.04609375 0.06796875
2 0.1171875 0.62109375 0.05078125 0.06796875
2 0.146875 0.68046875 0.04921875 0.0703125
2 0.165625 0.41875 0.04375 0.06328125
2 0.46484375 0.5296875 0.04453125 0.071875
2 0.7890625 0.696875 0.05859375 0.0859375
2 0.7203125 0.703125 0.0703125 0.13046875