0 0.928125 0.69609375 0.03046875 0.06484375
0 0.8765625 0.69921875 0.04140625 0.0640625
0 0.7359375 0.61953125 0.03828125 0.071875
0 0.703125 0.53359375 0.0390625 0.0640625
0 0.75234375 0.35390625 0.0234375 0.04375
0 0.73125 0.29765625 0.025 0.05859375
0 0.69453125 0.25390625 0.04375 0.04296875
0 0.709375 0.1390625 0.03125 0.06796875
0 0.51953125 0.9234375 0.071875 0.13046875
0 0.45703125 0.3421875 0.04921875 0.121875
0 0.2171875 0.93828125 0.07265625 0.12265625
0 0.2609375 0.58203125 0.09296875 0.15625