2 0.75 0.55078125 0.05078125 0.07578125
2 0.2484375 0.3703125 0.03984375 0.0578125
2 0.4875 0.225 0.03125 0.0390625
2 0.3046875 0.3453125 0.03828125 0.05703125
2 0.08671875 0.4140625 0.04609375 0.0734375
2 0.0578125 0.54765625 0.04453125 0.0671875
2 0.07265625 0.565625 0.046875 0.059375
2 0.0859375 0.58671875 0.04609375 0.05703125
2 0.6546875 0.321875 0.05546875 0.071875
2 0.975 0.7265625 0.05 0.10234375
2 0.97265625 0.81171875 0.0546875 0.1125
2 0.9484375 0.87890625 0.090625 0.13828125
2 0.72890625 0.3234375 0.0625 0.0796875
2 0.79453125 0.38125 0.05546875 0.0640625
2 0.73515625 0.38203125 0.05703125 0.075
2 0.70625 0.48671875 0.0609375 0.07890625
2 0.565625 0.64140625 0.046875 0.0734375
2 0.4953125 0.95078125 0.1 0.0984375
2 0.62421875 0.7984375 0.09140625 0.1421875
2 0.4984375 0.5515625 0.103125 0.15234375
2 0.1890625 0.44296875 0.046875 0.07109375
2 0.16328125 0.515625 0.053125 0.07265625
2 0.228125 0.48125 0.05625 0.08125