0 0.11796875 0.98125 0.046875 0.0375
0 0.5046875 0.7046875 0.0265625 0.04296875
0 0.5375 0.62421875 0.025 0.053125
0 0.58359375 0.775 0.0390625 0.07265625
0 0.6234375 0.96484375 0.0390625 0.0703125
0 0.52578125 0.96796875 0.0484375 0.0640625
0 0.3015625 0.88828125 0.0671875 0.09609375
0 0.38125 0.68984375 0.0359375 0.05859375
0 0.3390625 0.68671875 0.03203125 0.0390625
0 0.3328125 0.753125 0.0375 0.05390625
0 0.3625 0.5171875 0.03203125 0.0375
0 0.4015625 0.425 0.02421875 0.0515625
0 0.35 0.4265625 0.02421875 0.0453125
0 0.10625 0.38359375 0.0390625 0.0484375