0 0.5453125 0.21484375 0.04609375 0.09921875
0 0.62890625 0.59921875 0.0515625 0.0984375
0 0.6765625 0.4046875 0.0515625 0.09375
0 0.5171875 0.39921875 0.04609375 0.084375
0 0.45703125 0.39296875 0.03984375 0.08828125
0 0.1140625 0.628125 0.0328125 0.03828125
0 0.1484375 0.58046875 0.03046875 0.040625
0 0.3515625 0.31953125 0.025 0.05625
0 0.33125 0.59296875 0.03125 0.05234375
0 0.3640625 0.64375 0.04296875 0.05859375
0 0.340625 0.703125 0.03203125 0.05546875
0 0.478125 0.9359375 0.03671875 0.053125