2 0.44140625 0.30078125 0.02890625 0.04375
2 0.48125 0.278125 0.03515625 0.03671875
2 0.975 0.465625 0.05 0.06171875
2 0.8953125 0.91640625 0.06953125 0.1015625
2 0.86328125 0.96328125 0.11796875 0.07265625
2 0.853125 0.3765625 0.04453125 0.0734375
2 0.8796875 0.353125 0.0484375 0.0671875
2 0.91171875 0.3328125 0.059375 0.06328125
2 0.8734375 0.4875 0.05625 0.07109375
2 0.790625 0.38671875 0.05234375 0.065625
2 0.74609375 0.37109375 0.046875 0.059375
2 0.55234375 0.40859375 0.03984375 0.04140625
2 0.57890625 0.365625 0.0421875 0.0546875
2 0.40078125 0.71015625 0.07109375 0.07734375
2 0.4625 0.90078125 0.075 0.1046875
2 0.5046875 0.815625 0.071875 0.10703125
2 0.72421875 0.71796875 0.08515625 0.12890625
2 0.6875 0.81328125 0.09296875 0.11875
2 0.63125 0.9359375 0.10703125 0.128125
2 0.72421875 0.89453125 0.0828125 0.12265625
2 0.9453125 0.68984375 0.109375 0.1265625
2 0.753125 0.590625 0.096875 0.11875
2 0.6796875 0.54296875 0.05390625 0.08828125
2 0.61015625 0.49453125 0.06171875 0.090625
2 0.5796875 0.62890625 0.06953125 0.08203125
2 0.28203125 0.55390625 0.03828125 0.06875
2 0.2484375 0.60625 0.04921875 0.05859375
2 0.075 0.56875 0.03046875 0.03984375
2 0.11171875 0.53515625 0.0328125 0.0515625
2 0.31875 0.42734375 0.05 0.06640625
2 0.59375 0.26484375 0.03515625 0.05078125
2 0.4390625 0.26953125 0.0328125 0.03671875
2 0.59140625 0.215625 0.0265625 0.0484375