0 0.7609375 0.14296875 0.10546875 0.11015625
0 0.95 0.20546875 0.09765625 0.13125
0 0.97421875 0.56328125 0.0515625 0.14375
0 0.9703125 0.78203125 0.059375 0.15234375
0 0.88828125 0.76015625 0.11796875 0.17109375
0 0.7609375 0.71796875 0.003125 0.00234375
0 0.74609375 0.85546875 0.0921875 0.10625
0 0.665625 0.75625 0.10234375 0.15859375
0 0.61875 0.43515625 0.0734375 0.12109375
0 0.565625 0.51796875 0.06640625 0.11484375
0 0.53046875 0.609375 0.075 0.12265625
0 0.4921875 0.24765625 0.0765625 0.09609375
0 0.4203125 0.22890625 0.053125 0.08359375
0 0.2984375 0.58359375 0.078125 0.10859375
0 0.2859375 0.48671875 0.06328125 0.07734375
0 0.77109375 0.25703125 0.1296875 0.16484375