2 0.28046875 0.46015625 0.04296875 0.04921875
2 0.265625 0.55703125 0.0578125 0.08359375
2 0.03515625 0.50625 0.06328125 0.09296875
2 0.1546875 0.578125 0.05625 0.07578125
2 0.3515625 0.45859375 0.04609375 0.06171875
2 0.346875 0.40078125 0.05078125 0.0609375
2 0.375 0.53046875 0.0578125 0.08359375
2 0.75234375 0.92890625 0.09296875 0.1421875
2 0.690625 0.5625 0.06796875 0.1
2 0.6328125 0.37890625 0.03828125 0.05625
2 0.70078125 0.3140625 0.053125 0.05703125
2 0.9625 0.2921875 0.06484375 0.059375