0 0.95546875 0.421875 0.06171875 0.08515625
0 0.9015625 0.39453125 0.053125 0.08984375
0 0.85703125 0.35546875 0.04453125 0.07265625
0 0.8109375 0.31640625 0.0546875 0.075
0 0.8609375 0.15390625 0.04921875 0.0625
0 0.934375 0.146875 0.053125 0.06875
0 0.36015625 0.68203125 0.06171875 0.08125
0 0.3765625 0.76171875 0.05625 0.08984375
0 0.4609375 0.43203125 0.0515625 0.07265625
0 0.590625 0.690625 0.0578125 0.08515625
0 0.6390625 0.67578125 0.06640625 0.09375
0 0.559375 0.77421875 0.075 0.08984375
0 0.5265625 0.45546875 0.0703125 0.08515625
0 0.46875 0.265625 0.04921875 0.07734375
0 0.51171875 0.184375 0.071875 0.09375
0 0.8359375 0.92890625 0.071875 0.0875
0 0.9171875 0.94453125 0.090625 0.09375
0 0.9390625 0.8125 0.08671875 0.11640625
0 0.96328125 0.70234375 0.0734375 0.125
0 0.8984375 0.53203125 0.06640625 0.08984375
0 0.7515625 0.46015625 0.090625 0.10390625
0 0.75625 0.58046875 0.10546875 0.12265625
0 0.76953125 0.23359375 0.06171875 0.09609375
0 0.8671875 0.215625 0.078125 0.09375