2 0.80234375 0.5265625 0.04765625 0.0625
2 0.3328125 0.65859375 0.03515625 0.05546875
2 0.87109375 0.95078125 0.03671875 0.06875
2 0.8734375 0.75546875 0.046875 0.07421875
2 0.6984375 0.27109375 0.025 0.040625
2 0.84765625 0.371875 0.046875 0.06640625
2 0.76953125 0.7796875 0.059375 0.08046875
2 0.709375 0.73203125 0.0546875 0.0828125
2 0.78515625 0.62578125 0.04921875 0.08359375
2 0.73359375 0.5703125 0.05 0.06328125
2 0.659375 0.51875 0.0421875 0.0609375
2 0.6734375 0.47734375 0.0296875 0.04609375
2 0.65078125 0.44921875 0.03046875 0.04921875
2 0.42578125 0.87109375 0.03984375 0.07421875
2 0.403125 0.80390625 0.0359375 0.08046875
2 0.3796875 0.77109375 0.034375 0.0609375
2 0.5890625 0.59921875 0.0328125 0.05859375
2 0.53671875 0.71171875 0.03671875 0.0609375
3 0.51953125 0.521875 0.05546875 0.07109375
2 0.475 0.97265625 0.05625 0.0546875