2 0.6 0.49765625 0.04453125 0.0640625
2 0.94296875 0.4703125 0.07578125 0.09609375
2 0.95078125 0.7984375 0.0984375 0.1078125
2 0.8953125 0.70234375 0.09375 0.12265625
2 0.73203125 0.3765625 0.04921875 0.0859375
2 0.7390625 0.44765625 0.06640625 0.0859375
2 0.6953125 0.37421875 0.05234375 0.0890625
2 0.34453125 0.6296875 0.059375 0.09609375
2 0.403125 0.65234375 0.05234375 0.08828125
2 0.45546875 0.57890625 0.0625 0.090625
2 0.5578125 0.56328125 0.05546875 0.07578125
2 0.4984375 0.4765625 0.05 0.05859375
2 0.425 0.67578125 0.0484375 0.06640625
1 0.503125 0.83046875 0.07578125 0.13671875
2 0.56875 0.81875 0.07109375 0.103125
2 0.5078125 0.640625 0.053125 0.0734375
2 0.8109375 0.3078125 0.04609375 0.0625