2 0.63828125 0.3578125 0.03828125 0.05546875
2 0.47109375 0.78046875 0.0453125 0.07421875
2 0.5359375 0.7390625 0.0453125 0.07421875
2 0.68203125 0.71796875 0.053125 0.09140625
2 0.67734375 0.61640625 0.05234375 0.08125
2 0.76015625 0.634375 0.04765625 0.08203125
2 0.6765625 0.85390625 0.04609375 0.07421875
2 0.7515625 0.78359375 0.04375 0.07578125
2 0.5609375 0.96796875 0.05625 0.0640625
2 0.70078125 0.959375 0.0671875 0.08125
2 0.925 0.39609375 0.05625 0.05625
2 0.80859375 0.253125 0.0375 0.046875
2 0.54296875 0.47578125 0.03515625 0.04296875