2 0.87734375 0.21796875 0.05 0.05703125
2 0.7953125 0.28515625 0.040625 0.0671875
1 0.56484375 0.7 0.07578125 0.1203125
2 0.38671875 0.54140625 0.05234375 0.08671875
2 0.4390625 0.56796875 0.05546875 0.0984375
2 0.53125 0.48828125 0.0546875 0.06640625
2 0.49609375 0.4734375 0.05078125 0.06640625
2 0.54140625 0.39296875 0.046875 0.06640625
2 0.60859375 0.46875 0.05703125 0.071875
2 0.65390625 0.396875 0.04140625 0.06796875
2 0.628125 0.7203125 0.0734375 0.103125
2 0.7078125 0.70546875 0.0625 0.10078125
2 0.96875 0.60078125 0.0625 0.12578125
2 0.5546875 0.54296875 0.053125 0.0953125
2 0.471875 0.584375 0.0515625 0.071875
2 0.8046875 0.3484375 0.0609375 0.08984375
2 0.753125 0.275 0.053125 0.084375