2 0.50078125 0.2578125 0.0453125 0.053125
2 0.9046875 0.371875 0.06875 0.08828125
2 0.8390625 0.43671875 0.071875 0.078125
2 0.8875 0.47578125 0.06875 0.08046875
2 0.921875 0.565625 0.071875 0.09921875
2 0.81171875 0.54609375 0.06796875 0.0734375
2 0.4703125 0.4484375 0.05390625 0.059375
2 0.1953125 0.409375 0.04140625 0.05703125
2 0.159375 0.66953125 0.0515625 0.08359375
2 0.2171875 0.503125 0.04921875 0.07890625
2 0.0359375 0.66171875 0.06640625 0.1078125
2 0.1140625 0.5546875 0.0421875 0.0859375