2 0.5265625 0.25 0.04765625 0.0484375
2 0.01953125 0.7484375 0.03515625 0.09453125
2 0.0796875 0.67578125 0.05703125 0.09609375
2 0.04375 0.625 0.08125 0.11953125
2 0.12890625 0.51015625 0.04765625 0.078125
2 0.2125 0.3828125 0.0421875 0.05078125
2 0.22890625 0.475 0.046875 0.06640625
2 0.1703125 0.646875 0.05234375 0.08203125
2 0.35 0.571875 0.0484375 0.078125
2 0.49765625 0.44765625 0.053125 0.06953125
2 0.86640625 0.596875 0.07265625 0.065625
2 0.97265625 0.634375 0.05390625 0.125
2 0.94921875 0.51796875 0.0875 0.09375
2 0.88359375 0.4703125 0.07265625 0.07109375
2 0.965625 0.4171875 0.06796875 0.07890625
2 0.72890625 0.43984375 0.0578125 0.0765625