2 0.37734375 0.503125 0.0421875 0.0484375
2 0.41796875 0.6125 0.03515625 0.05078125
2 0.65859375 0.24765625 0.03203125 0.04375
2 0.828125 0.240625 0.0453125 0.05390625
2 0.6828125 0.40390625 0.046875 0.0703125
2 0.4203125 0.74375 0.05 0.06953125
2 0.5203125 0.615625 0.0359375 0.06171875
2 0.46796875 0.65859375 0.04453125 0.071875
2 0.50625 0.4875 0.03515625 0.05703125
2 0.615625 0.4546875 0.03828125 0.06953125
2 0.8734375 0.69453125 0.0765625 0.1
2 0.7890625 0.81953125 0.06171875 0.12421875
2 0.73515625 0.8484375 0.06796875 0.1140625
2 0.4734375 0.43125 0.02890625 0.04609375