0 0.6265625 0.95546875 0.0515625 0.0859375
0 0.059375 0.44921875 0.0578125 0.09296875
0 0.13828125 0.646875 0.0609375 0.07109375
0 0.08203125 0.8359375 0.07265625 0.11171875
0 0.3453125 0.43984375 0.040625 0.07890625
0 0.3265625 0.33203125 0.03671875 0.053125
0 0.28515625 0.21640625 0.028125 0.0390625
0 0.38203125 0.04765625 0.02890625 0.05859375
0 0.48046875 0.22109375 0.03515625 0.065625
0 0.47578125 0.31640625 0.03046875 0.05546875
0 0.515625 0.39375 0.034375 0.05625
0 0.6453125 0.58359375 0.0328125 0.06484375
0 0.74765625 0.396875 0.02578125 0.04375
0 0.925 0.26015625 0.05 0.08046875
3 0.3453125 0.39296875 0.04140625 0.05546875
3 0.5875 0.1203125 0.0375 0.0671875