2 0.81171875 0.85078125 0.0484375 0.06953125
3 0.64453125 0.45390625 0.04140625 0.0515625
3 0.565625 0.8421875 0.0375 0.03359375
3 0.59140625 0.884375 0.046875 0.06875
0 0.7625 0.65 0.05703125 0.09296875
0 0.7078125 0.5421875 0.04609375 0.07890625
0 0.653125 0.52890625 0.040625 0.065625
0 0.44453125 0.35 0.03125 0.059375
0 0.49921875 0.23828125 0.02890625 0.04609375
0 0.475 0.27265625 0.034375 0.05625
0 0.440625 0.528125 0.03125 0.053125
0 0.3359375 0.18203125 0.02734375 0.04375
0 0.27734375 0.29453125 0.0203125 0.04453125
0 0.24453125 0.29921875 0.01953125 0.03671875
0 0.2328125 0.32734375 0.02265625 0.04296875
0 0.21796875 0.47578125 0.0265625 0.0453125
0 0.1921875 0.44453125 0.025 0.0390625