0 0.27734375 0.703125 0.04296875 0.0625
3 0.84921875 0.60859375 0.05703125 0.053125
3 0.45234375 0.365625 0.04921875 0.05625
3 0.7234375 0.23671875 0.0578125 0.0640625
3 0.50390625 0.96171875 0.06875 0.06171875
3 0.12734375 0.8078125 0.0578125 0.09375
0 0.971875 0.1609375 0.05625 0.096875
0 0.88125 0.1859375 0.0875 0.09609375
0 0.9078125 0.2375 0.0421875 0.06640625
0 0.7921875 0.2203125 0.0625 0.08046875
0 0.553125 0.32265625 0.03203125 0.0453125
0 0.6140625 0.28671875 0.0515625 0.07421875
0 0.6421875 0.38359375 0.07578125 0.115625
0 0.73203125 0.4328125 0.08515625 0.1296875
0 0.19921875 0.475 0.04140625 0.059375
0 0.10625 0.62734375 0.04609375 0.06796875
0 0.44765625 0.9421875 0.06328125 0.084375
0 0.31875 0.9484375 0.053125 0.08359375
0 0.39140625 0.79609375 0.0390625 0.06875