3 0.8234375 0.89609375 0.0546875 0.084375
3 0.96875 0.53359375 0.040625 0.06953125
3 0.034375 0.52734375 0.04296875 0.06171875
0 0.2703125 0.51640625 0.03828125 0.06796875
0 0.48828125 0.53125 0.04453125 0.0640625
0 0.87578125 0.965625 0.0640625 0.0625
0 0.9125 0.7703125 0.04140625 0.0796875
0 0.8890625 0.65390625 0.034375 0.07421875
0 0.8375 0.7796875 0.0546875 0.07890625
0 0.78125 0.828125 0.06015625 0.10859375
0 0.78046875 0.43515625 0.040625 0.06015625
0 0.64765625 0.23828125 0.03515625 0.04921875
0 0.1671875 0.109375 0.03359375 0.05