3 0.9671875 0.92578125 0.05625 0.0859375
3 0.234375 0.02265625 0.034375 0.0453125
3 0.696875 0.59453125 0.03828125 0.07109375
3 0.53203125 0.14609375 0.02734375 0.04140625
0 0.1296875 0.75234375 0.053125 0.08125
0 0.5359375 0.834375 0.040625 0.06796875
0 0.61875 0.2296875 0.03046875 0.0609375
0 0.5859375 0.25078125 0.0375 0.05703125
0 0.540625 0.24921875 0.040625 0.07109375
0 0.47421875 0.39609375 0.02890625 0.053125
0 0.196875 0.30546875 0.0265625 0.04921875
0 0.1765625 0.18984375 0.03359375 0.05390625