0 0.3765625 0.37734375 0.06640625 0.0875
0 0.3671875 0.446875 0.06484375 0.08515625
0 0.2890625 0.52109375 0.05625 0.04140625
0 0.359375 0.54140625 0.0765625 0.05859375
0 0.4671875 0.440625 0.0890625 0.10625
0 0.49140625 0.55625 0.0921875 0.10390625
0 0.44609375 0.58203125 0.08359375 0.07734375
0 0.53046875 0.68203125 0.0921875 0.11484375
0 0.4984375 0.803125 0.06796875 0.08984375
0 0.55625 0.23359375 0.06796875 0.075
0 0.37421875 0.71875 0.11796875 0.15390625
0 0.16875 0.70390625 0.0890625 0.1125
0 0.03671875 0.73125 0.059375 0.07890625
0 0.02890625 0.61328125 0.0578125 0.06484375
0 0.0203125 0.31484375 0.040625 0.11640625