0 0.04921875 0.16875 0.06171875 0.0625
0 0.04921875 0.115625 0.0578125 0.06015625
0 0.1578125 0.08671875 0.04609375 0.05234375
0 0.10078125 0.96640625 0.06796875 0.05859375
0 0.08984375 0.89140625 0.06640625 0.0875
0 0.06796875 0.75546875 0.075 0.08984375
0 0.03828125 0.66328125 0.05625 0.07734375
0 0.64140625 0.71953125 0.06171875 0.07734375
0 0.36875 0.846875 0.04765625 0.06875
0 0.34765625 0.80390625 0.059375 0.075
0 0.44140625 0.66171875 0.0734375 0.08515625
0 0.45546875 0.47265625 0.06484375 0.0875
0 0.34609375 0.740625 0.078125 0.08984375
0 0.37578125 0.60859375 0.06171875 0.10859375
0 0.2515625 0.42578125 0.05625 0.08125
0 0.209375 0.41640625 0.053125 0.04140625
0 0.26171875 0.496875 0.0734375 0.07734375
0 0.321875 0.5125 0.0765625 0.075
0 0.3734375 0.45078125 0.071875 0.08515625
0 0.28828125 0.40859375 0.0515625 0.06640625
0 0.70390625 0.63203125 0.06640625 0.08125
0 0.64921875 0.571875 0.05625 0.07265625
0 0.65546875 0.38828125 0.06171875 0.09765625
0 0.62734375 0.32578125 0.04609375 0.07265625
0 0.9765625 0.6234375 0.046875 0.071875
0 0.92578125 0.578125 0.06328125 0.08125
0 0.925 0.43046875 0.06171875 0.08515625
0 0.790625 0.221875 0.04609375 0.08125
0 0.859375 0.434375 0.053125 0.08515625
0 0.44453125 0.15859375 0.059375 0.07109375
0 0.39921875 0.30625 0.0546875 0.0875
0 0.3265625 0.05 0.04921875 0.04140625
0 0.36640625 0.109375 0.0359375 0.08984375
0 0.37734375 0.19375 0.04453125 0.08359375
0 0.759375 0.54609375 0.06171875 0.09609375