2 0.728125 0.27265625 0.0546875 0.05546875
2 0.23203125 0.59375 0.07890625 0.10078125
2 0.30234375 0.4796875 0.0484375 0.06953125
2 0.40859375 0.47265625 0.053125 0.07578125
2 0.38359375 0.4109375 0.0484375 0.0703125
2 0.378125 0.3515625 0.0453125 0.0609375
2 0.3515625 0.684375 0.05859375 0.13515625
2 0.75625 0.84296875 0.090625 0.13984375
2 0.58125 0.76171875 0.04375 0.0765625
2 0.54453125 0.61953125 0.05703125 0.08046875
2 0.709375 0.50703125 0.0625 0.08828125
2 0.95234375 0.52890625 0.04296875 0.06171875
2 0.20078125 0.509375 0.05234375 0.0703125
2 0.096875 0.4453125 0.0546875 0.07421875