0 0.29375 0.28125 0.078125 0.09140625
0 0.29296875 0.21015625 0.04296875 0.05
0 0.53359375 0.36796875 0.08046875 0.10234375
0 0.57578125 0.26328125 0.0703125 0.08984375
0 0.63046875 0.10625 0.08359375 0.1125
0 0.51953125 0.03671875 0.0703125 0.07265625
0 0.4390625 0.02265625 0.059375 0.0453125
0 0.06875 0.578125 0.12421875 0.10625
0 0.21875 0.7625 0.078125 0.15
0 0.91796875 0.35625 0.12265625 0.1625
0 0.66953125 0.40703125 0.12109375 0.16875
0 0.75078125 0.55078125 0.11640625 0.16015625
0 0.86484375 0.66171875 0.109375 0.14375