2 0.396875 0.38671875 0.0453125 0.05546875
2 0.0984375 0.51796875 0.0390625 0.059375
2 0.29453125 0.53125 0.03515625 0.06796875
2 0.8375 0.55546875 0.0609375 0.08515625
2 0.82421875 0.8203125 0.0625 0.10390625
2 0.57890625 0.82265625 0.06015625 0.10703125
2 0.41796875 0.67578125 0.053125 0.08203125
2 0.48203125 0.84921875 0.07578125 0.14140625
2 0.43125 0.80625 0.053125 0.1171875
2 0.546875 0.31484375 0.0390625 0.046875
2 0.5484375 0.36015625 0.0390625 0.04609375
2 0.5609375 0.4125 0.03515625 0.046875
2 0.5015625 0.5546875 0.0421875 0.08125
2 0.47421875 0.396875 0.0375 0.06328125
2 0.40859375 0.4578125 0.053125 0.065625
2 0.3703125 0.5328125 0.05 0.08359375