0 0.88671875 0.315625 0.06328125 0.06875
0 0.92421875 0.36328125 0.053125 0.06484375
0 0.8328125 0.26875 0.071875 0.0875
0 0.77578125 0.18359375 0.059375 0.1
0 0.675 0.88046875 0.08046875 0.09375
0 0.859375 0.91015625 0.09375 0.1125
0 0.9421875 0.93046875 0.0953125 0.11875
0 0.9578125 0.77109375 0.08359375 0.125
0 0.97265625 0.63671875 0.0546875 0.11484375
0 0.9703125 0.528125 0.0359375 0.08125
0 0.91640625 0.47265625 0.075 0.10859375
0 0.76953125 0.51796875 0.11953125 0.13984375
0 0.56328125 0.74140625 0.075 0.09609375
0 0.5953125 0.653125 0.06796875 0.09375
0 0.7671875 0.40078125 0.09375 0.11015625
0 0.5078125 0.14453125 0.0734375 0.09375
0 0.4640625 0.21796875 0.04765625 0.10625
0 0.52421875 0.41484375 0.06484375 0.10390625
0 0.459375 0.38515625 0.0546875 0.08359375
0 0.35 0.63984375 0.0546875 0.07109375
0 0.36953125 0.728125 0.08046875 0.10234375
0 0.959375 0.09609375 0.071875 0.07890625
0 0.8671875 0.11171875 0.06484375 0.07734375
0 0.89921875 0.16328125 0.06484375 0.08125