3 0.29765625 0.53515625 0.06328125 0.1
3 0.65234375 0.86328125 0.08671875 0.13046875
3 0.784375 0.29609375 0.07109375 0.09921875
3 0.67734375 0.30859375 0.071875 0.10859375
3 0.6578125 0.096875 0.0453125 0.05703125
3 0.61015625 0.18984375 0.0703125 0.09609375
3 0.5546875 0.22421875 0.03515625 0.0609375
3 0.4828125 0.2578125 0.0484375 0.06953125
3 0.2046875 0.328125 0.05703125 0.053125
3 0.07109375 0.36171875 0.05078125 0.0546875
3 0.22265625 0.24375 0.09375 0.08984375
0 0.8578125 0.3375 0.08828125 0.10625
0 0.69765625 0.24609375 0.053125 0.0984375
0 0.63515625 0.203125 0.06953125 0.08671875
0 0.5890625 0.025 0.04765625 0.05
0 0.2125 0.5390625 0.08515625 0.090625
0 0.24453125 0.58515625 0.05546875 0.08359375
0 0.29609375 0.63359375 0.05625 0.11484375
0 0.35703125 0.60625 0.07734375 0.115625
0 0.56875 0.59140625 0.07421875 0.11328125
0 0.51640625 0.80859375 0.078125 0.1140625
0 0.390625 0.8984375 0.07890625 0.11484375
0 0.215625 0.83984375 0.0984375 0.09453125
0 0.053125 0.5234375 0.09140625 0.08359375
0 0.0484375 0.4359375 0.09609375 0.09921875