2 0.5859375 0.54375 0.0453125 0.075
2 0.91328125 0.53203125 0.0703125 0.1171875
2 0.6796875 0.41328125 0.0484375 0.06640625
2 0.71875 0.415625 0.040625 0.06796875
2 0.721875 0.48671875 0.05703125 0.0765625
2 0.484375 0.52734375 0.0453125 0.07109375
2 0.4703125 0.628125 0.05078125 0.08359375
2 0.4140625 0.72421875 0.0421875 0.07421875
2 0.49609375 0.69453125 0.05 0.08828125
2 0.5421875 0.61484375 0.06015625 0.08203125
2 0.92578125 0.8625 0.10859375 0.12890625
2 0.8640625 0.759375 0.08828125 0.11953125
2 0.6203125 0.8703125 0.053125 0.10546875
2 0.5546875 0.87734375 0.0703125 0.0984375
2 0.3390625 0.684375 0.05546875 0.09609375
2 0.38203125 0.8265625 0.05625 0.090625
2 0.790625 0.35390625 0.04609375 0.07265625