2 0.71015625 0.28203125 0.053125 0.05546875
2 0.9265625 0.36796875 0.07890625 0.1515625
2 0.6984375 0.52890625 0.06875 0.09609375
2 0.571875 0.79453125 0.0515625 0.07578125
2 0.7578125 0.875 0.09921875 0.15390625
2 0.53125 0.66640625 0.0515625 0.0984375
2 0.33828125 0.71484375 0.0515625 0.1171875
2 0.3859375 0.496875 0.04765625 0.06796875
2 0.365625 0.41015625 0.03828125 0.05859375
2 0.35859375 0.36953125 0.040625 0.06171875
2 0.27890625 0.5078125 0.0484375 0.08046875
2 0.171875 0.540625 0.05859375 0.0703125
2 0.19765625 0.62109375 0.07734375 0.10703125
2 0.0625 0.471875 0.06171875 0.07890625