0 0.21875 0.79140625 0.02421875 0.0515625
0 0.17578125 0.94609375 0.03203125 0.05703125
0 0.25703125 0.8203125 0.03125 0.0609375
0 0.37890625 0.63984375 0.03515625 0.05390625
0 0.5109375 0.51796875 0.02734375 0.03828125
0 0.74296875 0.40703125 0.028125 0.0421875
0 0.653125 0.3921875 0.0234375 0.0375
0 0.690625 0.63671875 0.0390625 0.06328125
0 0.9125 0.64609375 0.04375 0.05859375
0 0.390625 0.89921875 0.04375 0.06796875
3 0.93828125 0.61328125 0.06171875 0.07578125
3 0.76953125 0.5828125 0.04609375 0.04140625
3 0.7359375 0.6296875 0.05625 0.0890625