2 0.7796875 0.365625 0.04609375 0.06953125
2 0.84921875 0.6875 0.08515625 0.1109375
2 0.75546875 0.678125 0.08125 0.0953125
2 0.66015625 0.34140625 0.05 0.07109375
2 0.60546875 0.41015625 0.05078125 0.059375
2 0.6484375 0.43984375 0.06328125 0.0765625
2 0.73125 0.42421875 0.06328125 0.078125
2 0.6796875 0.49921875 0.06796875 0.084375
2 0.58828125 0.5234375 0.053125 0.0765625
2 0.4890625 0.45546875 0.04765625 0.0609375
2 0.28671875 0.571875 0.03984375 0.06796875
2 0.89765625 0.2421875 0.06640625 0.0984375