2 0.76875 0.51953125 0.05234375 0.0765625
2 0.7984375 0.809375 0.084375 0.12890625
2 0.540625 0.87421875 0.0734375 0.1296875
2 0.4375 0.9265625 0.0875 0.146875
2 0.3828125 0.8953125 0.0421875 0.11171875
2 0.35703125 0.75078125 0.0578125 0.090625
2 0.4390625 0.6 0.05078125 0.10390625
2 0.49296875 0.43203125 0.04296875 0.06953125
2 0.471875 0.33203125 0.03984375 0.0515625
2 0.47578125 0.37421875 0.04375 0.0515625
2 0.40234375 0.428125 0.04375 0.06875
2 0.3390625 0.509375 0.07109375 0.0859375
2 0.296875 0.5984375 0.05546875 0.10703125