1 0.85390625 0.03359375 0.15 0.06640625
0 0.034375 0.16015625 0.06640625 0.10859375
1 0.0859375 0.0828125 0.08046875 0.1453125
0 0.1484375 0.07421875 0.10546875 0.128125
0 0.08203125 0.22109375 0.121875 0.1359375
2 0.17890625 0.1296875 0.103125 0.08671875
2 0.1515625 0.3421875 0.1359375 0.18984375
1 0.04140625 0.42578125 0.078125 0.26875
0 0.2734375 0.078125 0.09453125 0.15546875
2 0.359375 0.0828125 0.1015625 0.10625
0 0.4375 0.11875 0.121875 0.20703125
0 0.696875 0.1234375 0.18203125 0.2421875
0 0.5 0.2515625 0.15 0.2125
1 0.56796875 0.12109375 0.1390625 0.22734375
1 0.61796875 0.340625 0.225 0.25703125
2 0.5828125 0.45703125 0.19609375 0.3015625
2 0.628125 0.79609375 0.28203125 0.40703125
1 0.84296875 0.41953125 0.175 0.51875
1 0.8203125 0.78359375 0.21796875 0.40703125
0 0.915625 0.3640625 0.16796875 0.39765625
0 0.7640625 0.90234375 0.321875 0.1953125