0 0.74453125 0.790625 0.05703125 0.0921875
0 0.675 0.6375 0.06796875 0.090625
0 0.59140625 0.66484375 0.05234375 0.07265625
0 0.540625 0.734375 0.06953125 0.10078125
0 0.52890625 0.93828125 0.08671875 0.109375
0 0.81328125 0.9359375 0.08125 0.128125
0 0.334375 0.6640625 0.06953125 0.09921875
0 0.40703125 0.32265625 0.05234375 0.096875
0 0.32421875 0.21640625 0.0625 0.05703125
0 0.1078125 0.38046875 0.05390625 0.1078125
0 0.09921875 0.5015625 0.0625 0.10078125
0 0.12421875 0.6078125 0.0609375 0.090625
0 0.16171875 0.678125 0.059375 0.08515625