2 0.95625 0.6359375 0.0875 0.2890625
1 0.50390625 0.7453125 0.21953125 0.35078125
0 0.434375 0.8109375 0.234375 0.378125
0 0.9734375 0.29609375 0.053125 0.23203125
0 0.8609375 0.36796875 0.19140625 0.29609375
0 0.03984375 0.8109375 0.07890625 0.34296875
0 0.15859375 0.8578125 0.21953125 0.28359375
1 0.36875 0.35546875 0.17890625 0.11875
1 0.1984375 0.46796875 0.10859375 0.3828125
0 0.296875 0.4515625 0.14609375 0.26171875
0 0.39453125 0.23828125 0.13359375 0.15546875
2 0.4765625 0.0828125 0.1 0.10625
1 0.5765625 0.0578125 0.121875 0.115625
1 0.68046875 0.0421875 0.08359375 0.07890625
0 0.678125 0.20390625 0.134375 0.18515625
0 0.85 0.1234375 0.171875 0.2421875
2 0.0390625 0.53671875 0.078125 0.234375
2 0.0890625 0.37421875 0.1359375 0.15546875
0 0.25703125 0.12109375 0.08359375 0.1484375