0 0.1734375 0.9140625 0.05703125 0.078125
0 0.28671875 0.67265625 0.0484375 0.08515625
0 0.38984375 0.62578125 0.0640625 0.06796875
0 0.41875 0.5015625 0.05703125 0.0796875
0 0.35859375 0.5171875 0.05234375 0.0625
0 0.57734375 0.40625 0.04140625 0.0625
0 0.56171875 0.48203125 0.03828125 0.0609375
0 0.5453125 0.534375 0.03125 0.06953125
0 0.50546875 0.69765625 0.05078125 0.0625
0 0.646875 0.59296875 0.0640625 0.08125
0 0.6671875 0.8171875 0.06640625 0.078125
0 0.61640625 0.834375 0.065625 0.0953125
0 0.9140625 0.81875 0.06640625 0.0953125
0 0.7859375 0.70625 0.05234375 0.065625
0 0.86953125 0.6109375 0.05078125 0.06953125
0 0.7296875 0.48515625 0.06640625 0.09921875
0 0.771875 0.3703125 0.0609375 0.08125
0 0.79296875 0.49375 0.0453125 0.08828125
0 0.42578125 0.16171875 0.05703125 0.07265625
0 0.2984375 0.10625 0.0625 0.059375
0 0.5109375 0.1875 0.05 0.06953125
0 0.5234375 0.096875 0.046875 0.05546875
0 0.2421875 0.02890625 0.075 0.05703125
0 0.6890625 0.91328125 0.128125 0.090625
0 0.1984375 0.77421875 0.10625 0.11484375