3 0.98828125 0.2546875 0.02265625 0.06328125
3 0.94609375 0.2734375 0.0328125 0.06015625
3 0.9796875 0.7609375 0.040625 0.10625
3 0.96328125 0.68828125 0.05625 0.09453125
3 0.83671875 0.72578125 0.0640625 0.1015625
3 0.478125 0.821875 0.05703125 0.06484375
3 0.80546875 0.35234375 0.09375 0.1046875
3 0.70390625 0.08046875 0.071875 0.12109375
3 0.50703125 0.10234375 0.04140625 0.08046875
3 0.6375 0.04921875 0.06015625 0.0984375
3 0.51953125 0.3921875 0.04140625 0.0640625
3 0.4375 0.56875 0.04453125 0.06640625
3 0.52578125 0.665625 0.0609375 0.1234375
3 0.340625 0.48671875 0.0921875 0.1203125
3 0.3875 0.2671875 0.0921875 0.115625
3 0.2765625 0.29609375 0.096875 0.15078125
3 0.28359375 0.10859375 0.121875 0.14375
0 0.91015625 0.36640625 0.0625 0.08828125
0 0.92265625 0.68359375 0.07109375 0.12890625
0 0.94609375 0.565625 0.07734375 0.090625
0 0.85625 0.48828125 0.09921875 0.1296875
0 0.8375 0.63125 0.1015625 0.13125
0 0.75703125 0.68671875 0.0625 0.1234375
0 0.584375 0.55625 0.07578125 0.10390625
0 0.50625 0.1796875 0.08046875 0.1109375
0 0.35390625 0.34375 0.08203125 0.11796875
0 0.36484375 0.56796875 0.07734375 0.103125
0 0.18515625 0.740625 0.1640625 0.17421875