1 0.49453125 0.871875 0.0640625 0.16796875
2 0.51875 0.74296875 0.065625 0.09375
2 0.7640625 0.86640625 0.04140625 0.0890625
0 0.79140625 0.9046875 0.06640625 0.13125
0 0.55546875 0.925 0.078125 0.1359375
1 0.590625 0.76640625 0.084375 0.165625
2 0.9578125 0.625 0.0765625 0.13359375
0 0.9546875 0.53828125 0.06796875 0.10859375
2 0.959375 0.4640625 0.05390625 0.07421875
0 0.97109375 0.41875 0.0578125 0.06875
0 0.79453125 0.63203125 0.06953125 0.11328125
3 0.74765625 0.6984375 0.0984375 0.1484375
2 0.86484375 0.60625 0.0734375 0.09609375
2 0.8359375 0.49375 0.05546875 0.07421875
2 0.9046875 0.371875 0.05703125 0.0515625
2 0.92109375 0.43671875 0.05 0.07890625
2 0.759375 0.46796875 0.0515625 0.08671875
2 0.778125 0.421875 0.0359375 0.07890625
2 0.7125 0.634375 0.0640625 0.10390625
2 0.69296875 0.5484375 0.0609375 0.10390625
2 0.53046875 0.5828125 0.05859375 0.0890625
2 0.57734375 0.5421875 0.07109375 0.1109375
2 0.64453125 0.4953125 0.046875 0.0765625
2 0.67578125 0.47421875 0.04609375 0.0640625
2 0.68984375 0.425 0.05390625 0.04453125
0 0.74296875 0.40234375 0.04140625 0.06875
0 0.69921875 0.38046875 0.0484375 0.07421875
0 0.81953125 0.39375 0.053125 0.09140625
0 0.815625 0.31328125 0.046875 0.06875
0 0.78125 0.34296875 0.0515625 0.08359375
0 0.75 0.33203125 0.046875 0.08125
0 0.678125 0.72734375 0.0734375 0.13125
0 0.64296875 0.66796875 0.0609375 0.10625
0 0.5828125 0.69375 0.0515625 0.08359375
0 0.48515625 0.69375 0.059375 0.0984375
0 0.41953125 0.70234375 0.05546875 0.1015625
1 0.42890625 0.75703125 0.075 0.1359375
2 0.3625 0.76796875 0.06640625 0.10390625
2 0.628125 0.28671875 0.04296875 0.0640625
2 0.5796875 0.3 0.040625 0.071875
2 0.54609375 0.4234375 0.046875 0.0765625
2 0.46171875 0.46640625 0.05390625 0.07890625
2 0.425 0.58359375 0.0609375 0.0765625
2 0.38125 0.62734375 0.0625 0.10390625
2 0.34375 0.525 0.0625 0.1015625
1 0.3140625 0.6515625 0.0890625 0.11328125
1 0.253125 0.7296875 0.04140625 0.140625
1 0.20390625 0.9640625 0.078125 0.071875
0 0.23984375 0.90625 0.084375 0.11328125
2 0.1875 0.7828125 0.06953125 0.06875
2 0.209375 0.85078125 0.07890625 0.1015625
4 0.08125 0.83046875 0.159375 0.3390625
4 0.121875 0.44921875 0.24296875 0.48359375