0 0.28828125 0.14296875 0.065625 0.10859375
0 0.709375 0.08046875 0.11640625 0.16015625
0 0.4484375 0.034375 0.0640625 0.06875
2 0.484375 0.0453125 0.071875 0.090625
2 0.61640625 0.1 0.0859375 0.1109375
2 0.52265625 0.13671875 0.084375 0.1015625
0 0.55625 0.0296875 0.0875 0.059375
1 0.5640625 0.06171875 0.15859375 0.10390625
1 0.85625 0.16875 0.1265625 0.2
1 0.959375 0.20625 0.07890625 0.18984375
1 0.75390625 0.221875 0.1609375 0.17265625
1 0.70078125 0.31875 0.1265625 0.20234375
1 0.38359375 0.48046875 0.28359375 0.259375
0 0.4265625 0.17421875 0.08359375 0.12109375
0 0.315625 0.240625 0.0984375 0.140625
0 0.146875 0.421875 0.0984375 0.153125
2 0.2140625 0.34453125 0.075 0.15078125
1 0.0390625 0.34453125 0.078125 0.09609375
2 0.03125 0.446875 0.0625 0.13359375
2 0.06328125 0.5484375 0.1234375 0.11875
1 0.059375 0.63984375 0.11875 0.1359375
1 0.06328125 0.7046875 0.1234375 0.21484375
0 0.18515625 0.5828125 0.14296875 0.221875
0 0.18046875 0.8109375 0.1359375 0.24921875
0 0.07265625 0.89765625 0.1453125 0.2015625