2 0.0265625 0.46640625 0.053125 0.11875
2 0.46328125 0.1046875 0.084375 0.08671875
2 0.40625 0.09296875 0.06796875 0.11640625
2 0.1609375 0.2453125 0.0890625 0.11640625
1 0.440625 0.259375 0.11640625 0.09375
2 0.53671875 0.1765625 0.090625 0.11640625
2 0.3078125 0.359375 0.1015625 0.140625
2 0.1 0.46796875 0.121875 0.140625
2 0.0796875 0.6546875 0.13203125 0.20703125
2 0.15703125 0.76015625 0.121875 0.23203125
2 0.2703125 0.8 0.15390625 0.26640625
2 0.4125 0.68671875 0.13359375 0.246875
2 0.453125 0.89609375 0.14453125 0.20703125
2 0.5546875 0.9421875 0.17890625 0.1109375
2 0.48359375 0.4421875 0.1359375 0.1578125
2 0.62421875 0.80234375 0.1484375 0.221875
2 0.740625 0.89375 0.171875 0.2125
1 0.5171875 0.68515625 0.0734375 0.29375
1 0.4640625 0.6 0.096875 0.23671875
0 0.61875 0.60234375 0.14609375 0.2171875
3 0.7078125 0.3984375 0.17890625 0.1953125
3 0.9578125 0.425 0.084375 0.20234375
0 0.8703125 0.84453125 0.24296875 0.3109375
2 0.8640625 0.3125 0.10859375 0.1703125
2 0.740625 0.2578125 0.121875 0.165625