0 0.1671875 0.4 0.14609375 0.23671875
0 0.0796875 0.59296875 0.159375 0.340625
3 0.56875 0.378125 0.3234375 0.3953125
2 0.5078125 0.07421875 0.115625 0.1484375
2 0.434375 0.07421875 0.075 0.10390625
2 0.69765625 0.1015625 0.134375 0.20234375
2 0.8359375 0.0453125 0.146875 0.090625
2 0.4015625 0.22109375 0.1640625 0.18515625
2 0.28359375 0.43359375 0.146875 0.21484375
2 0.859375 0.2984375 0.22890625 0.23671875
2 0.65859375 0.453125 0.15 0.225
2 0.59140625 0.7875 0.278125 0.425
0 0.378125 0.60390625 0.23359375 0.3578125
1 0.2046875 0.821875 0.2015625 0.35078125
1 0.83359375 0.82109375 0.31953125 0.3578125