4 0.25 0.4234375 0.5 0.8421875
1 0.56328125 0.425 0.1265625 0.20703125
1 0.68828125 0.58515625 0.2234375 0.1875
1 0.51796875 0.65546875 0.103125 0.353125
1 0.3578125 0.41015625 0.12109375 0.07890625
2 0.44375 0.4359375 0.10703125 0.06640625
2 0.36015625 0.53203125 0.11796875 0.11640625
2 0.36484375 0.64296875 0.14296875 0.165625
2 0.33671875 0.89453125 0.2078125 0.2109375
2 0.76484375 0.340625 0.12109375 0.153125
2 0.80625 0.475 0.134375 0.140625
2 0.85703125 0.0546875 0.071875 0.0640625
2 0.8609375 0.16171875 0.08359375 0.11640625
2 0.946875 0.146875 0.09140625 0.1015625
2 0.8875 0.653125 0.18359375 0.2046875
2 0.96796875 0.5765625 0.0640625 0.1953125
1 0.93359375 0.91484375 0.1328125 0.1703125
2 0.828125 0.95625 0.159375 0.0875