4 0.21796875 0.121875 0.2046875 0.24375
4 0.1546875 0.3015625 0.30703125 0.60234375
2 0.78203125 0.1453125 0.053125 0.07890625
2 0.82734375 0.1296875 0.0625 0.071875
2 0.84765625 0.09140625 0.0625 0.04921875
0 0.85859375 0.04921875 0.05859375 0.07421875
0 0.93203125 0.0234375 0.071875 0.046875
0 0.91015625 0.08984375 0.07109375 0.09140625
0 0.9828125 0.08046875 0.034375 0.12109375
2 0.921875 0.1515625 0.065625 0.1015625
2 0.83828125 0.21484375 0.07109375 0.11328125
2 0.85859375 0.29765625 0.075 0.08671875
2 0.7265625 0.1125 0.06640625 0.08671875
2 0.71796875 0.16796875 0.0609375 0.11328125
2 0.659375 0.19375 0.06640625 0.10625
2 0.58203125 0.06640625 0.0640625 0.0890625
2 0.44609375 0.0875 0.05546875 0.08671875
2 0.5375 0.16875 0.075 0.0765625
2 0.4890625 0.20234375 0.0640625 0.0890625
0 0.78359375 0.3109375 0.0609375 0.10859375
0 0.81171875 0.375 0.07890625 0.13359375
0 0.7078125 0.3234375 0.0625 0.0890625
1 0.709375 0.39375 0.1125 0.15546875
1 0.653125 0.425 0.125 0.1484375
2 0.63359375 0.34296875 0.075 0.07890625
0 0.6046875 0.29140625 0.06796875 0.0984375
0 0.5359375 0.2765625 0.05859375 0.0984375
1 0.559375 0.334375 0.040625 0.140625
1 0.49609375 0.2984375 0.046875 0.10859375
2 0.46640625 0.34296875 0.071875 0.10390625
1 0.421875 0.21015625 0.096875 0.08359375
1 0.36640625 0.2421875 0.06640625 0.10859375
2 0.296875 0.17265625 0.0640625 0.08359375
2 0.23359375 0.31484375 0.0640625 0.09140625
0 0.334375 0.428125 0.07109375 0.1109375
2 0.29921875 0.3578125 0.0734375 0.0890625
2 0.26484375 0.4484375 0.0875 0.1015625
2 0.4734375 0.5578125 0.0859375 0.11875
1 0.33046875 0.50703125 0.078125 0.08125
1 0.27109375 0.50625 0.08359375 0.11328125
1 0.37421875 0.50234375 0.05703125 0.18515625
1 0.2484375 0.640625 0.08359375 0.165625
1 0.29765625 0.7578125 0.08203125 0.246875
0 0.67265625 0.53203125 0.084375 0.140625
3 0.89921875 0.3828125 0.1015625 0.153125
0 0.95859375 0.3359375 0.0828125 0.13125
0 0.94375 0.59296875 0.0984375 0.1578125
2 0.90625 0.56015625 0.07109375 0.1484375
2 0.6140625 0.78125 0.1140625 0.18046875