1 0.371875 0.3296875 0.10859375 0.08671875
2 0.40390625 0.44296875 0.128125 0.140625
1 0.3828125 0.58515625 0.059375 0.1828125
1 0.446875 0.59375 0.07109375 0.2546875
2 0.35078125 0.66015625 0.115625 0.2046875
2 0.2328125 0.7953125 0.12890625 0.246875
2 0.1171875 0.7984375 0.12109375 0.2546875
2 0.3953125 0.8359375 0.12109375 0.225
2 0.49296875 0.87890625 0.15546875 0.23671875
2 0.540625 0.671875 0.134375 0.19765625
0 0.5359375 0.52109375 0.121875 0.178125
3 0.6078125 0.353125 0.1625 0.1578125
3 0.875 0.28671875 0.171875 0.16796875
2 0.6359375 0.22734375 0.096875 0.128125
2 0.74140625 0.22578125 0.10859375 0.140625
2 0.66484375 0.7640625 0.165625 0.2640625
0 0.746875 0.640625 0.18046875 0.27890625
0 0.82109375 0.86171875 0.23359375 0.2765625
1 0.88125 0.7234375 0.2375 0.20234375
0 0.965625 0.5125 0.06796875 0.2546875