0 0.240625 0.046875 0.090625 0.09375
2 0.084375 0.40234375 0.1640625 0.20703125
2 0.13828125 0.2046875 0.140625 0.10859375
2 0.3765625 0.3234375 0.1140625 0.13359375
0 0.60078125 0.140625 0.14609375 0.2125
0 0.328125 0.46640625 0.19296875 0.246875
2 0.53515625 0.3234375 0.1625 0.16796875
2 0.49765625 0.5234375 0.1734375 0.2421875
2 0.3171875 0.73203125 0.1765625 0.33359375
2 0.15 0.66796875 0.23359375 0.24453125
2 0.72109375 0.27421875 0.171875 0.2125
2 0.85 0.16015625 0.2 0.22734375
2 0.69296875 0.80859375 0.33359375 0.3828125
2 0.796875 0.5640625 0.253125 0.33828125
0 0.1390625 0.8515625 0.271875 0.29609375
0 0.9453125 0.6421875 0.109375 0.4125
0 0.93984375 0.3421875 0.1203125 0.328125