0 0.61640625 0.56796875 0.203125 0.365625
0 0.51484375 0.42734375 0.1875 0.30625
2 0.4328125 0.325 0.1484375 0.23984375
2 0.340625 0.4875 0.14609375 0.21484375
0 0.209375 0.43125 0.15 0.2640625
2 0.01796875 0.80625 0.0359375 0.23984375
2 0.16171875 0.67265625 0.190625 0.24921875
2 0.1515625 0.875 0.21953125 0.24921875
2 0.5890625 0.259375 0.15546875 0.17265625
2 0.46796875 0.72734375 0.19140625 0.3484375
2 0.4328125 0.94296875 0.315625 0.11328125
2 0.9421875 0.34921875 0.115625 0.18515625
0 0.9375 0.7890625 0.125 0.421875