4 0.12890625 0.2625 0.2578125 0.521875
3 0.3796875 0.2515625 0.090625 0.0984375
1 0.334375 0.33125 0.0765625 0.1578125
1 0.23984375 0.51875 0.09296875 0.29140625
1 0.4 0.42734375 0.2140625 0.17265625
2 0.11640625 0.42734375 0.128125 0.0984375
2 0.10625 0.53671875 0.14609375 0.1359375
2 0.06796875 0.771875 0.1359375 0.27421875
0 0.0765625 0.921875 0.153125 0.15546875
2 0.5109375 0.225 0.11640625 0.128125
2 0.521875 0.3296875 0.115625 0.1109375
2 0.54765625 0.4578125 0.14296875 0.18515625
2 0.675 0.39609375 0.14453125 0.1703125
2 0.63828125 0.06640625 0.065625 0.10390625
2 0.71171875 0.05703125 0.0765625 0.08359375
2 0.78828125 0.22734375 0.1125 0.13359375
1 0.81484375 0.140625 0.115625 0.08359375
2 0.9828125 0.19765625 0.034375 0.11875
2 0.8546875 0.0578125 0.090625 0.1015625
1 0.61875 0.75703125 0.2984375 0.378125
0 0.64453125 0.646875 0.171875 0.25703125
2 0.4203125 0.84140625 0.184375 0.3171875
2 0.82734375 0.51875 0.17890625 0.22734375
2 0.97265625 0.5109375 0.05390625 0.20703125
0 0.88046875 0.80625 0.23046875 0.3875