0 0.090625 0.21171875 0.09921875 0.1078125
0 0.1671875 0.34453125 0.08671875 0.10625
0 0.184375 0.76796875 0.1078125 0.109375
0 0.175 0.875 0.07109375 0.090625
0 0.5265625 0.69296875 0.1234375 0.11796875
0 0.65625 0.7640625 0.11328125 0.10078125
0 0.72265625 0.66484375 0.1078125 0.14609375
0 0.8234375 0.77109375 0.11796875 0.1421875
0 0.78515625 0.8265625 0.12890625 0.153125
0 0.95546875 0.96015625 0.0890625 0.0796875
0 0.734375 0.52109375 0.09375 0.13203125
0 0.08359375 0.90859375 0.096875 0.0921875
3 0.5234375 0.41875 0.10625 0.1390625