0 0.6390625 0.2359375 0.065625 0.09375
3 0.3046875 0.31796875 0.06953125 0.08671875
0 0.19609375 0.06875 0.05703125 0.06796875
0 0.15 0.10390625 0.05234375 0.06953125
0 0.19140625 0.14609375 0.0484375 0.06953125
0 0.04296875 0.14609375 0.05859375 0.0765625
0 0.82265625 0.15625 0.059375 0.07265625
0 0.70234375 0.14609375 0.06640625 0.0765625
0 0.93515625 0.11640625 0.05546875 0.07265625
0 0.91875 0.2984375 0.0484375 0.0765625
0 0.84765625 0.2875 0.05859375 0.075
0 0.978125 0.38203125 0.04375 0.0796875
0 0.6765625 0.60703125 0.078125 0.08515625
0 0.49765625 0.5484375 0.07265625 0.1078125