0 0.521875 0.0703125 0.1140625 0.1359375
0 0.28671875 0.3 0.14296875 0.18515625
0 0.1140625 0.59296875 0.225 0.32109375
0 0.0359375 0.2546875 0.071875 0.19765625
2 0.115625 0.29296875 0.125 0.1703125
2 0.2734375 0.49140625 0.146875 0.19765625
2 0.1359375 0.771875 0.2140625 0.2890625
2 0.4203125 0.334375 0.134375 0.18046875
2 0.4609375 0.19609375 0.13359375 0.1453125
2 0.515625 0.4765625 0.24453125 0.19765625
2 0.62734375 0.3484375 0.16796875 0.23671875
2 0.62265625 0.14921875 0.134375 0.175
2 0.71328125 0.08984375 0.1015625 0.10625
2 0.9140625 0.06796875 0.171875 0.1359375
0 0.8328125 0.146875 0.1984375 0.2046875
0 0.796875 0.378125 0.23046875 0.35078125
0 0.4609375 0.65078125 0.1890625 0.2984375
0 0.3140625 0.79453125 0.246875 0.4109375
0 0.91953125 0.74140625 0.1609375 0.5171875
2 0.86953125 0.8765625 0.08046875 0.246875