0 0.828125 0.1875 0.059375 0.09375
0 0.03984375 0.5015625 0.07890625 0.11328125
0 0.07421875 0.4015625 0.0734375 0.1015625
0 0.134375 0.33203125 0.07890625 0.1109375
0 0.18828125 0.36171875 0.0765625 0.09609375
0 0.159375 0.4875 0.08046875 0.11640625
1 0.246875 0.375 0.07890625 0.08359375
0 0.25390625 0.4953125 0.0640625 0.11640625
2 0.3375 0.69296875 0.125 0.15078125
0 0.328125 0.42734375 0.065625 0.13828125
0 0.2890625 0.33359375 0.053125 0.0640625
0 0.29609375 0.253125 0.046875 0.08125
0 0.2375 0.2484375 0.05 0.071875
0 0.33828125 0.3 0.0515625 0.08671875
0 0.384375 0.340625 0.059375 0.10390625
0 0.38828125 0.43203125 0.07109375 0.10859375
0 0.41953125 0.21640625 0.046875 0.0765625
0 0.4703125 0.18359375 0.059375 0.071875
0 0.4796875 0.2484375 0.07109375 0.09140625
0 0.44140625 0.30703125 0.075 0.09609375
1 0.51328125 0.19296875 0.04296875 0.059375
0 0.46015625 0.39609375 0.07890625 0.12109375
0 0.528125 0.0953125 0.0359375 0.05703125
2 0.553125 0.11328125 0.04453125 0.03984375
0 0.71328125 0.13671875 0.05390625 0.09140625
0 0.6625 0.125 0.05 0.1109375
0 0.60390625 0.1484375 0.05859375 0.10390625
0 0.58828125 0.221875 0.05390625 0.09375
0 0.609375 0.253125 0.05703125 0.09609375
2 0.64296875 0.1984375 0.0640625 0.06171875
0 0.67421875 0.26328125 0.0625 0.08671875
0 0.6671875 0.33125 0.06796875 0.10390625
1 0.9421875 0.328125 0.0875 0.11328125
0 0.88828125 0.2359375 0.0765625 0.1359375
1 0.796875 0.278125 0.10859375 0.15546875
1 0.725 0.20859375 0.11640625 0.071875
0 0.8671875 0.34296875 0.0875 0.153125
0 0.95859375 0.21875 0.0828125 0.128125
0 0.04296875 0.64296875 0.0859375 0.16015625
1 0.76328125 0.38125 0.1015625 0.15546875
1 0.7 0.40703125 0.0890625 0.13359375
0 0.759375 0.51953125 0.1234375 0.175
0 0.64296875 0.43125 0.0890625 0.18515625
0 0.5078125 0.4765625 0.09609375 0.1578125
1 0.5734375 0.44296875 0.075 0.15078125
1 0.196875 0.5234375 0.075 0.10390625
0 0.20859375 0.63671875 0.071875 0.11875
0 0.1703125 0.68515625 0.07890625 0.1359375
1 0.18359375 0.77890625 0.178125 0.2640625
0 0.24609375 0.78125 0.1109375 0.2
1 0.2875 0.60234375 0.0890625 0.14296875
0 0.4140625 0.8421875 0.153125 0.28671875
1 0.484375 0.63125 0.175 0.1359375
1 0.46328125 0.76015625 0.15390625 0.22734375
1 0.734375 0.71484375 0.121875 0.26875
0 0.2125 0.95546875 0.14140625 0.0890625
0 0.60859375 0.7640625 0.146875 0.26875
0 0.62109375 0.9359375 0.19140625 0.128125
0 0.9453125 0.6125 0.109375 0.28125