1 0.31171875 0.70703125 0.115625 0.21484375
1 0.76640625 0.79453125 0.4328125 0.4109375
1 0.5109375 0.8015625 0.553125 0.39296875
0 0.9578125 0.57421875 0.084375 0.2890625
0 0.80546875 0.56015625 0.21953125 0.2765625
2 0.57265625 0.57421875 0.215625 0.23984375
2 0.7203125 0.23671875 0.1375 0.1578125
2 0.859375 0.2109375 0.15546875 0.18046875
2 0.90546875 0.13984375 0.146875 0.15546875
1 0.934375 0.0515625 0.128125 0.103125
2 0.828125 0.04296875 0.115625 0.0859375
2 0.6234375 0.03828125 0.1 0.0765625
2 0.575 0.21484375 0.125 0.13828125
2 0.02578125 0.88359375 0.0515625 0.23203125
2 0.221875 0.3984375 0.1234375 0.175
1 0.36484375 0.3546875 0.21796875 0.234375
0 0.384375 0.2765625 0.12890625 0.14296875
0 0.5390625 0.365625 0.15546875 0.20703125
2 0.4875 0.128125 0.1140625 0.13828125
2 0.375 0.16875 0.11953125 0.11640625
2 0.396875 0.02734375 0.090625 0.0546875
2 0.384375 0.08515625 0.096875 0.0765625
1 0.259375 0.1453125 0.1625 0.128125
1 0.221875 0.07421875 0.0859375 0.0890625
1 0.128125 0.19609375 0.0875 0.18515625
2 0.040625 0.1921875 0.08125 0.11875