2 0.9296875 0.03125 0.140625 0.06171875
0 0.3796875 0.059375 0.07890625 0.09375
0 0.3515625 0.23203125 0.096875 0.16796875
2 0.453125 0.078125 0.09609375 0.0765625
2 0.359375 0.13359375 0.0765625 0.09375
0 0.271875 0.18125 0.0859375 0.140625
2 0.271875 0.26171875 0.08203125 0.13359375
0 0.56875 0.14453125 0.109375 0.2890625
0 0.67578125 0.159375 0.1265625 0.21015625
1 0.70234375 0.32734375 0.22890625 0.23984375
1 0.89375 0.66171875 0.2125 0.6765625
1 0.92265625 0.40859375 0.15390625 0.27421875
0 0.9515625 0.17734375 0.096875 0.2609375
2 0.55 0.6171875 0.20546875 0.29609375
2 0.55546875 0.8640625 0.275 0.271875