1 0.7328125 0.05078125 0.090625 0.1015625
1 0.9265625 0.20390625 0.146875 0.3796875
2 0.79453125 0.1453125 0.178125 0.2125
0 0.65859375 0.33359375 0.25 0.38984375
1 0.7625 0.321875 0.18359375 0.46640625
0 0.559375 0.17890625 0.20546875 0.34296875
1 0.4625 0.22578125 0.1 0.27890625
1 0.40625 0.0953125 0.0765625 0.18984375
0 0.3 0.034375 0.096875 0.06875
2 0.3140625 0.1421875 0.1359375 0.1953125
1 0.35546875 0.40234375 0.1390625 0.25703125
2 0.25703125 0.35078125 0.153125 0.221875
0 0.178125 0.553125 0.27109375 0.4984375
0 0.04921875 0.56015625 0.0984375 0.44453125
2 0.134375 0.80703125 0.2109375 0.29609375
1 0.3328125 0.7171875 0.2125 0.3578125
1 0.69453125 0.77421875 0.5109375 0.43671875
1 0.71953125 0.76875 0.5609375 0.46171875
1 0.21328125 0.94140625 0.3328125 0.1171875