0 0.840625 0.35546875 0.13359375 0.19296875
1 0.8984375 0.18046875 0.13046875 0.1828125
1 0.93828125 0.25546875 0.1234375 0.140625
1 0.4546875 0.81953125 0.09609375 0.36015625
1 0.540625 0.7484375 0.165625 0.2765625
1 0.54375 0.859375 0.18203125 0.28125
1 0.68203125 0.8703125 0.15859375 0.2046875
1 0.81484375 0.85546875 0.209375 0.24453125
1 0.859375 0.75546875 0.2484375 0.271875
1 0.953125 0.59375 0.09296875 0.165625
1 0.9171875 0.48515625 0.165625 0.165625
1 0.678125 0.6828125 0.1859375 0.2
1 0.61484375 0.5828125 0.11796875 0.23203125
1 0.60625 0.52578125 0.134375 0.2125
1 0.696875 0.51328125 0.09140625 0.20703125
1 0.75703125 0.4890625 0.096875 0.20703125
1 0.828125 0.45546875 0.1 0.12109375
1 0.5890625 0.3578125 0.13359375 0.11328125