2 0.0359375 0.3125 0.071875 0.2640625
0 0.0875 0.16328125 0.15859375 0.30625
0 0.225 0.09140625 0.15 0.17265625
0 0.22734375 0.28359375 0.14609375 0.271875
0 0.3515625 0.22734375 0.153125 0.22734375
2 0.2671875 0.43984375 0.1625 0.17265625
2 0.4390625 0.025 0.13046875 0.04921875
0 0.665625 0.06640625 0.190625 0.1328125
1 0.44453125 0.26015625 0.225 0.3828125
1 0.5953125 0.28515625 0.265625 0.4171875
1 0.7578125 0.42578125 0.30390625 0.5109375
0 0.953125 0.28359375 0.09296875 0.35078125
2 0.5140625 0.71484375 0.2609375 0.42734375
2 0.796875 0.79140625 0.365625 0.4171875