0 0.425 0.12734375 0.0890625 0.12109375
2 0.846875 0.275 0.14453125 0.1953125
2 0.9453125 0.43046875 0.109375 0.2203125
2 0.81484375 0.46328125 0.1484375 0.15546875
2 0.74296875 0.3453125 0.075 0.13359375
0 0.70546875 0.08125 0.09453125 0.14296875
0 0.77421875 0.1125 0.109375 0.165625
0 0.7140625 0.22578125 0.0859375 0.09140625
0 0.6046875 0.2109375 0.09296875 0.10625
0 0.5671875 0.11484375 0.08203125 0.1359375
0 0.49375 0.20703125 0.10703125 0.1484375
0 0.678125 0.41953125 0.1875 0.29609375
0 0.62265625 0.6171875 0.1734375 0.2765625
0 0.3453125 0.25078125 0.084375 0.1109375
0 0.2078125 0.2296875 0.0765625 0.09375
0 0.23515625 0.328125 0.0875 0.1484375
2 0.05390625 0.37734375 0.1078125 0.1234375
2 0.24375 0.25546875 0.08203125 0.071875
2 0.4140625 0.2125 0.075 0.11328125
2 0.39375 0.353125 0.09296875 0.16796875
0 0.33203125 0.40859375 0.096875 0.18984375
0 0.1796875 0.46171875 0.12109375 0.14296875
0 0.2265625 0.73125 0.1640625 0.2765625
0 0.22109375 0.8984375 0.16640625 0.19765625
1 0.5203125 0.2875 0.115625 0.16015625
1 0.4671875 0.40234375 0.07109375 0.1578125
1 0.2671875 0.41875 0.0734375 0.18984375
1 0.209375 0.57265625 0.065625 0.178125
1 0.29609375 0.6109375 0.10546875 0.12578125
2 0.11796875 0.628125 0.1140625 0.2046875
2 0.03984375 0.8359375 0.07890625 0.18515625
2 0.41015625 0.746875 0.13203125 0.21015625
1 0.3265625 0.84921875 0.10546875 0.3015625
1 0.46328125 0.61328125 0.1875 0.1359375
1 0.75078125 0.66015625 0.2015625 0.33828125
1 0.9078125 0.63359375 0.1765625 0.26875
1 0.4890625 0.83828125 0.13046875 0.3234375
1 0.79921875 0.90078125 0.3296875 0.1984375
1 0.58359375 0.88125 0.10546875 0.23671875