0 0.20546875 0.86015625 0.06640625 0.0953125
0 0.39453125 0.8390625 0.06796875 0.1234375
0 0.5796875 0.61015625 0.0765625 0.06796875
0 0.75 0.7078125 0.08828125 0.11640625
0 0.76328125 0.93671875 0.06953125 0.109375
0 0.76171875 0.83828125 0.04375 0.10078125
0 0.56171875 0.41640625 0.0609375 0.09375
0 0.6125 0.3453125 0.065625 0.08671875
0 0.53203125 0.1234375 0.06953125 0.0796875
0 0.44453125 0.17109375 0.0625 0.075
0 0.425 0.23203125 0.059375 0.078125
0 0.4 0.34375 0.06640625 0.090625
0 0.26953125 0.30625 0.06953125 0.10625
0 0.14609375 0.33828125 0.09921875 0.0796875
0 0.0359375 0.47421875 0.071875 0.1171875