4 0.18515625 0.25703125 0.36796875 0.51328125
2 0.28828125 0.23828125 0.1265625 0.08671875
0 0.340625 0.2984375 0.090625 0.1234375
1 0.221875 0.425 0.21953125 0.28125
1 0.271875 0.49140625 0.13046875 0.2515625
1 0.35703125 0.465625 0.125 0.27421875
1 0.3875 0.14453125 0.078125 0.15546875
1 0.4875 0.08125 0.1390625 0.10390625
2 0.59453125 0.065625 0.096875 0.1015625
2 0.55859375 0.21328125 0.11953125 0.16015625
0 0.6875 0.11484375 0.103125 0.12109375
2 0.68828125 0.03359375 0.1015625 0.06640625
1 0.6203125 0.1578125 0.065625 0.11875
1 0.684375 0.2015625 0.140625 0.165625
2 0.55 0.5296875 0.18046875 0.21953125
0 0.81953125 0.13359375 0.125 0.1578125
2 0.90625 0.046875 0.12109375 0.09375
2 0.890625 0.221875 0.15390625 0.1234375
1 0.78125 0.35078125 0.1015625 0.13359375
1 0.88046875 0.36640625 0.203125 0.31875
1 0.103125 0.646875 0.1015625 0.26640625
1 0.13125 0.83046875 0.228125 0.3390625
0 0.97421875 0.51015625 0.0515625 0.2640625
2 0.278125 0.14921875 0.09453125 0.09140625