0 0.7140625 0.41484375 0.04609375 0.05390625
0 0.65703125 0.39921875 0.04765625 0.05234375
0 0.5640625 0.41171875 0.04296875 0.04375
0 0.4984375 0.43125 0.040625 0.05390625
0 0.5078125 0.371875 0.04921875 0.04765625
0 0.3046875 0.271875 0.04609375 0.04765625
0 0.3015625 0.48671875 0.053125 0.05234375
0 0.39140625 0.68828125 0.06640625 0.07265625
0 0.38515625 0.765625 0.059375 0.08984375
0 0.278125 0.928125 0.0578125 0.06484375
0 0.284375 0.86484375 0.059375 0.0875
0 0.20390625 0.94921875 0.04921875 0.06875
0 0.1578125 0.85859375 0.04921875 0.07109375
0 0.1140625 0.91171875 0.04765625 0.06484375
0 0.28671875 0.634375 0.0546875 0.05625
0 0.2421875 0.64140625 0.040625 0.04609375
0 0.03359375 0.84296875 0.059375 0.08125
0 0.040625 0.76171875 0.0546875 0.06875
0 0.26875 0.31015625 0.053125 0.0625
0 0.20078125 0.45 0.04296875 0.075
0 0.11875 0.434375 0.053125 0.06015625
0 0.10546875 0.34375 0.0546875 0.04609375
0 0.09609375 0.26875 0.04609375 0.05
0 0.0328125 0.33515625 0.04765625 0.0625
0 0.0453125 0.44609375 0.06328125 0.05