0 0.10390625 0.53671875 0.10859375 0.15078125
2 0.484375 0.228125 0.07890625 0.1015625
2 0.47109375 0.40859375 0.10546875 0.13125
2 0.38046875 0.40390625 0.08359375 0.1109375
1 0.32890625 0.36328125 0.096875 0.10859375
0 0.31171875 0.53984375 0.12890625 0.12578125
0 0.35859375 0.72109375 0.10859375 0.19765625
1 0.0328125 0.559375 0.065625 0.140625
2 0.02109375 0.8484375 0.0390625 0.15078125
2 0.296875 0.8875 0.17109375 0.225
2 0.225 0.58125 0.096875 0.16015625
1 0.29609375 0.61640625 0.1609375 0.1453125
2 0.465625 0.56328125 0.1109375 0.17265625
2 0.56015625 0.659375 0.12109375 0.19765625
2 0.70078125 0.7109375 0.1625 0.246875
2 0.83671875 0.62734375 0.16796875 0.2421875
2 0.9140625 0.8625 0.171875 0.275
2 0.8578125 0.4015625 0.15390625 0.16015625
2 0.64765625 0.30859375 0.10703125 0.153125
1 0.965625 0.6359375 0.06796875 0.2890625
1 0.91171875 0.51328125 0.14296875 0.2765625
1 0.77109375 0.23359375 0.13359375 0.1015625
2 0.871875 0.16015625 0.10546875 0.1234375
2 0.703125 0.08515625 0.071875 0.10625