0 0.11875 0.1109375 0.0625 0.08359375
1 0.928125 0.51328125 0.11640625 0.3359375
1 0.9078125 0.28125 0.090625 0.10859375
2 0.96328125 0.33203125 0.0734375 0.1703125
2 0.9640625 0.47890625 0.071875 0.1875
0 0.72265625 0.09765625 0.084375 0.1109375
0 0.7078125 0.16015625 0.07890625 0.09375
0 0.91640625 0.19609375 0.1390625 0.1359375
0 0.78515625 0.19765625 0.10390625 0.1234375
1 0.70625 0.2296875 0.134375 0.14296875
0 0.81875 0.36171875 0.1125 0.1953125
0 0.70234375 0.31953125 0.0984375 0.18515625
1 0.60859375 0.26171875 0.096875 0.153125
1 0.64765625 0.3359375 0.084375 0.19296875
0 0.4328125 0.09140625 0.084375 0.14296875
0 0.3671875 0.1578125 0.0734375 0.0984375
0 0.21328125 0.10390625 0.08203125 0.10390625
2 0.5796875 0.046875 0.10703125 0.09375
0 0.05859375 0.22734375 0.0859375 0.13828125
2 0.4 0.228125 0.09140625 0.1453125
2 0.42265625 0.346875 0.1015625 0.165625
2 0.31953125 0.33828125 0.1 0.1234375
0 0.23046875 0.26796875 0.10859375 0.18046875
0 0.125 0.3953125 0.121875 0.16796875
1 0.79921875 0.57265625 0.115625 0.35078125
1 0.721875 0.4953125 0.28203125 0.2
0 0.459375 0.53828125 0.1375 0.20703125
2 0.5890625 0.778125 0.1890625 0.28125
1 0.653125 0.70625 0.221875 0.32109375
1 0.77578125 0.90625 0.365625 0.1875
1 0.3203125 0.41953125 0.1265625 0.13828125
1 0.1671875 0.46328125 0.17109375 0.21953125
1 0.03828125 0.51015625 0.0765625 0.26875
1 0.1015625 0.70859375 0.128125 0.19296875
1 0.1953125 0.86640625 0.190625 0.2421875
1 0.37421875 0.77265625 0.1234375 0.44453125
1 0.303125 0.821875 0.175 0.35546875
0 0.13671875 0.9359375 0.17109375 0.128125
2 0.3015625 0.2484375 0.06953125 0.08125
2 0.12109375 0.1953125 0.06953125 0.13359375