1 0.32578125 0.521875 0.07890625 0.234375
1 0.69375 0.84140625 0.23125 0.3171875
1 0.809375 0.8234375 0.25 0.353125
1 0.85703125 0.6046875 0.2859375 0.23671875
1 0.49453125 0.4359375 0.14140625 0.225
1 0.5640625 0.42578125 0.10859375 0.12578125
1 0.6328125 0.57890625 0.16796875 0.31875
1 0.92890625 0.41015625 0.14140625 0.2515625
1 0.7703125 0.4828125 0.17890625 0.27421875
1 0.41875 0.5234375 0.1984375 0.2765625
1 0.59375 0.3515625 0.13203125 0.18984375
1 0.446875 0.19140625 0.1140625 0.11640625
1 0.47109375 0.27421875 0.16953125 0.20234375
1 0.59609375 0.1984375 0.128125 0.1015625
1 0.790625 0.24453125 0.24296875 0.13828125
1 0.746875 0.17421875 0.20546875 0.11640625
0 0.625 0.1046875 0.0890625 0.140625
1 0.7296875 0.05546875 0.1234375 0.1109375
0 0.834375 0.08515625 0.1125 0.16015625