0 0.58359375 0.134375 0.065625 0.0921875
0 0.71875 0.15859375 0.08515625 0.10625
0 0.65390625 0.1984375 0.0921875 0.11640625
0 0.728125 0.2609375 0.078125 0.10234375
0 0.80546875 0.159375 0.0765625 0.1078125
0 0.81640625 0.275 0.05546875 0.06796875
0 0.80625 0.34921875 0.0609375 0.06953125
0 0.884375 0.37421875 0.08671875 0.1125
0 0.940625 0.44453125 0.09375 0.1109375
0 0.8984375 0.196875 0.08984375 0.13046875
0 0.96875 0.275 0.0625 0.10625
0 0.50625 0.6046875 0.10390625 0.13046875
3 0.61328125 0.4765625 0.10625 0.1265625
3 0.23046875 0.69765625 0.1265625 0.18046875