3 0.584375 0.334375 0.3 0.52109375
0 0.50390625 0.134375 0.14453125 0.1953125
0 0.421875 0.10234375 0.109375 0.12109375
0 0.41640625 0.2984375 0.11640625 0.246875
0 0.81484375 0.43203125 0.2484375 0.36015625
1 0.32890625 0.2125 0.19453125 0.17265625
1 0.21328125 0.140625 0.1125 0.13359375
2 0.090625 0.146875 0.0984375 0.09609375
2 0.34453125 0.07265625 0.11640625 0.09140625
2 0.77265625 0.10390625 0.1734375 0.19296875
2 0.67734375 0.21640625 0.11796875 0.11640625
1 0.5796875 0.465625 0.2734375 0.1453125
2 0.94921875 0.73671875 0.1015625 0.40703125
2 0.2671875 0.7875 0.1734375 0.33125
0 0.190625 0.7296875 0.25859375 0.378125
0 0.16015625 0.2765625 0.134375 0.2171875