0 0.23671875 0.38359375 0.06796875 0.08125
0 0.159375 0.36875 0.053125 0.071875
0 0.18515625 0.4125 0.059375 0.06875
0 0.28515625 0.43984375 0.1015625 0.0984375
0 0.20390625 0.49140625 0.05859375 0.0890625
0 0.1578125 0.4875 0.06796875 0.08671875
0 0.121875 0.5453125 0.065625 0.09375
0 0.478125 0.28046875 0.059375 0.06171875
2 0.48203125 0.3234375 0.05859375 0.0546875
1 0.43671875 0.475 0.07890625 0.13125
1 0.49140625 0.3953125 0.05859375 0.0890625
1 0.55234375 0.334375 0.05390625 0.08671875
1 0.571875 0.38671875 0.05546875 0.1015625
1 0.528125 0.44296875 0.0640625 0.09609375
1 0.48125 0.50859375 0.06796875 0.0984375
1 0.5546875 0.53671875 0.07109375 0.1109375
1 0.49921875 0.5765625 0.07890625 0.1359375
1 0.80390625 0.246875 0.075 0.07421875
0 0.75234375 0.26875 0.065625 0.11875
0 0.65625 0.378125 0.07109375 0.09375
0 0.7515625 0.4359375 0.09140625 0.12109375
0 0.6734375 0.434375 0.075 0.11875
0 0.746875 0.5421875 0.07890625 0.15078125
0 0.80078125 0.49609375 0.06796875 0.128125
0 0.8453125 0.40234375 0.0765625 0.128125
0 0.934375 0.3953125 0.0734375 0.128125
0 0.9859375 0.2890625 0.028125 0.10859375
0 0.66328125 0.5828125 0.084375 0.1484375
0 0.8171875 0.6 0.0984375 0.178125
0 0.91875 0.56640625 0.0984375 0.1703125
0 0.8984375 0.66640625 0.103125 0.19296875
0 0.98125 0.59375 0.0375 0.18984375
0 0.7546875 0.67265625 0.084375 0.15078125
0 0.6703125 0.70703125 0.1015625 0.1953125
0 0.97734375 0.78046875 0.0453125 0.1609375
2 0.9046875 0.7765625 0.1265625 0.18046875
2 0.98359375 0.92578125 0.0328125 0.1484375
2 0.384375 0.6 0.0984375 0.1234375
0 0.31015625 0.6 0.08203125 0.1234375
1 0.31953125 0.49375 0.1359375 0.08359375
1 0.30390625 0.53828125 0.09453125 0.07890625
0 0.28125 0.68515625 0.090625 0.1359375
0 0.26640625 0.79296875 0.11640625 0.153125
1 0.4921875 0.6875 0.19609375 0.11640625
0 0.23671875 0.56796875 0.05703125 0.10859375
0 0.178125 0.58515625 0.0609375 0.09375
0 0.059375 0.5515625 0.0609375 0.08125
0 0.0234375 0.48125 0.046875 0.10859375
0 0.11328125 0.6546875 0.084375 0.14296875
0 0.034375 0.68046875 0.06875 0.1328125
0 0.04140625 0.81640625 0.0828125 0.1734375
0 0.54609375 0.77421875 0.146875 0.21015625
1 0.60859375 0.734375 0.078125 0.27421875
1 0.35390625 0.8890625 0.128125 0.221875
1 0.28359375 0.9046875 0.121875 0.11640625
1 0.696875 0.93828125 0.1734375 0.1234375
1 0.5515625 0.89296875 0.1359375 0.1015625
1 0.40390625 0.9625 0.1015625 0.075
0 0.12734375 0.9296875 0.1484375 0.140625
0 0.63046875 0.96015625 0.103125 0.07890625
0 0.52109375 0.95078125 0.11953125 0.0984375