1 0.56484375 0.28125 0.040625 0.128125
2 0.16328125 0.475 0.0734375 0.1109375
0 0.8546875 0.8578125 0.22890625 0.28359375
0 0.88203125 0.68125 0.16953125 0.25703125
1 0.7765625 0.6 0.10546875 0.09375
1 0.79296875 0.546875 0.25 0.15546875
1 0.628125 0.54453125 0.15703125 0.11640625
2 0.7328125 0.71328125 0.14296875 0.23671875
2 0.6046875 0.61640625 0.1265625 0.18046875
1 0.15078125 0.9359375 0.22890625 0.128125
0 0.746875 0.43671875 0.1109375 0.153125
0 0.85234375 0.43203125 0.11796875 0.19296875
2 0.79296875 0.33671875 0.10859375 0.09140625
1 0.77890625 0.29375 0.08046875 0.14296875
1 0.91875 0.246875 0.14609375 0.14296875
1 0.83125 0.15703125 0.1265625 0.1109375
2 0.653125 0.3984375 0.13203125 0.12109375
0 0.628125 0.33359375 0.0875 0.13359375
0 0.72890625 0.175 0.08359375 0.153125
0 0.05546875 0.84921875 0.10859375 0.221875
2 0.06875 0.6953125 0.10390625 0.2046875
0 0.0265625 0.6015625 0.053125 0.10625
0 0.17578125 0.59765625 0.09609375 0.13828125
0 0.48671875 0.56875 0.1125 0.18515625
0 0.3765625 0.521875 0.0859375 0.15546875
1 0.38203125 0.41328125 0.075 0.0765625
1 0.32109375 0.42109375 0.06640625 0.12109375
0 0.4234375 0.38515625 0.078125 0.11875
2 0.26484375 0.5484375 0.0875 0.1484375
2 0.0828125 0.51953125 0.0875 0.11640625
0 0.04765625 0.453125 0.065625 0.11640625
0 0.25078125 0.40859375 0.06796875 0.09609375
0 0.2015625 0.328125 0.0640625 0.07890625
1 0.4453125 0.2828125 0.090625 0.08671875
1 0.44296875 0.228125 0.096875 0.0765625
0 0.53203125 0.23671875 0.096875 0.16328125
2 0.72890625 0.034375 0.075 0.06875
0 0.63125 0.16328125 0.0515625 0.0890625
0 0.27890625 0.3015625 0.0640625 0.10859375
2 0.20234375 0.79140625 0.140625 0.21015625
0 0.5078125 0.075 0.04296875 0.09609375