2 0.1859375 0.59140625 0.0140625 0.00703125
2 0.07578125 0.1546875 0.090625 0.0765625
0 0.06328125 0.30234375 0.1265625 0.34296875
0 0.66875 0.31875 0.2265625 0.3015625
2 0.21796875 0.10703125 0.15 0.11640625
2 0.2265625 0.33984375 0.19140625 0.21953125
2 0.615625 0.20859375 0.15859375 0.21484375
2 0.840625 0.1421875 0.2140625 0.18515625
2 0.8921875 0.34453125 0.215625 0.27421875
2 0.515625 0.671875 0.2859375 0.44921875
2 0.76484375 0.6046875 0.24609375 0.3359375
0 0.709375 0.7859375 0.578125 0.428125