1 0.671875 0.21015625 0.0515625 0.11328125
1 0.665625 0.2890625 0.09296875 0.07890625
1 0.634375 0.11015625 0.06796875 0.1015625
1 0.32734375 0.90234375 0.09609375 0.1953125
1 0.24609375 0.6953125 0.20859375 0.30859375
1 0.1734375 0.6421875 0.19453125 0.1875
1 0.88671875 0.7765625 0.2265625 0.31875
1 0.9015625 0.634375 0.196875 0.25703125
1 0.8859375 0.553125 0.228125 0.19296875
1 0.653125 0.36796875 0.1765625 0.1484375
1 0.8765625 0.4375 0.246875 0.140625
1 0.70703125 0.61484375 0.121875 0.35546875
1 0.62265625 0.565625 0.10390625 0.2515625
1 0.51640625 0.59296875 0.2 0.2421875
1 0.93515625 0.234375 0.12890625 0.13359375
1 0.91640625 0.1171875 0.1359375 0.165625
1 0.5765625 0.21328125 0.078125 0.06640625
1 0.56640625 0.178125 0.0859375 0.0546875
1 0.51015625 0.38359375 0.12109375 0.234375
1 0.4171875 0.425 0.15703125 0.2125
1 0.42421875 0.26796875 0.14296875 0.16015625
0 0.38671875 0.52578125 0.134375 0.2515625
0 0.33359375 0.31953125 0.0859375 0.16015625
1 0.27109375 0.38125 0.09453125 0.21015625
1 0.2359375 0.3 0.125 0.12578125
1 0.1859375 0.20390625 0.13046875 0.24921875
1 0.4390625 0.10234375 0.146875 0.09609375
0 0.25546875 0.1890625 0.08046875 0.13125
0 0.21328125 0.09609375 0.0625 0.08359375
0 0.32265625 0.1546875 0.07109375 0.11640625
0 0.3734375 0.06796875 0.0640625 0.1015625
0 0.371875 0.16875 0.0640625 0.11640625
1 0.5546875 0.059375 0.0625 0.11875
1 0.73203125 0.121875 0.096875 0.1703125
1 0.83828125 0.053125 0.14609375 0.10625
1 0.828125 0.15546875 0.084375 0.10859375
1 0.040625 0.5703125 0.08046875 0.178125
2 0.11015625 0.45546875 0.12890625 0.1359375