2 0.62265625 0.56953125 0.0578125 0.08984375
2 0.70625 0.571875 0.06171875 0.08515625
2 0.65078125 0.51484375 0.0734375 0.09140625
2 0.7140625 0.49375 0.08046875 0.09609375
2 0.92265625 0.21875 0.04609375 0.07109375
2 0.85234375 0.26015625 0.0703125 0.06640625
2 0.8140625 0.33125 0.06484375 0.0875
2 0.88671875 0.38046875 0.0734375 0.07734375
2 0.95703125 0.34765625 0.06484375 0.0875
2 0.978125 0.40546875 0.04375 0.0796875
2 0.5984375 0.39140625 0.059375 0.08359375
2 0.5984375 0.4625 0.059375 0.08359375
2 0.70703125 0.65390625 0.0703125 0.1
2 0.6671875 0.78515625 0.078125 0.1125
2 0.5203125 0.52265625 0.0578125 0.0875
2 0.840625 0.67890625 0.06640625 0.09140625
2 0.9734375 0.68671875 0.053125 0.09375
2 0.97734375 0.8046875 0.0453125 0.10625
2 0.24609375 0.72734375 0.078125 0.1125
0 0.20234375 0.23515625 0.0703125 0.0875