0 0.0375 0.12109375 0.075 0.1828125
0 0.1203125 0.0703125 0.08203125 0.140625
0 0.1578125 0.0984375 0.08203125 0.13828125
2 0.25703125 0.2234375 0.14453125 0.1453125
2 0.178125 0.434375 0.165625 0.25703125
2 0.065625 0.55703125 0.13125 0.2578125
2 0.22265625 0.6296875 0.16796875 0.36015625
0 0.2984375 0.37421875 0.15546875 0.2640625
0 0.359375 0.4640625 0.1640625 0.26171875
1 0.36484375 0.7484375 0.29296875 0.4546875
0 0.084375 0.84921875 0.16796875 0.3015625
2 0.56015625 0.9390625 0.2140625 0.121875
2 0.496875 0.36171875 0.2140625 0.225
2 0.68671875 0.0875 0.134375 0.140625
0 0.81484375 0.0890625 0.16796875 0.178125
2 0.934375 0.1296875 0.13046875 0.12578125
2 0.890625 0.2578125 0.215625 0.24921875