0 0.775 0.8890625 0.10625 0.14609375
0 0.78515625 0.52890625 0.05859375 0.10234375
0 0.6578125 0.8640625 0.1078125 0.16484375
0 0.7265625 0.77265625 0.08359375 0.06953125
0 0.54453125 0.7921875 0.109375 0.10625
0 0.6015625 0.64375 0.0921875 0.1734375
0 0.59296875 0.4125 0.06953125 0.1125
0 0.6421875 0.51328125 0.07421875 0.1234375
0 0.41875 0.753125 0.15078125 0.1109375
0 0.30859375 0.61015625 0.08984375 0.17890625
0 0.3046875 0.378125 0.046875 0.0765625
0 0.425 0.2421875 0.08203125 0.0953125
0 0.3125 0.1296875 0.07421875 0.10234375
0 0.09921875 0.32109375 0.07421875 0.10390625
0 0.05546875 0.228125 0.0625 0.0953125
0 0.08515625 0.16328125 0.08203125 0.1078125
0 0.1609375 0.0484375 0.0609375 0.05546875
0 0.23671875 0.109375 0.04375 0.0796875
0 0.2609375 0.18671875 0.0640625 0.10234375