0 0.26875 0.2046875 0.0765625 0.1078125
0 0.196875 0.2046875 0.06640625 0.0765625
0 0.20234375 0.05546875 0.05546875 0.10078125
0 0.02421875 0.103125 0.0484375 0.046875
0 0.10234375 0.128125 0.05703125 0.0625
0 0.09765625 0.21171875 0.059375 0.07265625
0 0.17890625 0.290625 0.05703125 0.0921875
0 0.18125 0.38203125 0.06953125 0.0796875
0 0.10546875 0.3140625 0.05703125 0.08671875
0 0.04609375 0.3703125 0.06953125 0.10234375
0 0.10546875 0.4453125 0.05390625 0.08125
0 0.5921875 0.0234375 0.08203125 0.046875
0 0.62109375 0.08671875 0.06953125 0.090625
0 0.80703125 0.4953125 0.07421875 0.0953125
0 0.890625 0.39765625 0.09921875 0.13203125
3 0.2859375 0.73125 0.0953125 0.15625