3 0.396875 0.26328125 0.05 0.05859375
3 0.540625 0.43046875 0.05390625 0.065625
1 0.18359375 0.74921875 0.17265625 0.14453125
1 0.76875 0.609375 0.06328125 0.06328125
1 0.36171875 0.3734375 0.1296875 0.05625
1 0.3375 0.29765625 0.09765625 0.103125
0 0.07734375 0.40625 0.04921875 0.05703125
0 0.06796875 0.3515625 0.0296875 0.04296875
0 0.24140625 0.15390625 0.02421875 0.0453125
0 0.43203125 0.2390625 0.03984375 0.0609375
0 0.43125 0.1984375 0.03671875 0.05078125
0 0.4 0.1953125 0.02890625 0.040625
0 0.34765625 0.2640625 0.03125 0.0609375
3 0.26328125 0.37578125 0.0609375 0.05859375
3 0.34140625 0.6046875 0.07421875 0.1
3 0.6671875 0.759375 0.07109375 0.128125
3 0.6796875 0.634375 0.0796875 0.13046875