2 0.86015625 0.62421875 0.03203125 0.04609375
0 0.853125 0.91796875 0.04765625 0.08515625
0 0.60625 0.97890625 0.05234375 0.04140625
0 0.57421875 0.93984375 0.0328125 0.06328125
0 0.521875 0.8265625 0.03203125 0.0609375
0 0.4359375 0.8859375 0.0484375 0.08671875
0 0.08828125 0.56640625 0.03828125 0.05625
0 0.04453125 0.52890625 0.04140625 0.05546875
0 0.03828125 0.42109375 0.03046875 0.07109375
0 0.24296875 0.34296875 0.0296875 0.05390625
0 0.29609375 0.3890625 0.034375 0.04296875
0 0.43359375 0.38125 0.028125 0.04140625
0 0.50234375 0.44140625 0.03203125 0.04140625