3 0.4015625 0.47890625 0.04453125 0.04453125
3 0.47734375 0.809375 0.06640625 0.1109375
0 0.50078125 0.07890625 0.02109375 0.03046875
0 0.5953125 0.09609375 0.01796875 0.0359375
0 0.56796875 0.14453125 0.025 0.0390625
0 0.4640625 0.1171875 0.0203125 0.05078125
0 0.35 0.28828125 0.02890625 0.0484375
0 0.36875 0.340625 0.03359375 0.05
0 0.2984375 0.6453125 0.03046875 0.0390625
0 0.35 0.5609375 0.0296875 0.0453125
0 0.73984375 0.41953125 0.034375 0.0546875
0 0.89296875 0.496875 0.0359375 0.0609375
0 0.7703125 0.55546875 0.04609375 0.05859375
0 0.6828125 0.6609375 0.0515625 0.06640625
0 0.2875 0.90703125 0.0515625 0.0953125