2 0.68359375 0.5140625 0.021875 0.0515625
2 0.81796875 0.64765625 0.03046875 0.0640625
2 0.74921875 0.63671875 0.04609375 0.07109375
0 0.58203125 0.821875 0.06796875 0.11015625
0 0.6421875 0.4765625 0.046875 0.08359375
0 0.8359375 0.365625 0.0421875 0.03984375
0 0.15546875 0.36328125 0.06015625 0.078125
0 0.22578125 0.56328125 0.05546875 0.05703125
0 0.35625 0.06015625 0.03984375 0.06328125
1 0.80078125 0.51171875 0.1375 0.07890625
3 0.53046875 0.40703125 0.053125 0.075
3 0.53671875 0.034375 0.05078125 0.05390625