0 0.68359375 0.31796875 0.0296875 0.03984375
0 0.81875 0.58359375 0.02421875 0.0484375
0 0.55546875 0.2015625 0.02265625 0.046875
2 0.4609375 0.575 0.01796875 0.03671875
2 0.0234375 0.596875 0.04609375 0.071875
0 0.1375 0.85546875 0.125 0.18125
0 0.0890625 0.41171875 0.0796875 0.0890625
0 0.06328125 0.48984375 0.04765625 0.0890625
0 0.553125 0.496875 0.0453125 0.078125
0 0.69609375 0.621875 0.02890625 0.05390625
0 0.6734375 0.57421875 0.03671875 0.06875
0 0.45078125 0.29921875 0.02578125 0.03984375
0 0.14296875 0.24453125 0.04921875 0.0703125
0 0.01484375 0.1671875 0.0296875 0.065625
1 0.371875 0.54375 0.11640625 0.16796875
1 0.48984375 0.96640625 0.08828125 0.06640625