2 0.20703125 0.89140625 0.0421875 0.04609375
2 0.21171875 0.6125 0.0328125 0.05078125
1 0.80546875 0.665625 0.09453125 0.22890625
1 0.54609375 0.7421875 0.11484375 0.1265625
0 0.36015625 0.521875 0.0375 0.046875
0 0.346875 0.56328125 0.0265625 0.05390625
0 0.34140625 0.63046875 0.028125 0.05859375
0 0.5390625 0.36171875 0.04609375 0.06796875
0 0.528125 0.2453125 0.02734375 0.05546875
0 0.51796875 0.19296875 0.02734375 0.03203125
0 0.51875 0.16171875 0.0203125 0.03359375
0 0.59453125 0.15859375 0.01953125 0.0359375
0 0.584375 0.11875 0.0171875 0.03359375
0 0.56953125 0.096875 0.02265625 0.02421875
0 0.784375 0.12265625 0.02109375 0.03046875
0 0.740625 0.12890625 0.02421875 0.03984375
0 0.784375 0.0796875 0.01953125 0.03671875
0 0.7609375 0.07109375 0.02109375 0.0265625
0 0.7421875 0.09296875 0.01953125 0.021875
1 0.684375 0.11171875 0.05703125 0.040625