0 0.1640625 0.4234375 0.0328125 0.05625
0 0.23515625 0.30703125 0.02578125 0.04609375
0 0.21875 0.23671875 0.02578125 0.03125
0 0.25234375 0.18984375 0.03125 0.0390625
0 0.31171875 0.21328125 0.028125 0.05078125
0 0.4 0.0953125 0.0234375 0.03671875
0 0.46796875 0.16328125 0.03671875 0.04296875
0 0.49609375 0.0890625 0.03046875 0.05546875
0 0.734375 0.2578125 0.04296875 0.06953125
0 0.82109375 0.31171875 0.06171875 0.08515625
0 0.8671875 0.246875 0.0484375 0.090625
0 0.746875 0.72578125 0.06953125 0.13671875
0 0.6203125 0.8171875 0.07734375 0.13828125
1 0.07890625 0.75234375 0.1578125 0.1640625