0 0.49609375 0.5734375 0.04765625 0.07109375
0 0.559375 0.41640625 0.0421875 0.05703125
0 0.55234375 0.459375 0.04453125 0.05625
0 0.6 0.4390625 0.06015625 0.08125
0 0.6328125 0.48125 0.0625 0.10390625
0 0.72734375 0.4984375 0.04609375 0.04921875
0 0.625 0.6515625 0.09453125 0.13046875
0 0.5171875 0.71796875 0.05390625 0.0609375
0 0.4234375 0.9140625 0.06796875 0.134375
0 0.309375 0.55078125 0.05078125 0.05390625
3 0.4828125 0.47109375 0.07109375 0.06640625
3 0.56328125 0.53203125 0.09296875 0.109375
3 0.51953125 0.63359375 0.07421875 0.09921875
3 0.59375 0.60546875 0.07890625 0.1046875
3 0.6609375 0.57109375 0.06953125 0.06328125
3 0.5640625 0.778125 0.10859375 0.1234375
3 0.41953125 0.82578125 0.07265625 0.0796875
3 0.4984375 0.896875 0.09765625 0.19921875