1 0.3953125 0.159375 0.03984375 0.04609375
0 0.66484375 0.19140625 0.0296875 0.04296875
0 0.61953125 0.153125 0.028125 0.04296875
0 0.93046875 0.24453125 0.03828125 0.04609375
0 0.9609375 0.32890625 0.04296875 0.06953125
0 0.71484375 0.2765625 0.03515625 0.046875
0 0.55546875 0.19453125 0.0296875 0.04375
0 0.58515625 0.28046875 0.034375 0.06484375
0 0.6296875 0.4015625 0.0484375 0.08515625
0 0.67890625 0.67890625 0.05546875 0.109375
0 0.23203125 0.3078125 0.0359375 0.0453125
0 0.11640625 0.27578125 0.05859375 0.053125
3 0.05625 0.29375 0.06171875 0.0515625
3 0.36015625 0.2421875 0.06953125 0.04375
3 0.88046875 0.35859375 0.06328125 0.05
1 0.84296875 0.23671875 0.09921875 0.09609375