2 0.20703125 0.596875 0.03671875 0.04453125
0 0.540625 0.2984375 0.02734375 0.04296875
0 0.7625 0.515625 0.03359375 0.0640625
1 0.634375 0.9125 0.14140625 0.175
0 0.303125 0.77578125 0.07890625 0.09453125
0 0.0921875 0.85390625 0.0578125 0.08125
0 0.05078125 0.75546875 0.084375 0.1359375
0 0.23671875 0.509375 0.04921875 0.0796875
0 0.25078125 0.44453125 0.05390625 0.08515625
0 0.6375 0.4609375 0.05703125 0.08671875
0 0.17265625 0.26953125 0.03984375 0.0609375
0 0.28125 0.2984375 0.04140625 0.06328125