0 0.153125 0.17421875 0.0296875 0.0515625
0 0.65703125 0.54921875 0.02890625 0.04921875
0 0.7578125 0.7796875 0.03359375 0.05703125
1 0.54609375 0.75859375 0.071875 0.153125
3 0.0484375 0.87421875 0.09609375 0.13203125
1 0.1703125 0.70625 0.11640625 0.065625
0 0.584375 0.80390625 0.04921875 0.07421875
0 0.6890625 0.96875 0.04453125 0.06171875
0 0.94140625 0.92421875 0.065625 0.08671875
0 0.32109375 0.55 0.03984375 0.071875
0 0.38515625 0.5234375 0.05 0.071875
0 0.3359375 0.646875 0.04375 0.0609375
0 0.19609375 0.3984375 0.0421875 0.071875
3 0.05234375 0.44609375 0.065625 0.090625
0 0.1640625 0.94140625 0.05703125 0.078125