1 0.81171875 0.61796875 0.08203125 0.053125
1 0.7109375 0.6375 0.071875 0.084375
0 0.3953125 0.4390625 0.0234375 0.03046875
0 0.68984375 0.45546875 0.03046875 0.034375
0 0.6046875 0.590625 0.028125 0.034375
0 0.61015625 0.62109375 0.02734375 0.03984375
0 0.5625 0.5859375 0.028125 0.05
0 0.44453125 0.734375 0.02578125 0.05
0 0.34609375 0.90625 0.04609375 0.05390625
1 0.77734375 0.55625 0.065625 0.07109375
1 0.7140625 0.8578125 0.1078125 0.06171875
1 0.45625 0.69453125 0.06484375 0.0515625
1 0.2953125 0.8640625 0.059375 0.16796875
3 0.5046875 0.56015625 0.04296875 0.0515625
3 0.1921875 0.72421875 0.08515625 0.0890625
3 0.82265625 0.790625 0.07734375 0.071875