0 0.31015625 0.3390625 0.02734375 0.04609375
3 0.65234375 0.653125 0.06796875 0.090625
0 0.478125 0.82578125 0.04765625 0.078125
0 0.434375 0.83828125 0.04296875 0.06953125
0 0.5890625 0.68046875 0.0390625 0.0890625
0 0.59921875 0.57578125 0.046875 0.07890625
0 0.86796875 0.25390625 0.04921875 0.06796875
0 0.91328125 0.09296875 0.053125 0.08984375
0 0.65390625 0.14375 0.0515625 0.059375
0 0.2640625 0.7390625 0.03671875 0.053125
0 0.22734375 0.6359375 0.0359375 0.0609375
0 0.19375 0.6609375 0.0265625 0.0265625
0 0.203125 0.5921875 0.0390625 0.053125