0 0.8328125 0.52265625 0.04375 0.07109375
0 0.69140625 0.234375 0.01953125 0.02578125
0 0.6578125 0.259375 0.02265625 0.03984375
0 0.82109375 0.27421875 0.03203125 0.04609375
0 0.18515625 0.92890625 0.0296875 0.046875
0 0.584375 0.37578125 0.02421875 0.04453125
0 0.53828125 0.634375 0.028125 0.046875
0 0.5390625 0.80703125 0.040625 0.0765625
0 0.721875 0.80546875 0.07109375 0.1046875
0 0.7984375 0.90390625 0.059375 0.09140625
0 0.70625 0.94375 0.07578125 0.11171875
0 0.63359375 0.94609375 0.06015625 0.1046875
0 0.6046875 0.9015625 0.04765625 0.08984375