3 0.884375 0.0609375 0.0890625 0.09609375
0 0.446875 0.21328125 0.02578125 0.03671875
0 0.4296875 0.26796875 0.0234375 0.04296875
0 0.41171875 0.30625 0.02578125 0.034375
0 0.48515625 0.303125 0.0265625 0.03671875
0 0.20703125 0.7046875 0.01953125 0.03671875
0 0.3328125 0.503125 0.02109375 0.0453125
0 0.425 0.478125 0.034375 0.06015625
0 0.94765625 0.09140625 0.04453125 0.0984375
0 0.75625 0.5546875 0.04375 0.06484375
1 0.8296875 0.5859375 0.1265625 0.08984375
1 0.5296875 0.74375 0.11953125 0.09375
3 0.63671875 0.44296875 0.05234375 0.10078125