3 0.0375 0.9203125 0.07421875 0.12578125
0 0.7359375 0.7671875 0.02421875 0.03046875
0 0.81484375 0.8296875 0.02890625 0.0515625
0 0.4734375 0.346875 0.02265625 0.03984375
0 0.47734375 0.40703125 0.021875 0.0515625
0 0.41796875 0.5234375 0.03046875 0.04453125
0 0.3765625 0.5515625 0.0328125 0.06953125
0 0.3015625 0.578125 0.02734375 0.04296875
0 0.29765625 0.625 0.03125 0.040625
0 0.08828125 0.34140625 0.02421875 0.04296875
0 0.13125 0.465625 0.0484375 0.05703125
0 0.0578125 0.78671875 0.04609375 0.05625
0 0.253125 0.78203125 0.05078125 0.07421875
3 0.52734375 0.965625 0.0515625 0.06875
3 0.15859375 0.68828125 0.05234375 0.07421875
3 0.2203125 0.68203125 0.06171875 0.08125