0 0.05859375 0.36875 0.02890625 0.03671875
0 0.1953125 0.36796875 0.02890625 0.05
0 0.228125 0.50703125 0.03046875 0.0484375
0 0.39765625 0.24296875 0.02421875 0.04453125
0 0.63125 0.0984375 0.03671875 0.04296875
0 0.5875 0.23203125 0.02421875 0.04296875
0 0.7171875 0.10078125 0.02734375 0.0484375
0 0.696875 0.18671875 0.03515625 0.06953125
0 0.81328125 0.11171875 0.03515625 0.04609375
0 0.87734375 0.103125 0.04140625 0.0515625
0 0.90390625 0.4015625 0.06875 0.09921875
0 0.24609375 0.75546875 0.03828125 0.0453125
3 0.29921875 0.71015625 0.0390625 0.06640625