1 0.67890625 0.9328125 0.06953125 0.12109375
3 0.0734375 0.15703125 0.04765625 0.0609375
1 0.82265625 0.515625 0.09765625 0.1046875
1 0.52734375 0.471875 0.0640625 0.1
1 0.13046875 0.44140625 0.0765625 0.07578125
0 0.0625 0.34375 0.046875 0.065625
0 0.29140625 0.5828125 0.04609375 0.06953125
0 0.26796875 0.82265625 0.06640625 0.096875
0 0.62578125 0.9390625 0.04609375 0.1
0 0.6265625 0.6484375 0.04140625 0.07109375
0 0.78125 0.66015625 0.04375 0.06328125
0 0.84765625 0.68046875 0.0328125 0.0609375