0 0.24296875 0.12578125 0.03203125 0.05390625
0 0.6703125 0.14765625 0.02421875 0.03828125
0 0.6390625 0.1921875 0.0265625 0.034375
0 0.0546875 0.25234375 0.05859375 0.08046875
0 0.3296875 0.296875 0.03203125 0.05390625
0 0.4328125 0.38515625 0.03125 0.08125
0 0.34296875 0.3609375 0.05390625 0.08203125
0 0.73046875 0.5484375 0.02734375 0.0359375
0 0.6953125 0.515625 0.0265625 0.06796875
0 0.65703125 0.540625 0.0171875 0.05078125
0 0.4828125 0.7015625 0.05390625 0.09375
0 0.24140625 0.88359375 0.05 0.09453125