3 0.6578125 0.5515625 0.05078125 0.05078125
3 0.421875 0.88671875 0.06953125 0.1015625
3 0.4890625 0.87734375 0.0734375 0.09375
0 0.2328125 0.3234375 0.03359375 0.04609375
0 0.26640625 0.340625 0.02734375 0.0390625
0 0.38984375 0.490625 0.02421875 0.05
0 0.3078125 0.48046875 0.02578125 0.0453125
0 0.0703125 0.59921875 0.0421875 0.05859375
0 0.04296875 0.69921875 0.0765625 0.08046875
0 0.11484375 0.91875 0.07109375 0.1109375
0 0.35859375 0.60390625 0.05546875 0.06484375
0 0.69296875 0.365625 0.02421875 0.03515625
0 0.71875 0.4515625 0.03046875 0.05859375
0 0.68125 0.6078125 0.040625 0.0546875
0 0.63984375 0.65703125 0.05078125 0.08359375
0 0.55859375 0.715625 0.03671875 0.06171875
0 0.5625 0.7765625 0.03515625 0.06328125