3 0.46640625 0.153125 0.05234375 0.07890625
1 0.65 0.2359375 0.0859375 0.084375
0 0.1484375 0.6953125 0.0484375 0.06875
0 0.26484375 0.48125 0.034375 0.05546875
0 0.29453125 0.5515625 0.03671875 0.06328125
0 0.5484375 0.178125 0.04140625 0.05703125
0 0.75625 0.07890625 0.03203125 0.05390625
0 0.9015625 0.0984375 0.03984375 0.0453125
0 0.51875 0.70703125 0.0390625 0.071875
0 0.684375 0.51328125 0.03828125 0.06484375
0 0.696875 0.61796875 0.06328125 0.109375
0 0.903125 0.5171875 0.05 0.07890625
0 0.7234375 0.7640625 0.05234375 0.0796875
3 0.67109375 0.77265625 0.08984375 0.11171875