3 0.19140625 0.82421875 0.03203125 0.0546875
0 0.10234375 0.2984375 0.046875 0.07109375
0 0.1546875 0.46796875 0.04765625 0.08046875
0 0.3484375 0.340625 0.03984375 0.05625
0 0.49609375 0.46015625 0.02734375 0.04296875
0 0.59921875 0.43203125 0.0328125 0.04453125
0 0.5609375 0.45078125 0.0421875 0.0734375
0 0.4875 0.5109375 0.02578125 0.0453125
0 0.4609375 0.63359375 0.03828125 0.07890625
0 0.30390625 0.5953125 0.03515625 0.05390625
3 0.28984375 0.6890625 0.05234375 0.07578125
3 0.37890625 0.53046875 0.04140625 0.06484375
3 0.4265625 0.534375 0.05234375 0.08203125
3 0.69921875 0.896875 0.06953125 0.12578125