3 0.6203125 0.29453125 0.05078125 0.053125
1 0.175 0.4703125 0.084375 0.090625
0 0.04453125 0.36640625 0.03828125 0.06953125
0 0.21171875 0.171875 0.040625 0.06171875
0 0.30546875 0.221875 0.04140625 0.0609375
0 0.44296875 0.2484375 0.034375 0.05390625
0 0.76171875 0.64453125 0.04453125 0.090625
0 0.39765625 0.88671875 0.05625 0.1
0 0.13671875 0.959375 0.0609375 0.08125
1 0.503125 0.865625 0.07421875 0.25625
1 0.5703125 0.6890625 0.075 0.29453125
1 0.52421875 0.56875 0.0796875 0.16875
3 0.7875 0.45390625 0.06328125 0.06484375