0 0.728125 0.2625 0.03359375 0.04140625
0 0.56953125 0.31484375 0.0265625 0.04609375
0 0.521875 0.34296875 0.02734375 0.046875
0 0.4703125 0.4765625 0.02578125 0.0515625
0 0.29375 0.64296875 0.03515625 0.05390625
0 0.21015625 0.9703125 0.0421875 0.059375
0 0.30703125 0.91171875 0.03984375 0.05703125
0 0.5203125 0.640625 0.0390625 0.0640625
0 0.93203125 0.365625 0.034375 0.0546875
0 0.81015625 0.54609375 0.03828125 0.08671875
0 0.72578125 0.57109375 0.03984375 0.06171875
1 0.5 0.925 0.06875 0.15
1 0.6109375 0.63671875 0.10625 0.090625
3 0.94765625 0.87890625 0.103125 0.1765625