3 0.61796875 0.67265625 0.04296875 0.05859375
3 0.68515625 0.53203125 0.04140625 0.06015625
3 0.73046875 0.540625 0.05234375 0.071875
3 0.34375 0.69140625 0.04921875 0.06875
0 0.23046875 0.61953125 0.03828125 0.05859375
0 0.15859375 0.24609375 0.03046875 0.04296875
0 0.16015625 0.309375 0.03828125 0.0515625
0 0.6421875 0.35703125 0.03671875 0.053125
0 0.44296875 0.34375 0.03828125 0.0484375
0 0.48671875 0.4765625 0.04609375 0.0484375
0 0.91640625 0.42890625 0.0359375 0.04609375
0 0.86484375 0.45234375 0.04296875 0.065625
0 0.79375 0.50703125 0.02734375 0.053125
0 0.78125 0.61640625 0.03828125 0.0765625
0 0.62734375 0.584375 0.03046875 0.046875
0 0.4015625 0.8796875 0.0359375 0.06328125