3 0.2359375 0.2328125 0.07734375 0.06953125
1 0.1484375 0.0984375 0.07890625 0.0859375
1 0.51640625 0.5515625 0.08046875 0.06484375
1 0.51796875 0.84375 0.12109375 0.31171875
1 0.496875 0.90078125 0.06328125 0.1984375
0 0.91953125 0.5140625 0.021875 0.05390625
0 0.90546875 0.43125 0.03203125 0.06484375
0 0.7984375 0.24296875 0.0359375 0.04296875
0 0.6453125 0.22890625 0.02578125 0.05
0 0.55546875 0.08046875 0.0375 0.05703125
0 0.48984375 0.05625 0.01953125 0.034375
0 0.4 0.10390625 0.02421875 0.05
0 0.34765625 0.22109375 0.02421875 0.04296875
0 0.29140625 0.03984375 0.02578125 0.04609375
0 0.17109375 0.16796875 0.05234375 0.075
0 0.06875 0.75078125 0.0796875 0.11484375