0 0.68984375 0.2703125 0.03515625 0.0515625
0 0.84296875 0.428125 0.03359375 0.0453125
0 0.71640625 0.3609375 0.03203125 0.05546875
3 0.52734375 0.35 0.04296875 0.040625
1 0.81875 0.57421875 0.0796875 0.075
0 0.9046875 0.471875 0.02890625 0.0515625
0 0.978125 0.5640625 0.04296875 0.075
0 0.678125 0.38046875 0.0328125 0.05703125
0 0.6609375 0.5328125 0.028125 0.0453125
0 0.57890625 0.51484375 0.03359375 0.06875
0 0.2875 0.884375 0.040625 0.059375
0 0.57109375 0.95 0.05390625 0.06328125
0 0.60390625 0.89921875 0.0484375 0.07578125
0 0.90625 0.78828125 0.06015625 0.08125
0 0.75234375 0.86796875 0.05 0.08125
0 0.6390625 0.9671875 0.05 0.065625
3 0.54375 0.72109375 0.06953125 0.10390625
3 0.25390625 0.58359375 0.06015625 0.05546875