1 0.1203125 0.590625 0.10703125 0.10859375
3 0.425 0.7984375 0.04140625 0.053125
3 0.3828125 0.85078125 0.04921875 0.06328125
0 0.4 0.39296875 0.028125 0.04609375
0 0.04296875 0.20390625 0.02890625 0.03984375
0 0.2234375 0.3828125 0.0296875 0.03828125
0 0.60625 0.71875 0.02265625 0.03671875
0 0.68515625 0.93125 0.03125 0.065625
0 0.665625 0.9859375 0.03203125 0.028125
0 0.62734375 0.91640625 0.0421875 0.06484375
0 0.18125 0.82421875 0.06015625 0.08046875
0 0.10234375 0.871875 0.04921875 0.09140625
2 0.5140625 0.8640625 0.02890625 0.06015625