3 0.21875 0.09921875 0.05859375 0.05546875
1 0.8078125 0.96484375 0.1 0.0703125
1 0.221875 0.96484375 0.1546875 0.0703125
1 0.55546875 0.303125 0.08828125 0.08671875
0 0.37578125 0.30078125 0.03125 0.03984375
0 0.39765625 0.11796875 0.0328125 0.06796875
0 0.64296875 0.15625 0.034375 0.04921875
3 0.72578125 0.1609375 0.059375 0.075
3 0.97265625 0.85234375 0.05390625 0.13828125
3 0.24140625 0.57890625 0.07265625 0.1015625
0 0.2796875 0.296875 0.04765625 0.08828125
0 0.7046875 0.253125 0.04453125 0.06484375
0 0.63203125 0.52734375 0.0515625 0.09140625
0 0.4796875 0.68359375 0.05234375 0.08359375
0 0.309375 0.79296875 0.0484375 0.08359375
0 0.265625 0.87578125 0.05546875 0.07578125
0 0.34609375 0.865625 0.05390625 0.09375
0 0.5546875 0.88046875 0.04921875 0.0859375