0 0.63203125 0.6265625 0.040625 0.06328125
0 0.65625 0.71953125 0.04296875 0.075
0 0.56328125 0.42109375 0.04140625 0.0640625
0 0.509375 0.50703125 0.04296875 0.05859375
0 0.428125 0.49765625 0.04140625 0.05078125
0 0.30625 0.4671875 0.03359375 0.0640625
0 0.33125 0.2765625 0.0359375 0.04296875
0 0.04765625 0.1265625 0.0421875 0.06171875
0 0.01640625 0.31875 0.0328125 0.05625
0 0.0234375 0.5828125 0.046875 0.10625
0 0.16796875 0.721875 0.04609375 0.096875
3 0.35546875 0.9125 0.07265625 0.103125
3 0.3625 0.7796875 0.06640625 0.1015625