3 0.6546875 0.83046875 0.05234375 0.06796875
3 0.64375 0.92109375 0.05234375 0.08125
3 0.2296875 0.91171875 0.07109375 0.11484375
0 0.40390625 0.3109375 0.02734375 0.06328125
0 0.3875 0.440625 0.02890625 0.046875
0 0.82734375 0.55859375 0.03203125 0.0640625
0 0.61953125 0.4234375 0.02421875 0.04375
0 0.58984375 0.565625 0.03671875 0.05546875
0 0.7578125 0.63828125 0.03359375 0.08203125
0 0.69296875 0.62578125 0.03515625 0.08515625
0 0.921875 0.8640625 0.05546875 0.1015625
0 0.8984375 0.759375 0.03671875 0.0546875
0 0.12421875 0.503125 0.05078125 0.07421875
0 0.34765625 0.51484375 0.03671875 0.06875
0 0.41015625 0.6109375 0.0484375 0.08515625