2 0.32578125 0.7234375 0.03515625 0.08984375
0 0.7796875 0.66640625 0.0390625 0.06875
0 0.8609375 0.615625 0.03203125 0.065625
0 0.9171875 0.58046875 0.03046875 0.04375
0 0.5984375 0.54609375 0.0421875 0.07578125
0 0.546875 0.5078125 0.03984375 0.06796875
0 0.52890625 0.365625 0.04921875 0.08828125
0 0.55 0.28671875 0.03203125 0.06640625
0 0.51328125 0.2078125 0.0375 0.065625
0 0.5859375 0.26015625 0.02265625 0.06328125
0 0.71640625 0.97421875 0.06015625 0.0515625
3 0.49296875 0.871875 0.09140625 0.18515625
3 0.95625 0.69296875 0.08671875 0.26953125
3 0.290625 0.0859375 0.04609375 0.05625