3 0.44765625 0.959375 0.06328125 0.08046875
3 0.3109375 0.70859375 0.0703125 0.109375
3 0.6421875 0.521875 0.06796875 0.09921875
3 0.834375 0.5296875 0.0578125 0.078125
0 0.21953125 0.55859375 0.0390625 0.05859375
0 0.3484375 0.440625 0.04140625 0.06796875
0 0.53046875 0.46875 0.02421875 0.04921875
0 0.68671875 0.603125 0.0234375 0.04140625
0 0.71171875 0.65625 0.034375 0.04453125
0 0.80703125 0.7359375 0.04453125 0.0703125
0 0.2328125 0.725 0.03359375 0.05390625
1 0.77578125 0.790625 0.05546875 0.15625