0 0.2078125 0.6671875 0.0421875 0.06015625
0 0.1421875 0.971875 0.06640625 0.05625
0 0.35625 0.484375 0.02421875 0.03671875
0 0.5578125 0.40546875 0.02421875 0.02890625
0 0.60859375 0.5109375 0.02734375 0.0453125
0 0.44296875 0.80390625 0.02734375 0.05
0 0.53984375 0.79375 0.0328125 0.0640625
0 0.65703125 0.95390625 0.08046875 0.09140625
0 0.8921875 0.921875 0.06171875 0.090625
3 0.36328125 0.55390625 0.05 0.04609375
3 0.79453125 0.8421875 0.06484375 0.10078125
3 0.66328125 0.6984375 0.075 0.11796875