3 0.25859375 0.9203125 0.11328125 0.159375
0 0.72109375 0.3140625 0.04296875 0.06875
1 0.84765625 0.41796875 0.10625 0.11015625
1 0.4984375 0.2875 0.11640625 0.084375
1 0.25625 0.62578125 0.08125 0.2140625
0 0.31640625 0.40859375 0.03046875 0.05078125
0 0.2671875 0.1953125 0.03984375 0.06328125
0 0.890625 0.39296875 0.03984375 0.04609375
0 0.85703125 0.52734375 0.05390625 0.05859375
0 0.90390625 0.64609375 0.046875 0.05390625
0 0.9234375 0.75625 0.04921875 0.0546875
0 0.6125 0.50703125 0.04765625 0.07578125
0 0.2015625 0.50703125 0.06328125 0.075