0 0.51875 0.1875 0.0421875 0.06953125
0 0.9 0.46796875 0.06484375 0.08984375
0 0.8984375 0.3328125 0.05 0.065625
0 0.77578125 0.359375 0.0375 0.05078125
0 0.540625 0.43125 0.04296875 0.04375
3 0.20859375 0.46171875 0.078125 0.11484375
3 0.65625 0.5421875 0.04453125 0.0546875
3 0.8578125 0.94296875 0.08125 0.1140625
3 0.75625 0.2375 0.04765625 0.04921875
3 0.0953125 0.16640625 0.06796875 0.071875
3 0.12109375 0.10859375 0.08359375 0.08203125
1 0.39921875 0.2484375 0.0546875 0.1140625
0 0.89453125 0.19140625 0.03203125 0.0484375
0 0.8578125 0.1640625 0.0359375 0.04296875
0 0.87578125 0.13203125 0.02578125 0.0359375
0 0.63515625 0.19140625 0.021875 0.04921875