3 0.96171875 0.48515625 0.07578125 0.08359375
0 0.7265625 0.2625 0.02421875 0.0359375
0 0.7515625 0.25390625 0.02578125 0.03828125
0 0.9390625 0.27109375 0.03515625 0.04140625
0 0.590625 0.39453125 0.02265625 0.03046875
0 0.59609375 0.33671875 0.028125 0.0390625
0 0.534375 0.38515625 0.02578125 0.03515625
0 0.23046875 0.73125 0.02265625 0.03671875
0 0.43359375 0.53984375 0.025 0.04609375
0 0.52421875 0.603125 0.040625 0.046875
0 0.5953125 0.68671875 0.03828125 0.065625
0 0.74453125 0.49453125 0.03671875 0.05
0 0.9375 0.5703125 0.0453125 0.078125
1 0.934375 0.6546875 0.13046875 0.1
1 0.6984375 0.89140625 0.09921875 0.10859375
0 0.6390625 0.82421875 0.03515625 0.06875
0 0.37265625 0.9765625 0.05 0.04609375