1 0.42890625 0.8484375 0.11484375 0.1984375
1 0.9265625 0.67578125 0.1453125 0.15625
1 0.6390625 0.29609375 0.10234375 0.10078125
0 0.48828125 0.68359375 0.04453125 0.059375
0 0.609375 0.36328125 0.0578125 0.07109375
0 0.815625 0.284375 0.03515625 0.04375
0 0.70625 0.07265625 0.03515625 0.0546875
0 0.56484375 0.13125 0.03515625 0.06484375
0 0.59140625 0.1171875 0.034375 0.05625
0 0.41640625 0.20859375 0.03828125 0.05625
0 0.12109375 0.49453125 0.03125 0.04140625
0 0.05703125 0.3625 0.04765625 0.07890625
0 0.1140625 0.1546875 0.04140625 0.05390625
3 0.48515625 0.178125 0.03125 0.03515625
3 0.83046875 0.12890625 0.06484375 0.10390625
3 0.43515625 0.4015625 0.05859375 0.078125