0 0.60625 0.21171875 0.02734375 0.0390625
0 0.471875 0.278125 0.01875 0.03203125
0 0.7796875 0.228125 0.02578125 0.03671875
0 0.81953125 0.20859375 0.03515625 0.04609375
0 0.87578125 0.23515625 0.02890625 0.05
0 0.01875 0.440625 0.0328125 0.05
0 0.38359375 0.359375 0.0328125 0.040625
0 0.36875 0.2671875 0.03359375 0.05625
0 0.19140625 0.40078125 0.0359375 0.05390625
0 0.103125 0.77578125 0.04375 0.059375
0 0.36484375 0.49921875 0.03046875 0.046875
0 0.85234375 0.47890625 0.03515625 0.07421875
0 0.79609375 0.48828125 0.04375 0.05625
0 0.90078125 0.63046875 0.05546875 0.08046875
0 0.4671875 0.69296875 0.05078125 0.06796875
0 0.61796875 0.79609375 0.075 0.11953125
0 0.26796875 0.9390625 0.046875 0.09609375
3 0.32734375 0.79765625 0.08515625 0.115625