0 0.6359375 0.4015625 0.02890625 0.05
0 0.86171875 0.72578125 0.03046875 0.05546875
0 0.71953125 0.55859375 0.034375 0.04375
0 0.39765625 0.55703125 0.03046875 0.04609375
0 0.36328125 0.43359375 0.03203125 0.04609375
0 0.2765625 0.68125 0.04140625 0.07890625
0 0.3046875 0.66796875 0.03515625 0.0546875
0 0.2453125 0.6390625 0.03203125 0.04609375
0 0.11953125 0.6171875 0.0359375 0.053125
0 0.05859375 0.590625 0.053125 0.08359375
0 0.2078125 0.83515625 0.0328125 0.05390625
0 0.6703125 0.859375 0.0484375 0.0796875
0 0.615625 0.94296875 0.03984375 0.05703125
3 0.6265625 0.84921875 0.07890625 0.1546875
3 0.46640625 0.92734375 0.04765625 0.06953125