3 0.3 0.740625 0.078125 0.08046875
3 0.18828125 0.57578125 0.065625 0.06484375
3 0.1 0.50234375 0.04609375 0.05078125
0 0.15703125 0.4140625 0.02890625 0.04296875
0 0.14296875 0.446875 0.01875 0.02421875
0 0.20078125 0.47890625 0.0359375 0.04609375
0 0.0640625 0.66875 0.03984375 0.04140625
0 0.12890625 0.759375 0.040625 0.04296875
0 0.20234375 0.71484375 0.03828125 0.05703125
0 0.28984375 0.7890625 0.04296875 0.05625
0 0.365625 0.90390625 0.03984375 0.06953125
0 0.396875 0.503125 0.0296875 0.02578125
0 0.43046875 0.48671875 0.03515625 0.04296875
0 0.46796875 0.5140625 0.03125 0.0390625
0 0.5140625 0.578125 0.0203125 0.03203125
0 0.5671875 0.6140625 0.02734375 0.0484375
0 0.60078125 0.66328125 0.02890625 0.05
0 0.615625 0.68984375 0.02890625 0.04296875
0 0.6890625 0.77734375 0.0515625 0.07109375
0 0.55703125 0.8484375 0.03828125 0.04609375
0 0.6390625 0.87421875 0.046875 0.06640625
0 0.66796875 0.92890625 0.0375 0.04609375
0 0.51875 0.978125 0.05 0.04375