0 0.12265625 0.20078125 0.040625 0.0609375
1 0.33671875 0.83828125 0.1453125 0.246875
1 0.925 0.9296875 0.14921875 0.140625
0 0.9765625 0.8359375 0.04609375 0.08828125
0 0.86953125 0.72421875 0.03828125 0.0546875
0 0.8125 0.67109375 0.03515625 0.05390625
0 0.70390625 0.715625 0.06328125 0.065625
0 0.75234375 0.678125 0.03671875 0.0515625
0 0.7484375 0.6265625 0.028125 0.04375
0 0.86328125 0.4359375 0.02734375 0.040625
0 0.4453125 0.7625 0.0421875 0.05625
0 0.24765625 0.296875 0.034375 0.05390625
0 0.48203125 0.390625 0.04453125 0.06796875
0 0.2546875 0.2328125 0.03828125 0.0734375
0 0.1734375 0.19609375 0.03671875 0.06484375
0 0.19921875 0.27109375 0.03671875 0.07578125
0 0.0421875 0.53125 0.03984375 0.06015625
0 0.0078125 0.75703125 0.015625 0.09296875
3 0.82578125 0.9359375 0.06953125 0.0984375