0 0.5890625 0.421875 0.02265625 0.03125
1 0.7828125 0.90859375 0.14765625 0.071875
3 0.4140625 0.4953125 0.05546875 0.04609375
3 0.94140625 0.89921875 0.06015625 0.06796875
0 0.38046875 0.371875 0.02578125 0.03046875
0 0.36875 0.40859375 0.0265625 0.03125
0 0.42109375 0.42265625 0.02578125 0.04140625
0 0.06953125 0.5015625 0.04296875 0.05078125
0 0.02578125 0.63671875 0.03515625 0.04140625
0 0.12734375 0.721875 0.03515625 0.04921875
0 0.11640625 0.80078125 0.0421875 0.059375
0 0.21953125 0.7671875 0.0390625 0.06171875
0 0.3125 0.8109375 0.03515625 0.05703125
0 0.28359375 0.61875 0.03515625 0.04921875
0 0.328125 0.56953125 0.02421875 0.034375
0 0.37890625 0.628125 0.03203125 0.04140625
0 0.43359375 0.59921875 0.03203125 0.03828125
0 0.50703125 0.64375 0.034375 0.04921875
0 0.56953125 0.7359375 0.03359375 0.0546875
0 0.89921875 0.671875 0.05078125 0.05859375
0 0.83671875 0.74609375 0.04453125 0.06015625
0 0.87265625 0.78984375 0.03515625 0.05
0 0.75 0.7203125 0.03671875 0.04609375
0 0.71328125 0.8203125 0.05078125 0.059375
0 0.65 0.971875 0.05703125 0.05546875