1 0.60546875 0.1828125 0.05859375 0.06171875
3 0.47734375 0.515625 0.06171875 0.11328125
0 0.09375 0.778125 0.02421875 0.0515625
0 0.48828125 0.21953125 0.02578125 0.03125
0 0.51171875 0.196875 0.028125 0.03828125
0 0.490625 0.278125 0.0296875 0.03671875
0 0.3953125 0.3640625 0.02734375 0.053125
0 0.52109375 0.328125 0.02578125 0.04609375
0 0.575 0.14375 0.0265625 0.03828125
0 0.64140625 0.24453125 0.03515625 0.04140625
0 0.68046875 0.26875 0.03984375 0.0609375
0 0.7296875 0.265625 0.03359375 0.04296875
0 0.45390625 0.48046875 0.03515625 0.059375
0 0.2640625 0.61640625 0.02578125 0.05
0 0.259375 0.68046875 0.03125 0.04140625
0 0.2078125 0.77421875 0.02421875 0.0453125
0 0.3953125 0.6609375 0.0296875 0.046875
0 0.25390625 0.903125 0.04609375 0.075
0 0.309375 0.9515625 0.0390625 0.059375
0 0.34609375 0.9234375 0.03203125 0.0609375
0 0.40234375 0.884375 0.0359375 0.0609375
0 0.58125 0.5640625 0.03046875 0.0484375