0 0.703125 0.21328125 0.03828125 0.0515625
0 0.41328125 0.184375 0.02578125 0.04375
0 0.271875 0.4765625 0.0328125 0.0484375
0 0.453125 0.3109375 0.0390625 0.046875
0 0.85078125 0.64296875 0.04375 0.04609375
3 0.18984375 0.59140625 0.0578125 0.05625
3 0.37265625 0.696875 0.04296875 0.06328125
3 0.46171875 0.6390625 0.05703125 0.06015625
1 0.64296875 0.40859375 0.08359375 0.05390625
1 0.52421875 0.5421875 0.05234375 0.0953125
1 0.3515625 0.90859375 0.0859375 0.128125
3 0.765625 0.19140625 0.06953125 0.06796875
0 0.3515625 0.36796875 0.02890625 0.046875
0 0.2984375 0.5 0.03359375 0.03359375