1 0.5421875 0.4890625 0.084375 0.09609375
1 0.40859375 0.46875 0.09140625 0.10390625
0 0.68203125 0.646875 0.03359375 0.05703125
0 0.57578125 0.4109375 0.0234375 0.040625
0 0.1015625 0.365625 0.06875 0.11015625
0 0.28125 0.478125 0.03203125 0.053125
0 0.44921875 0.7359375 0.034375 0.06171875
0 0.45390625 0.80703125 0.03984375 0.06484375
0 0.51875 0.74765625 0.03359375 0.0640625
0 0.584375 0.80078125 0.02734375 0.0515625
0 0.7953125 0.915625 0.04453125 0.071875
0 0.66484375 0.984375 0.05546875 0.03125
0 0.5671875 0.8859375 0.04296875 0.071875
0 0.3890625 0.9046875 0.06796875 0.08515625