3 0.66640625 0.80078125 0.03984375 0.0515625
0 0.2 0.65078125 0.03828125 0.0359375
0 0.20703125 0.8203125 0.03359375 0.05390625
0 0.1734375 0.91328125 0.03671875 0.0515625
0 0.20625 0.8984375 0.03828125 0.04609375
0 0.34296875 0.76640625 0.02578125 0.03203125
0 0.38125 0.81171875 0.03671875 0.05625
0 0.57109375 0.6734375 0.021875 0.03515625
0 0.5515625 0.7390625 0.02734375 0.03203125
0 0.4859375 0.8453125 0.03984375 0.040625
0 0.9390625 0.74140625 0.03203125 0.0390625
0 0.96015625 0.7703125 0.03828125 0.04609375
0 0.8640625 0.903125 0.0296875 0.03671875
0 0.8671875 0.76953125 0.03984375 0.05546875
0 0.8046875 0.7765625 0.03203125 0.04375
0 0.6890625 0.846875 0.03203125 0.0359375