0 0.50390625 0.46640625 0.03203125 0.0546875
0 0.584375 0.50859375 0.03125 0.06171875
0 0.37734375 0.56640625 0.02734375 0.05078125
0 0.8015625 0.97109375 0.04609375 0.05703125
0 0.5296875 0.70703125 0.0265625 0.0546875
0 0.12265625 0.31484375 0.028125 0.03671875
0 0.18046875 0.31015625 0.025 0.04296875
0 0.22734375 0.36484375 0.02734375 0.04453125
0 0.21328125 0.62578125 0.0328125 0.0453125
0 0.321875 0.78671875 0.0328125 0.065625
0 0.1421875 0.69609375 0.03828125 0.07578125
0 0.065625 0.71796875 0.04453125 0.07421875
0 0.13359375 0.9625 0.05625 0.075
0 0.5890625 0.8484375 0.03359375 0.06796875