0 0.75625 0.67578125 0.03203125 0.053125
0 0.26328125 0.34921875 0.040625 0.075
0 0.48359375 0.78203125 0.05703125 0.075
0 0.53515625 0.67734375 0.025 0.053125
0 0.5375 0.73203125 0.0328125 0.053125
0 0.59765625 0.71875 0.03203125 0.05546875
0 0.6578125 0.77421875 0.03046875 0.06640625
0 0.6390625 0.809375 0.0453125 0.0609375
0 0.8640625 0.9015625 0.04609375 0.07109375
0 0.72265625 0.93359375 0.05234375 0.09296875
0 0.16484375 0.84375 0.06171875 0.0703125
3 0.825 0.97109375 0.0734375 0.05703125
1 0.06171875 0.89375 0.12265625 0.21171875
1 0.62734375 0.5265625 0.06640625 0.09140625