1 0.671875 0.59140625 0.06640625 0.140625
0 0.10390625 0.4078125 0.02109375 0.03046875
0 0.11953125 0.53125 0.03125 0.04375
0 0.7421875 0.25234375 0.02421875 0.03046875
0 0.525 0.32890625 0.03046875 0.03828125
0 0.4515625 0.35859375 0.02109375 0.03515625
0 0.34140625 0.27109375 0.03125 0.04609375
0 0.31328125 0.33203125 0.034375 0.046875
0 0.325 0.4140625 0.02265625 0.04609375
0 0.3125 0.4375 0.02734375 0.04921875
0 0.2703125 0.46796875 0.03828125 0.04609375
0 0.378125 0.615625 0.0359375 0.04140625
0 0.96015625 0.52109375 0.04375 0.040625
0 0.5453125 0.421875 0.0453125 0.05390625
0 0.978125 0.62421875 0.04296875 0.065625
0 0.5046875 0.6390625 0.03984375 0.06953125
1 0.7421875 0.38125 0.04921875 0.08125
1 0.69765625 0.415625 0.06953125 0.0640625
1 0.190625 0.96171875 0.0625 0.0765625
3 0.66875 0.91875 0.04609375 0.0640625
3 0.33984375 0.69140625 0.03046875 0.04609375
0 0.24375 0.340625 0.02421875 0.0453125
0 0.42421875 0.16484375 0.02890625 0.0390625