1 0.9203125 0.7640625 0.0890625 0.1796875
0 0.2890625 0.1546875 0.03203125 0.040625
0 0.428125 0.159375 0.0296875 0.034375
0 0.921875 0.178125 0.05859375 0.04140625
0 0.1421875 0.340625 0.03828125 0.046875
0 0.09921875 0.34296875 0.040625 0.05
0 0.0296875 0.36484375 0.0359375 0.04609375
0 0.1359375 0.42890625 0.03359375 0.040625
0 0.190625 0.38359375 0.02734375 0.0359375
0 0.17265625 0.425 0.03984375 0.0515625
0 0.11171875 0.55546875 0.034375 0.05546875
0 0.13515625 0.69453125 0.040625 0.05703125
0 0.32265625 0.63046875 0.03671875 0.04921875
0 0.36875 0.71640625 0.04609375 0.0640625
0 0.425 0.7453125 0.04296875 0.0609375
1 0.28984375 0.47890625 0.08125 0.09453125
3 0.23359375 0.36328125 0.0453125 0.05078125