2 0.3859375 0.659375 0.04453125 0.07109375
3 0.68359375 0.74375 0.04921875 0.08046875
3 0.89609375 0.671875 0.11328125 0.17890625
0 0.8984375 0.09921875 0.0359375 0.05078125
0 0.54375 0.159375 0.04453125 0.05
0 0.5921875 0.30234375 0.03984375 0.04375
0 0.16640625 0.23671875 0.02734375 0.03984375
0 0.08671875 0.259375 0.03828125 0.040625
0 0.04765625 0.34921875 0.03125 0.0453125
0 0.09453125 0.33125 0.0359375 0.05078125
0 0.1859375 0.309375 0.0375 0.0640625
0 0.24453125 0.33828125 0.04921875 0.078125
0 0.3015625 0.3609375 0.03203125 0.0515625
0 0.4265625 0.39453125 0.03828125 0.05625
0 0.4640625 0.44609375 0.04453125 0.0953125
0 0.49375 0.42890625 0.03671875 0.0609375
0 0.390625 0.60703125 0.0328125 0.053125
0 0.45703125 0.9203125 0.06171875 0.08359375
0 0.665625 0.96796875 0.06171875 0.0640625
0 0.87421875 0.78671875 0.05546875 0.078125
0 0.9640625 0.70859375 0.0671875 0.10859375