1 0.76171875 0.21171875 0.05390625 0.07421875
0 0.63515625 0.23515625 0.0265625 0.06328125
3 0.65625 0.20859375 0.03828125 0.0515625
0 0.8828125 0.153125 0.02890625 0.0515625
0 0.9640625 0.2203125 0.04296875 0.06640625
0 0.70234375 0.1234375 0.02734375 0.04375
0 0.7359375 0.3484375 0.03671875 0.05546875
0 0.953125 0.846875 0.05546875 0.09296875
0 0.55390625 0.32578125 0.02890625 0.0546875
0 0.67265625 0.51875 0.03359375 0.05859375
0 0.071875 0.16328125 0.034375 0.05625
3 0.36640625 0.04375 0.065625 0.06015625
1 0.6703125 0.79453125 0.13984375 0.1
1 0.4078125 0.37109375 0.08515625 0.06015625
1 0.58828125 0.2484375 0.05859375 0.0546875