3 0.52265625 0.428125 0.07578125 0.11171875
0 0.09453125 0.55390625 0.02578125 0.03125
0 0.0921875 0.628125 0.0296875 0.046875
0 0.26953125 0.4859375 0.02890625 0.053125
0 0.2578125 0.575 0.0265625 0.04609375
0 0.2015625 0.67109375 0.02890625 0.0484375
0 0.0421875 0.975 0.04609375 0.05
0 0.24140625 0.86875 0.059375 0.10078125
0 0.30390625 0.95703125 0.05625 0.0859375
0 0.346875 0.93515625 0.0390625 0.07421875
0 0.41640625 0.915625 0.05 0.0859375
0 0.415625 0.590625 0.03515625 0.06328125
0 0.65625 0.54296875 0.04765625 0.07421875
0 0.4953125 0.3734375 0.04609375 0.0734375
0 0.4328125 0.20390625 0.03828125 0.065625
0 0.54765625 0.1171875 0.02890625 0.05859375
0 0.54765625 0.03828125 0.028125 0.0359375
0 0.57734375 0.02421875 0.03203125 0.0484375
0 0.584375 0.19453125 0.03046875 0.05078125
0 0.7484375 0.11328125 0.0359375 0.04140625
0 0.80390625 0.15546875 0.05234375 0.0703125
0 0.86484375 0.1625 0.04375 0.06015625
1 0.69375 0.02890625 0.078125 0.05703125