1 0.43515625 0.73671875 0.07109375 0.21796875
0 0.45234375 0.98203125 0.04375 0.0359375
0 0.0359375 0.71953125 0.03359375 0.05546875
0 0.05625 0.3375 0.03671875 0.05078125
0 0.3765625 0.409375 0.03984375 0.0640625
0 0.56484375 0.30703125 0.02890625 0.03359375
0 0.53671875 0.32109375 0.04375 0.0609375
0 0.59609375 0.14296875 0.03203125 0.03984375
0 0.68671875 0.2546875 0.034375 0.0609375
0 0.80859375 0.50390625 0.040625 0.0453125
0 0.58671875 0.59140625 0.06796875 0.115625
3 0.0546875 0.80078125 0.05546875 0.08515625
3 0.45234375 0.37890625 0.03125 0.0453125
3 0.81015625 0.3234375 0.0578125 0.1046875
3 0.3953125 0.63125 0.05390625 0.07890625
1 0.621875 0.51015625 0.11015625 0.12578125
0 0.12734375 0.39296875 0.02421875 0.0453125
0 0.24609375 0.19921875 0.03828125 0.05078125
0 0.36796875 0.23046875 0.02265625 0.0484375