0 0.37578125 0.40546875 0.03125 0.04296875
0 0.51328125 0.384375 0.0265625 0.03671875
0 0.57578125 0.471875 0.01640625 0.0359375
0 0.7375 0.22890625 0.02734375 0.04140625
0 0.184375 0.66171875 0.03828125 0.0484375
0 0.225 0.6609375 0.03828125 0.053125
0 0.12109375 0.71015625 0.02578125 0.04453125
0 0.2171875 0.778125 0.03984375 0.0515625
0 0.271875 0.70859375 0.03359375 0.0484375
0 0.253125 0.765625 0.04453125 0.05703125
0 0.18359375 0.959375 0.04609375 0.08046875
0 0.3546875 0.68828125 0.03046875 0.046875
3 0.31640625 0.66953125 0.04296875 0.04921875
1 0.3640625 0.85078125 0.0734375 0.0796875