0 0.64375 0.55859375 0.02734375 0.04453125
0 0.44609375 0.4734375 0.028125 0.0484375
0 0.4375 0.55390625 0.01796875 0.03984375
0 0.2515625 0.46640625 0.0328125 0.05703125
0 0.81015625 0.6921875 0.02734375 0.06953125
0 0.85546875 0.95703125 0.04140625 0.06015625
0 0.67109375 0.91796875 0.03515625 0.04609375
0 0.55 0.971875 0.0515625 0.05625
0 0.3796875 0.94140625 0.06484375 0.103125
0 0.0359375 0.96015625 0.071875 0.0796875
0 0.04453125 0.89609375 0.05546875 0.05703125
0 0.278125 0.70703125 0.03828125 0.03828125
0 0.328125 0.66796875 0.03046875 0.03984375
0 0.48046875 0.81875 0.03984375 0.05625
0 0.60390625 0.78671875 0.02578125 0.04375
0 0.61640625 0.74140625 0.03359375 0.04921875
0 0.6890625 0.74375 0.028125 0.04296875
0 0.69296875 0.709375 0.03515625 0.03984375
0 0.621875 0.69609375 0.03984375 0.0453125
0 0.5265625 0.62421875 0.03046875 0.03359375
0 0.47890625 0.60546875 0.03046875 0.04296875
0 0.43359375 0.68125 0.025 0.03828125
0 0.3921875 0.62109375 0.0390625 0.03828125
0 0.2796875 0.55703125 0.02734375 0.03203125
0 0.078125 0.5484375 0.03515625 0.040625
0 0.03515625 0.546875 0.03046875 0.03984375
0 0.01875 0.52265625 0.03671875 0.0359375
1 0.53515625 0.6609375 0.075 0.0453125
3 0.2140625 0.74765625 0.05703125 0.04921875
3 0.40234375 0.77421875 0.06875 0.06015625
3 0.51875 0.753125 0.05703125 0.0546875
3 0.33515625 0.54140625 0.03984375 0.034375