1 0.625 0.3421875 0.0859375 0.10625
2 0.61484375 0.5890625 0.02890625 0.06640625
0 0.0421875 0.96875 0.0765625 0.06171875
0 0.50859375 0.84453125 0.0859375 0.1234375
0 0.971875 0.87890625 0.0484375 0.1234375
0 0.70546875 0.60625 0.0609375 0.10625
0 0.459375 0.2125 0.075 0.10390625
0 0.50546875 0.0875 0.0640625 0.09609375
3 0.14453125 0.58984375 0.08046875 0.13828125
3 0.40546875 0.81953125 0.09140625 0.128125
3 0.45234375 0.95625 0.0765625 0.0875
3 0.8171875 0.73828125 0.1125 0.1828125
3 0.8984375 0.60390625 0.096875 0.1703125
3 0.7453125 0.43828125 0.07890625 0.13125
3 0.53359375 0.2953125 0.075 0.1109375
3 0.38515625 0.33828125 0.0625 0.10859375