0 0.3765625 0.40390625 0.02890625 0.0453125
0 0.14453125 0.871875 0.03515625 0.05625
0 0.496875 0.68046875 0.0609375 0.09375
0 0.44375 0.6953125 0.04765625 0.06640625
0 0.17734375 0.96953125 0.04375 0.0609375
0 0.765625 0.51796875 0.0375 0.0484375
0 0.65078125 0.484375 0.02421875 0.03671875
0 0.67578125 0.33203125 0.02421875 0.0484375
0 0.8703125 0.20390625 0.03984375 0.059375
0 0.98359375 0.29375 0.03125 0.0609375
3 0.6109375 0.50703125 0.03984375 0.05859375
3 0.46796875 0.80859375 0.1015625 0.14921875