2 0.2546875 0.4546875 0.040625 0.03984375
2 0.23671875 0.50625 0.04296875 0.0640625
2 0.18203125 0.559375 0.0390625 0.0421875
2 0.5328125 0.59609375 0.02890625 0.06171875
2 0.40703125 0.846875 0.0359375 0.07421875
0 0.609375 0.94140625 0.084375 0.1171875
0 0.53046875 0.8515625 0.06953125 0.16328125
0 0.465625 0.946875 0.084375 0.10625
0 0.340625 0.8484375 0.08359375 0.13125
0 0.41953125 0.7484375 0.078125 0.11875
0 0.49296875 0.6984375 0.053125 0.10390625
0 0.59375 0.6359375 0.05390625 0.09140625
0 0.6296875 0.546875 0.0484375 0.0765625
0 0.47578125 0.54921875 0.04296875 0.1015625
0 0.3734375 0.52109375 0.06640625 0.10390625
0 0.459375 0.46171875 0.065625 0.08359375
0 0.51328125 0.1484375 0.040625 0.04921875
0 0.44765625 0.24296875 0.059375 0.08671875
0 0.43515625 0.36796875 0.059375 0.07421875