3 0.365625 0.67265625 0.0875 0.18515625
2 0.2609375 0.5046875 0.025 0.03203125
0 0.7921875 0.68359375 0.065625 0.11328125
0 0.64921875 0.5890625 0.059375 0.10625
0 0.81640625 0.32734375 0.05 0.11640625
0 0.62109375 0.81953125 0.06640625 0.11328125
0 0.52578125 0.7484375 0.07109375 0.128125
0 0.4515625 0.91875 0.078125 0.10859375
0 0.296875 0.3578125 0.05859375 0.10859375
0 0.0609375 0.31875 0.071875 0.0984375
0 0.178125 0.26015625 0.078125 0.08671875
0 0.0765625 0.128125 0.05546875 0.0890625
0 0.15234375 0.13359375 0.07109375 0.10859375
3 0.628125 0.4 0.1140625 0.153125
3 0.50703125 0.41875 0.06640625 0.15546875