3 0.7515625 0.553125 0.04921875 0.06171875
1 0.30546875 0.93203125 0.07578125 0.11171875
0 0.32109375 0.66328125 0.01796875 0.0390625
0 0.36875 0.62578125 0.02265625 0.0359375
0 0.80390625 0.196875 0.02578125 0.040625
0 0.8015625 0.26171875 0.02890625 0.04609375
0 0.7765625 0.33359375 0.02734375 0.04921875
0 0.6796875 0.48203125 0.03359375 0.046875
0 0.5140625 0.5578125 0.03515625 0.053125
0 0.36953125 0.934375 0.03671875 0.065625
0 0.72265625 0.75390625 0.03515625 0.06875
0 0.89375 0.59140625 0.04609375 0.07109375
0 0.9296875 0.67265625 0.04140625 0.05078125