0 0.6609375 0.225 0.071875 0.1484375
0 0.709375 0.28359375 0.07890625 0.128125
0 0.5046875 0.34453125 0.08203125 0.13125
0 0.72890625 0.43125 0.078125 0.15546875
2 0.73515625 0.61484375 0.02890625 0.0546875
2 0.771875 0.7171875 0.0609375 0.09140625
2 0.684375 0.66640625 0.034375 0.04921875
2 0.20546875 0.646875 0.028125 0.0296875
2 0.36796875 0.478125 0.0609375 0.09140625
0 0.2328125 0.4515625 0.0625 0.0890625
0 0.5421875 0.45703125 0.05703125 0.07890625
0 0.06875 0.94765625 0.075 0.1046875
0 0.678125 0.84921875 0.096875 0.16328125