3 0.12421875 0.6828125 0.115625 0.1703125
0 0.1125 0.425 0.075 0.1828125
0 0.30390625 0.28125 0.071875 0.0890625
0 0.5078125 0.3421875 0.05390625 0.071875
0 0.840625 0.559375 0.08203125 0.1109375
0 0.96640625 0.65703125 0.05859375 0.11328125
0 0.821875 0.73984375 0.09140625 0.12109375
0 0.73046875 0.6828125 0.05859375 0.09140625
0 0.68203125 0.83671875 0.078125 0.11328125
0 0.3796875 0.771875 0.08203125 0.1359375
0 0.49296875 0.7171875 0.05546875 0.10625
0 0.44921875 0.7875 0.05390625 0.14296875
0 0.43828125 0.92421875 0.0890625 0.1515625
0 0.328125 0.92109375 0.09453125 0.14296875
3 0.328125 0.478125 0.10859375 0.165625