3 0.41015625 0.33671875 0.05703125 0.08125
1 0.70078125 0.8234375 0.10078125 0.15
0 0.640625 0.6328125 0.02421875 0.04140625
0 0.56015625 0.371875 0.02890625 0.03828125
0 0.48828125 0.26328125 0.021875 0.04453125
0 0.2625 0.109375 0.0296875 0.0390625
0 0.321875 0.134375 0.02734375 0.04140625
0 0.296875 0.140625 0.02265625 0.059375
0 0.4578125 0.346875 0.03203125 0.05859375
0 0.13203125 0.365625 0.03515625 0.05390625
0 0.19765625 0.2859375 0.04296875 0.06015625
0 0.25703125 0.271875 0.034375 0.05390625
0 0.40234375 0.540625 0.03984375 0.06015625
0 0.32578125 0.93125 0.04609375 0.07578125