2 0.3046875 0.77109375 0.04140625 0.0609375
2 0.67578125 0.86875 0.05078125 0.10625
2 0.49609375 0.8140625 0.04765625 0.07578125
0 0.96953125 0.94609375 0.06015625 0.10703125
0 0.86015625 0.9140625 0.12890625 0.17109375
0 0.79609375 0.771875 0.078125 0.140625
0 0.7046875 0.54375 0.04375 0.06796875
0 0.7125 0.2765625 0.0390625 0.05625
0 0.0515625 0.828125 0.04453125 0.06796875
0 0.23125 0.4765625 0.03515625 0.05703125
3 0.18359375 0.6828125 0.06171875 0.0859375
0 0.68203125 0.046875 0.02421875 0.04453125
0 0.4515625 0.2484375 0.028125 0.04375