3 0.48359375 0.4578125 0.10546875 0.09140625
3 0.43125 0.53359375 0.0875 0.11328125
3 0.58515625 0.321875 0.0875 0.1109375
3 0.8078125 0.5875 0.06796875 0.13359375
3 0.840625 0.7484375 0.09609375 0.16796875
3 0.8828125 0.8640625 0.1015625 0.16328125
3 0.5765625 0.63984375 0.06640625 0.11328125
0 0.7859375 0.1515625 0.06640625 0.0765625
0 0.46328125 0.1234375 0.0515625 0.10859375
0 0.38984375 0.70390625 0.084375 0.128125
0 0.48046875 0.775 0.0640625 0.10390625
0 0.49921875 0.55546875 0.05390625 0.09375
0 0.615625 0.53203125 0.071875 0.12109375
0 0.75078125 0.5 0.059375 0.08671875
2 0.85234375 0.56015625 0.02890625 0.0640625
2 0.22109375 0.5 0.03046875 0.06171875
2 0.44453125 0.26796875 0.01953125 0.0421875
0 0.684375 0.078125 0.071875 0.08671875