3 0.315625 0.075 0.0625 0.1015625
2 0.378125 0.9484375 0.03359375 0.059375
2 0.7078125 0.71640625 0.0375 0.059375
0 0.5609375 0.94296875 0.071875 0.11328125
0 0.303125 0.85546875 0.075 0.11640625
0 0.13984375 0.56015625 0.0765625 0.11875
0 0.62734375 0.59140625 0.05703125 0.10625
0 0.57890625 0.66015625 0.05859375 0.071875
0 0.590625 0.4515625 0.05703125 0.0984375
0 0.6546875 0.27421875 0.040625 0.059375
0 0.7109375 0.1515625 0.046875 0.0765625
3 0.053125 0.7015625 0.0984375 0.16796875
3 0.13828125 0.6828125 0.0875 0.12109375