3 0.18671875 0.81875 0.11796875 0.140625
0 0.68671875 0.9125 0.084375 0.11640625
0 0.7234375 0.78125 0.06953125 0.071875
0 0.671875 0.72109375 0.0515625 0.10390625
0 0.77734375 0.67890625 0.08203125 0.1234375
0 0.77734375 0.465625 0.0765625 0.12109375
0 0.6953125 0.528125 0.0625 0.10859375
0 0.559375 0.7984375 0.1140625 0.12109375
0 0.459375 0.84921875 0.05703125 0.10390625
0 0.471875 0.66328125 0.078125 0.09609375
0 0.32890625 0.6640625 0.0609375 0.11328125
0 0.22421875 0.7015625 0.0734375 0.11875
0 0.278125 0.58125 0.0734375 0.1453125
0 0.359375 0.478125 0.0765625 0.1953125
0 0.565625 0.29375 0.065625 0.11328125
0 0.69296875 0.21015625 0.06953125 0.0890625
0 0.4125 0.13984375 0.06640625 0.1109375
0 0.35703125 0.2359375 0.046875 0.071875
0 0.171875 0.3703125 0.0625 0.10390625
0 0.1953125 0.2515625 0.07890625 0.11328125
0 0.25625 0.08515625 0.0484375 0.071875