3 0.0328125 0.71640625 0.065625 0.2421875
2 0.38125 0.7359375 0.04609375 0.0546875
0 0.68671875 0.20703125 0.084375 0.0984375
0 0.565625 0.0765625 0.0625 0.10859375
0 0.42578125 0.46328125 0.09296875 0.15078125
0 0.5796875 0.85546875 0.06796875 0.13125
0 0.24765625 0.59296875 0.09296875 0.128125
0 0.1796875 0.440625 0.05703125 0.09140625
0 0.1734375 0.23671875 0.04453125 0.0890625
0 0.25703125 0.3359375 0.05859375 0.07890625
0 0.590625 0.6359375 0.11796875 0.1953125
0 0.759375 0.71875 0.090625 0.16328125