3 0.271875 0.078125 0.059375 0.071875
2 0.77265625 0.1 0.02890625 0.0515625
2 0.79375 0.03671875 0.034375 0.059375
0 0.84140625 0.11953125 0.0640625 0.12109375
0 0.5296875 0.29375 0.0765625 0.10859375
0 0.53359375 0.5125 0.06953125 0.09140625
0 0.3640625 0.71875 0.053125 0.1578125
0 0.55078125 0.72734375 0.05703125 0.12109375
0 0.471875 0.9171875 0.075 0.165625
2 0.25234375 0.7765625 0.034375 0.046875
2 0.859375 0.71640625 0.0375 0.04921875
2 0.709375 0.59765625 0.0234375 0.025
3 0.16171875 0.86796875 0.090625 0.12109375