0 0.10703125 0.2875 0.071875 0.1015625
0 0.0765625 0.41484375 0.06953125 0.0984375
0 0.18984375 0.11328125 0.034375 0.0890625
0 0.2890625 0.2984375 0.06953125 0.09375
0 0.359375 0.20234375 0.08203125 0.11875
0 0.28359375 0.5875 0.0859375 0.178125
0 0.18203125 0.68671875 0.0859375 0.14296875
0 0.23515625 0.8015625 0.09296875 0.12578125
0 0.11015625 0.8125 0.09296875 0.14296875
0 0.39140625 0.81484375 0.09140625 0.153125
0 0.5015625 0.39375 0.06953125 0.12109375
0 0.66953125 0.3125 0.08046875 0.12109375
0 0.8578125 0.2578125 0.06796875 0.13125
0 0.73984375 0.64296875 0.09609375 0.15078125
0 0.6390625 0.70234375 0.09140625 0.140625
0 0.60546875 0.9328125 0.0828125 0.134375
0 0.721875 0.86640625 0.08203125 0.153125