3 0.340625 0.46171875 0.109375 0.17265625
2 0.53984375 0.8546875 0.034375 0.07890625
0 0.89296875 0.878125 0.10859375 0.15546875
0 0.8546875 0.6703125 0.0875 0.12578125
0 0.759375 0.40234375 0.07109375 0.128125
0 0.621875 0.33359375 0.06796875 0.10859375
0 0.59609375 0.5515625 0.078125 0.1109375
0 0.49765625 0.51953125 0.06796875 0.1359375
0 0.459375 0.68984375 0.0515625 0.1109375
0 0.36953125 0.93203125 0.08046875 0.1109375
0 0.246875 0.16796875 0.059375 0.0984375
0 0.76875 0.0578125 0.065625 0.08125
0 0.11015625 0.0953125 0.0734375 0.12578125
0 0.02734375 0.18984375 0.0375 0.1234375
3 0.6859375 0.921875 0.08359375 0.15546875