3 0.553125 0.91328125 0.0890625 0.17265625
0 0.14453125 0.1484375 0.0859375 0.16328125
0 0.390625 0.68515625 0.075 0.11640625
0 0.4765625 0.70703125 0.06640625 0.10625
0 0.57265625 0.59609375 0.059375 0.12109375
0 0.66484375 0.7703125 0.0625 0.10859375
0 0.20703125 0.87265625 0.1 0.1453125
0 0.78046875 0.83828125 0.06953125 0.12578125
0 0.6375 0.35078125 0.0640625 0.10390625
0 0.64609375 0.575 0.0359375 0.09375
0 0.71171875 0.39140625 0.0484375 0.140625
0 0.74609375 0.31484375 0.04453125 0.1109375
0 0.71640625 0.23671875 0.053125 0.0984375
0 0.73359375 0.1453125 0.0609375 0.0890625