3 0.959375 0.8546875 0.08046875 0.20703125
3 0.74140625 0.63984375 0.121875 0.221875
3 0.85390625 0.83828125 0.13046875 0.225
3 0.77578125 0.92109375 0.12109375 0.1578125
0 0.365625 0.18359375 0.08203125 0.15546875
0 0.30390625 0.17890625 0.05 0.15078125
0 0.4375 0.33828125 0.05859375 0.11328125
0 0.4578125 0.6171875 0.0515625 0.10390625
0 0.665625 0.75078125 0.10390625 0.153125
0 0.64296875 0.18125 0.075 0.15078125
0 0.9234375 0.25078125 0.09140625 0.18046875
0 0.8609375 0.44453125 0.09453125 0.1484375
0 0.95234375 0.61015625 0.07109375 0.1578125
3 0.65078125 0.3421875 0.12890625 0.1453125
3 0.56171875 0.39765625 0.1015625 0.11328125
3 0.56484375 0.54921875 0.07890625 0.10625
3 0.5265625 0.68359375 0.071875 0.10859375
3 0.4796875 0.8015625 0.0984375 0.15546875
3 0.609375 0.9296875 0.0875 0.140625
3 0.26015625 0.86015625 0.109375 0.21015625
3 0.32265625 0.42734375 0.07890625 0.10859375