0 0.721875 0.30390625 0.02734375 0.0515625
0 0.690625 0.3484375 0.02421875 0.05
0 0.70078125 0.39609375 0.028125 0.04375
0 0.35078125 0.14375 0.0375 0.07578125
3 0.21875 0.3140625 0.09609375 0.13046875
0 0.20546875 0.7421875 0.05078125 0.08203125
0 0.30234375 0.31328125 0.05078125 0.07578125
0 0.5984375 0.640625 0.03984375 0.05703125
0 0.05546875 0.02109375 0.040625 0.04140625
0 0.01953125 0.0359375 0.0390625 0.07109375
0 0.4515625 0.29140625 0.03515625 0.065625
1 0.6984375 0.91015625 0.153125 0.1796875
3 0.5625 0.75078125 0.05234375 0.08515625