0 0.96953125 0.35 0.03984375 0.05390625
0 0.790625 0.1921875 0.03125 0.04375
0 0.28125 0.34765625 0.0296875 0.04375
0 0.3265625 0.3890625 0.03046875 0.053125
0 0.1234375 0.44921875 0.04296875 0.0640625
0 0.1125 0.59375 0.03828125 0.05390625
0 0.49296875 0.53671875 0.02578125 0.053125
0 0.52578125 0.509375 0.0375 0.053125
0 0.68125 0.36640625 0.02734375 0.0484375
0 0.71953125 0.3125 0.03515625 0.04140625
0 0.7640625 0.29609375 0.03359375 0.04296875
0 0.9140625 0.50859375 0.03046875 0.05625
0 0.88203125 0.77421875 0.03828125 0.06875
0 0.546875 0.98203125 0.05078125 0.0359375
1 0.4921875 0.85546875 0.14453125 0.1734375
3 0.34765625 0.5984375 0.04765625 0.05
3 0.1984375 0.51953125 0.0546875 0.06328125