3 0.82109375 0.7515625 0.1140625 0.16015625
0 0.4703125 0.41328125 0.05703125 0.05703125
0 0.19609375 0.40390625 0.05859375 0.10625
0 0.25859375 0.41015625 0.03359375 0.10390625
0 0.29609375 0.51328125 0.04140625 0.09375
0 0.40078125 0.5484375 0.0375 0.0890625
0 0.1171875 0.89140625 0.0765625 0.1234375
0 0.1390625 0.68515625 0.06640625 0.1015625
0 0.8 0.8984375 0.04453125 0.07890625
0 0.78125 0.8046875 0.05390625 0.07890625
2 0.36875 0.48125 0.02890625 0.03984375
2 0.359375 0.53125 0.01796875 0.034375