0 0.21796875 0.946875 0.11953125 0.10625
0 0.0609375 0.78515625 0.10859375 0.1484375
0 0.16015625 0.66171875 0.115625 0.17265625
0 0.80859375 0.5984375 0.09453125 0.1453125
0 0.92265625 0.825 0.06796875 0.16796875
0 0.8359375 0.78359375 0.10546875 0.18046875
0 0.6171875 0.82109375 0.1125 0.18515625
0 0.1109375 0.334375 0.1140625 0.2046875
0 0.0546875 0.4421875 0.10390625 0.2171875
0 0.39140625 0.871875 0.13046875 0.22734375
0 0.7328125 0.81640625 0.10703125 0.13125
0 0.90859375 0.6484375 0.075 0.11640625
0 0.80703125 0.43828125 0.06953125 0.09609375
0 0.53515625 0.38515625 0.0625 0.0890625
0 0.31796875 0.41015625 0.0640625 0.11328125