0 0.484375 0.6953125 0.0765625 0.175
0 0.8046875 0.3109375 0.115625 0.128125
0 0.67109375 0.28671875 0.0859375 0.17265625
0 0.38671875 0.78359375 0.090625 0.15546875
0 0.3046875 0.66171875 0.10703125 0.17265625
0 0.2359375 0.59140625 0.10546875 0.1359375
0 0.0890625 0.51640625 0.128125 0.11875
0 0.18671875 0.38125 0.159375 0.23984375
0 0.09453125 0.0578125 0.1109375 0.09140625
0 0.27109375 0.19296875 0.0640625 0.11875
0 0.34765625 0.30859375 0.07890625 0.128125
0 0.49140625 0.16015625 0.078125 0.11875
0 0.671875 0.5 0.07890625 0.10625
2 0.421875 0.53828125 0.05859375 0.07890625