0 0.74453125 0.36171875 0.0859375 0.18984375
0 0.8453125 0.425 0.13203125 0.22734375
0 0.728125 0.63359375 0.07109375 0.165625
0 0.64296875 0.59296875 0.078125 0.1578125
2 0.621875 0.771875 0.034375 0.0421875
2 0.84453125 0.521875 0.03046875 0.06640625
2 0.71171875 0.45546875 0.03203125 0.05703125
2 0.9453125 0.31015625 0.084375 0.08671875
0 0.890625 0.6484375 0.15546875 0.2546875
0 0.94140625 0.11953125 0.09140625 0.15546875
0 0.778125 0.16171875 0.10859375 0.18984375
0 0.54296875 0.16015625 0.0859375 0.1484375
0 0.5609375 0.365625 0.05859375 0.09375
3 0.2265625 0.5546875 0.078125 0.165625
3 0.2578125 0.38515625 0.0734375 0.16796875