0 0.1734375 0.53359375 0.02421875 0.05
0 0.1671875 0.40078125 0.0234375 0.05
0 0.69609375 0.34921875 0.03203125 0.05546875
1 0.56875 0.78359375 0.10234375 0.15
0 0.12734375 0.84609375 0.03671875 0.06015625
0 0.1859375 0.6953125 0.028125 0.05390625
0 0.2140625 0.58046875 0.03203125 0.05
0 0.39140625 0.6890625 0.028125 0.06875
0 0.40390625 0.61015625 0.0203125 0.0484375
0 0.7921875 0.94375 0.06328125 0.08359375
0 0.6984375 0.73203125 0.03203125 0.05390625
0 0.89296875 0.53984375 0.03984375 0.0609375
3 0.2328125 0.48125 0.0515625 0.05078125