0 0.2703125 0.578125 0.06796875 0.11328125
0 0.378125 0.91484375 0.0640625 0.11640625
3 0.1546875 0.559375 0.084375 0.12109375
3 0.07109375 0.7875 0.1109375 0.13828125
3 0.2859375 0.7 0.078125 0.1109375
0 0.3015625 0.04453125 0.04140625 0.059375
0 0.3484375 0.0984375 0.04453125 0.07890625
0 0.284375 0.1953125 0.059375 0.09375
2 0.6203125 0.97890625 0.040625 0.0421875
2 0.72890625 0.63203125 0.0359375 0.06875
2 0.415625 0.6125 0.0359375 0.07890625
2 0.35 0.43828125 0.028125 0.03203125
2 0.41328125 0.47421875 0.02109375 0.0296875
2 0.6140625 0.36171875 0.028125 0.046875
2 0.52109375 0.06015625 0.03359375 0.0421875
0 0.175 0.89375 0.06953125 0.16796875