1 0.4953125 0.5 0.12109375 0.1359375
3 0.8875 0.775 0.06953125 0.17265625
3 0.76796875 0.7578125 0.09453125 0.13828125
3 0.8609375 0.50234375 0.125 0.1453125
3 0.59296875 0.5234375 0.08046875 0.10859375
3 0.503125 0.28046875 0.08046875 0.1453125
3 0.453125 0.34921875 0.1109375 0.1359375
3 0.62265625 0.121875 0.115625 0.140625
0 0.38046875 0.55703125 0.075 0.16015625
0 0.4828125 0.64453125 0.0625 0.07890625
0 0.5203125 0.38984375 0.0484375 0.08359375
0 0.653125 0.38671875 0.06953125 0.15546875
0 0.8125 0.3640625 0.05859375 0.09140625
2 0.91796875 0.45546875 0.0359375 0.071875
2 0.2046875 0.29609375 0.02890625 0.04921875
0 0.271875 0.88984375 0.0734375 0.1359375