3 0.27265625 0.66015625 0.0625 0.1359375
0 0.834375 0.634375 0.0765625 0.1578125
0 0.571875 0.5875 0.08046875 0.1484375
0 0.465625 0.59296875 0.078125 0.178125
0 0.57265625 0.7640625 0.0734375 0.15078125
0 0.33046875 0.053125 0.05 0.08125
0 0.440625 0.23671875 0.0625 0.11875
0 0.471875 0.41484375 0.084375 0.11875
0 0.1640625 0.73359375 0.1 0.16328125
0 0.0546875 0.88359375 0.109375 0.17265625
0 0.97109375 0.78671875 0.0578125 0.1328125
2 0.9796875 0.40703125 0.02890625 0.07421875
2 0.80546875 0.93203125 0.0390625 0.06640625
2 0.65390625 0.72734375 0.0359375 0.1015625
2 0.61796875 0.3 0.0359375 0.046875
2 0.571875 0.43125 0.01796875 0.0421875
2 0.653125 0.36796875 0.021875 0.034375