3 0.1421875 0.159375 0.09609375 0.12109375
3 0.0421875 0.734375 0.084375 0.15546875
3 0.11015625 0.859375 0.1015625 0.13828125
3 0.37421875 0.2421875 0.07109375 0.10859375
3 0.521875 0.34453125 0.09140625 0.1453125
3 0.4453125 0.48125 0.109375 0.13359375
3 0.553125 0.66171875 0.08359375 0.1484375
3 0.7765625 0.72734375 0.09140625 0.1453125
3 0.778125 0.846875 0.05703125 0.10390625
3 0.81328125 0.93671875 0.0734375 0.12578125
0 0.1515625 0.70625 0.075 0.1234375
0 0.81640625 0.17265625 0.05 0.09375
0 0.91953125 0.475 0.05859375 0.06640625
0 0.33359375 0.40390625 0.046875 0.09140625
0 0.8265625 0.44453125 0.05859375 0.08359375
0 0.678125 0.4515625 0.05859375 0.08359375
0 0.5796875 0.5359375 0.065625 0.09375
0 0.86796875 0.7 0.053125 0.1015625
0 0.46015625 0.83203125 0.065625 0.1234375
0 0.559375 0.83359375 0.06796875 0.12578125
0 0.7375 0.9578125 0.075 0.08359375
0 0.065625 0.1171875 0.09453125 0.13125
2 0.4296875 0.57890625 0.02890625 0.046875
2 0.2515625 0.434375 0.0359375 0.0546875