0 0.25390625 0.24453125 0.1140625 0.178125
0 0.70390625 0.30703125 0.04140625 0.071875
0 0.66015625 0.30390625 0.040625 0.07421875
2 0.7109375 0.7984375 0.021875 0.0421875
2 0.03125 0.4578125 0.02890625 0.06640625
0 0.0984375 0.2890625 0.09453125 0.153125
0 0.25703125 0.46015625 0.08359375 0.13125
0 0.07890625 0.59609375 0.08359375 0.1109375
0 0.05625 0.734375 0.0765625 0.140625
0 0.17421875 0.62109375 0.08203125 0.13125
0 0.22421875 0.71875 0.07109375 0.128125
0 0.21171875 0.3453125 0.1015625 0.16796875
0 0.40625 0.33671875 0.059375 0.08671875
0 0.33203125 0.1296875 0.05859375 0.09140625
0 0.2421875 0.10234375 0.1015625 0.09140625
3 0.45546875 0.6640625 0.08359375 0.20234375
3 0.5296875 0.53203125 0.05703125 0.13125
3 0.33828125 0.53359375 0.0625 0.14296875
3 0.38984375 0.4578125 0.07109375 0.12109375