0 0.028125 0.8953125 0.05625 0.1375
3 0.86171875 0.2484375 0.05703125 0.08671875
3 0.87421875 0.35078125 0.07890625 0.10859375
3 0.84609375 0.40859375 0.05859375 0.11640625
3 0.859375 0.68359375 0.0640625 0.1578125
3 0.96328125 0.771875 0.0734375 0.1453125
3 0.828125 0.89453125 0.103125 0.2109375
3 0.67421875 0.1765625 0.05390625 0.12109375
3 0.51796875 0.0515625 0.08359375 0.0984375
3 0.2140625 0.2 0.071875 0.09375
3 0.26796875 0.2765625 0.071875 0.09375
3 0.5078125 0.42578125 0.05703125 0.10625
3 0.575 0.4015625 0.08359375 0.13125
3 0.6171875 0.4359375 0.06796875 0.18984375
3 0.3546875 0.43125 0.0984375 0.15546875
3 0.53984375 0.56796875 0.0484375 0.10859375
3 0.3390625 0.62109375 0.0890625 0.1359375
3 0.278125 0.72578125 0.07109375 0.10859375
3 0.409375 0.79296875 0.128125 0.2125
3 0.2734375 0.88671875 0.10546875 0.1828125
3 0.39609375 0.95078125 0.10546875 0.0984375
0 0.8734375 0.01484375 0.04140625 0.0296875
0 0.72421875 0.025 0.05703125 0.04921875
0 0.63203125 0.06171875 0.046875 0.06875
0 0.7375 0.178125 0.05546875 0.09375
0 0.91328125 0.17890625 0.05703125 0.08125
0 0.540625 0.246875 0.05703125 0.09375
0 0.634375 0.278125 0.08046875 0.11640625
0 0.71015625 0.3296875 0.06796875 0.08125
0 0.78203125 0.375 0.06953125 0.0984375
0 0.69921875 0.421875 0.0765625 0.11875
0 0.76875 0.49140625 0.06796875 0.128125
0 0.72265625 0.71015625 0.04609375 0.15078125
0 0.69921875 0.578125 0.0734375 0.11328125
0 0.784375 0.640625 0.06640625 0.1015625
0 0.78203125 0.78125 0.05859375 0.11640625
0 0.4734375 0.9296875 0.1 0.140625
0 0.47578125 0.6421875 0.0765625 0.14296875
0 0.559375 0.82109375 0.0859375 0.165625
0 0.6765625 0.89140625 0.103125 0.1875
0 0.73828125 0.8953125 0.034375 0.140625
0 0.5640625 0.68515625 0.078125 0.165625
0 0.66015625 0.7109375 0.09296875 0.1484375
2 0.5046875 0.1015625 0.0234375 0.025
2 0.35625 0.0125 0.02890625 0.01953125
2 0.784375 0.26015625 0.02109375 0.0421875
2 0.60703125 0.940625 0.025 0.04453125
0 0.28828125 0.1765625 0.059375 0.1015625
3 0.1625 0.725 0.05859375 0.1109375