0 0.97734375 0.6953125 0.0453125 0.078125
0 0.7484375 0.28125 0.05 0.0890625
3 0.39140625 0.33671875 0.0640625 0.071875
3 0.51953125 0.40625 0.08359375 0.1109375
3 0.4578125 0.50859375 0.0765625 0.10859375
3 0.546875 0.62578125 0.06953125 0.09140625
3 0.60390625 0.6296875 0.05859375 0.11875
3 0.60625 0.728125 0.04296875 0.10859375
3 0.63984375 0.78125 0.0484375 0.09609375
3 0.76171875 0.73984375 0.065625 0.1015625
3 0.78359375 0.859375 0.06953125 0.13828125
0 0.69453125 0.95703125 0.06640625 0.071875
0 0.621875 0.9515625 0.090625 0.09609375
0 0.6375 0.86171875 0.0640625 0.10859375
0 0.70390625 0.88515625 0.06640625 0.12109375
0 0.8484375 0.4890625 0.0390625 0.0640625
0 0.809375 0.659375 0.0390625 0.08359375
0 0.76796875 0.4828125 0.046875 0.06640625
0 0.665625 0.65078125 0.053125 0.06640625
0 0.559375 0.75703125 0.0484375 0.071875
0 0.63671875 0.4828125 0.0484375 0.08125
0 0.553125 0.53828125 0.040625 0.0640625
0 0.4703125 0.753125 0.05703125 0.08359375
0 0.21796875 0.66796875 0.0609375 0.09140625
0 0.359375 0.45546875 0.04609375 0.06171875
0 0.1484375 0.25078125 0.05546875 0.08671875
0 0.178125 0.1421875 0.05546875 0.06171875
2 0.70625 0.753125 0.01796875 0.0546875
3 0.290625 0.9359375 0.0609375 0.128125