2 0.85390625 0.6453125 0.0359375 0.0765625
2 0.5125 0.2515625 0.04140625 0.04453125
2 0.546875 0.17421875 0.04140625 0.08125
2 0.36015625 0.24453125 0.040625 0.0546875
2 0.40859375 0.43359375 0.04140625 0.08125
0 0.92734375 0.7828125 0.06796875 0.10859375
0 0.6578125 0.428125 0.06796875 0.09609375
0 0.52109375 0.6125 0.06953125 0.10390625
1 0.3421875 0.86875 0.19296875 0.26171875
1 0.19375 0.071875 0.1734375 0.0984375
1 0.55 0.38515625 0.09140625 0.07421875
1 0.49296875 0.30390625 0.103125 0.10859375