3 0.3875 0.128125 0.0640625 0.06875
3 0.378125 0.26796875 0.0640625 0.09609375
1 0.54765625 0.746875 0.17890625 0.13125
3 0.25859375 0.60625 0.06953125 0.13125
3 0.45390625 0.53828125 0.125 0.13828125
3 0.5703125 0.565625 0.1234375 0.20703125
3 0.553125 0.834375 0.11796875 0.16328125
3 0.07890625 0.87421875 0.1578125 0.2515625
0 0.584375 0.06796875 0.0515625 0.06640625
0 0.85546875 0.08671875 0.04140625 0.04453125
0 0.9265625 0.2015625 0.05859375 0.06171875
0 0.62890625 0.1875 0.046875 0.07421875
0 0.70390625 0.31484375 0.05 0.09140625
0 0.54921875 0.24453125 0.06796875 0.0984375
0 0.48828125 0.3296875 0.0484375 0.06171875
0 0.4578125 0.44453125 0.0734375 0.10859375
0 0.390625 0.8109375 0.084375 0.12578125
0 0.51640625 0.61875 0.1109375 0.1703125
0 0.6984375 0.778125 0.09140625 0.13828125
1 0.48046875 0.14296875 0.121875 0.10390625
1 0.7453125 0.08515625 0.10703125 0.140625