3 0.06953125 0.4125 0.096875 0.153125
3 0.45390625 0.953125 0.153125 0.09375
3 0.7875 0.865625 0.08046875 0.1703125
3 0.8390625 0.678125 0.09140625 0.1359375
3 0.80078125 0.32109375 0.0984375 0.1484375
3 0.3890625 0.7234375 0.06640625 0.128125
3 0.33125 0.59296875 0.084375 0.1234375
3 0.72109375 0.475 0.103125 0.16015625
3 0.6578125 0.19296875 0.08203125 0.128125
3 0.44609375 0.08359375 0.08359375 0.0984375
3 0.29375 0.14453125 0.08203125 0.10625
0 0.6078125 0.36171875 0.0625 0.1015625
0 0.97734375 0.51015625 0.0453125 0.1234375
0 0.859375 0.57890625 0.05546875 0.08671875
0 0.71796875 0.84296875 0.0859375 0.13125
0 0.428125 0.60390625 0.07890625 0.12578125
0 0.04453125 0.8875 0.0890625 0.13125
0 0.378125 0.046875 0.08203125 0.07421875
2 0.30703125 0.67421875 0.03046875 0.059375
2 0.528125 0.36640625 0.0359375 0.0515625
2 0.69609375 0.55703125 0.03046875 0.03671875