1 0.41875 0.90703125 0.0765625 0.18515625
1 0.4265625 0.20390625 0.0609375 0.175
1 0.334375 0.21484375 0.0609375 0.0984375
1 0.659375 0.3359375 0.10390625 0.09375
1 0.69375 0.23359375 0.084375 0.09140625
1 0.940625 0.3890625 0.08046875 0.09140625
1 0.796875 0.72734375 0.10546875 0.175
0 0.7625 0.478125 0.06640625 0.11640625
0 0.5953125 0.38125 0.04296875 0.09140625
0 0.5328125 0.3296875 0.04609375 0.1015625
0 0.490625 0.221875 0.0390625 0.0640625
0 0.0625 0.11953125 0.05859375 0.08671875
2 0.790625 0.89375 0.025 0.03984375
2 0.6125 0.5546875 0.0390625 0.06640625
2 0.04765625 0.3875 0.0625 0.09375
2 0.253125 0.3546875 0.05390625 0.08125
2 0.59609375 0.9296875 0.05546875 0.08125