2 0.196875 0.76796875 0.06796875 0.11328125
2 0.7515625 0.4 0.0390625 0.0546875
2 0.63828125 0.721875 0.034375 0.06171875
0 0.240625 0.13671875 0.03046875 0.046875
0 0.52265625 0.06015625 0.01796875 0.03203125
0 0.55859375 0.11015625 0.03359375 0.046875
0 0.7703125 0.14921875 0.040625 0.0765625
0 0.5921875 0.22578125 0.02890625 0.05703125
0 0.640625 0.271875 0.0625 0.08359375
0 0.67421875 0.34921875 0.05390625 0.08671875
0 0.64609375 0.4484375 0.06640625 0.10625
0 0.14921875 0.43828125 0.05390625 0.0765625
1 0.91015625 0.1421875 0.115625 0.09140625
1 0.30234375 0.7984375 0.15703125 0.13125
1 0.06796875 0.61328125 0.05859375 0.1453125