3 0.72109375 0.4953125 0.06953125 0.1015625
3 0.50234375 0.33828125 0.11796875 0.153125
1 0.534375 0.2578125 0.08359375 0.12109375
1 0.04140625 0.29296875 0.075 0.24921875
1 0.35703125 0.55703125 0.10546875 0.1109375
1 0.2625 0.4640625 0.10546875 0.22734375
1 0.14921875 0.5046875 0.140625 0.08671875
1 0.92890625 0.62578125 0.14140625 0.1453125
0 0.8 0.83359375 0.1 0.12578125
0 0.71796875 0.7296875 0.0640625 0.12578125
0 0.73984375 0.14453125 0.05703125 0.08671875
0 0.24140625 0.125 0.03359375 0.071875
2 0.64921875 0.40625 0.0375 0.05703125
2 0.3296875 0.71328125 0.0484375 0.06875