3 0.28359375 0.16640625 0.07265625 0.0859375
2 0.24140625 0.65078125 0.0515625 0.05859375
2 0.36953125 0.78671875 0.05390625 0.075
2 0.48671875 0.921875 0.02421875 0.03828125
0 0.5890625 0.06796875 0.0671875 0.08828125
0 0.890625 0.203125 0.07109375 0.11484375
0 0.884375 0.7359375 0.07578125 0.13046875
0 0.946875 0.90703125 0.10546875 0.1515625
0 0.33984375 0.4609375 0.05859375 0.084375
0 0.4453125 0.596875 0.07421875 0.1359375
0 0.33203125 0.62734375 0.09140625 0.14375
0 0.04609375 0.76640625 0.09140625 0.165625