0 0.2453125 0.63984375 0.10859375 0.178125
0 0.12890625 0.9640625 0.1203125 0.071875
0 0.42890625 0.83671875 0.078125 0.1359375
0 0.76953125 0.20625 0.08671875 0.1109375
0 0.87890625 0.14375 0.09765625 0.175
0 0.90078125 0.0375 0.08515625 0.065625
3 0.9484375 0.67109375 0.10234375 0.2015625
3 0.80078125 0.71953125 0.07421875 0.14453125
3 0.40703125 0.6953125 0.12421875 0.21484375
3 0.34296875 0.33203125 0.06171875 0.1046875
2 0.609375 0.38671875 0.03203125 0.0609375
2 0.415625 0.290625 0.02578125 0.0609375
2 0.33515625 0.22421875 0.02578125 0.0515625