2 0.871875 0.7703125 0.021875 0.034375
2 0.7984375 0.8234375 0.028125 0.03203125
0 0.91640625 0.36015625 0.0359375 0.059375
0 0.78359375 0.43984375 0.0359375 0.04921875
0 0.57890625 0.4953125 0.028125 0.03671875
0 0.33359375 0.459375 0.04140625 0.0640625
0 0.6125 0.55078125 0.04453125 0.0640625
0 0.43515625 0.57421875 0.05390625 0.071875
0 0.3625 0.5578125 0.05 0.0890625
0 0.121875 0.65546875 0.053125 0.1015625
0 0.496875 0.81328125 0.05546875 0.08125
1 0.83359375 0.89296875 0.125 0.06640625
1 0.6703125 0.8359375 0.115625 0.1109375
1 0.678125 0.653125 0.08203125 0.08125