2 0.19453125 0.6890625 0.0390625 0.059375
2 0.13203125 0.66875 0.06640625 0.0546875
2 0.28046875 0.85546875 0.04453125 0.08671875
2 0.21328125 0.5421875 0.0734375 0.06171875
2 0.309375 0.68671875 0.065625 0.09375
2 0.58828125 0.7890625 0.0265625 0.05703125
2 0.53828125 0.62734375 0.1125 0.1234375
0 0.60703125 0.92734375 0.0859375 0.1453125
0 0.3171875 0.58671875 0.0375 0.06171875
0 0.7890625 0.678125 0.0390625 0.08125
0 0.83359375 0.50625 0.04453125 0.06875
0 0.778125 0.43203125 0.0265625 0.0546875
0 0.7546875 0.26171875 0.04296875 0.0546875
0 0.6609375 0.26796875 0.04140625 0.06640625
0 0.31796875 0.2765625 0.03359375 0.059375