2 0.40234375 0.946875 0.03359375 0.02421875
2 0.46953125 0.8828125 0.02421875 0.02109375
2 0.540625 0.86953125 0.02578125 0.028125
2 0.8390625 0.97421875 0.025 0.040625
0 0.71953125 0.51640625 0.05234375 0.1046875
0 0.63671875 0.528125 0.0375 0.06328125
0 0.596875 0.57109375 0.02578125 0.05625
0 0.60390625 0.640625 0.0375 0.05546875
0 0.65234375 0.64921875 0.03984375 0.07109375
0 0.78828125 0.6734375 0.034375 0.071875
0 0.69296875 0.675 0.04140625 0.08359375
0 0.5296875 0.8921875 0.0546875 0.0859375
0 0.3375 0.87578125 0.0578125 0.0859375