2 0.265625 0.67421875 0.04296875 0.04921875
2 0.34140625 0.81328125 0.03359375 0.08671875
2 0.3359375 0.7171875 0.05859375 0.0765625
2 0.24609375 0.9046875 0.0390625 0.05703125
2 0.484375 0.6953125 0.0640625 0.05703125
2 0.81796875 0.60625 0.0640625 0.08125
2 0.52421875 0.8828125 0.0515625 0.071875
2 0.84921875 0.84296875 0.0375 0.0515625
0 0.328125 0.2890625 0.0234375 0.0640625
0 0.365625 0.434375 0.02890625 0.07421875
0 0.65703125 0.54296875 0.053125 0.0890625
0 0.80859375 0.24296875 0.05859375 0.09140625
1 0.828125 0.41328125 0.134375 0.13125