3 0.82890625 0.3828125 0.08046875 0.11328125
3 0.32890625 0.36015625 0.06640625 0.11328125
3 0.36328125 0.58984375 0.12890625 0.20703125
0 0.0765625 0.31953125 0.10546875 0.15546875
2 0.10078125 0.76796875 0.07890625 0.11328125
2 0.31484375 0.58671875 0.0515625 0.13125
2 0.5140625 0.821875 0.078125 0.1234375
2 0.640625 0.92578125 0.05546875 0.1484375
2 0.74140625 0.21015625 0.046875 0.08359375
2 0.72734375 0.51328125 0.03203125 0.07890625
2 0.4890625 0.46796875 0.028125 0.0515625
2 0.17734375 0.46328125 0.0515625 0.08671875
1 0.45390625 0.60859375 0.06640625 0.2546875