3 0.109375 0.86015625 0.06640625 0.12109375
3 0.240625 0.80703125 0.06796875 0.08359375
3 0.278125 0.89296875 0.08203125 0.12578125
1 0.784375 0.41484375 0.1140625 0.11875
1 0.396875 0.81640625 0.178125 0.12109375
1 0.709375 0.8875 0.14609375 0.225
0 0.784375 0.2828125 0.040625 0.08125
0 0.6578125 0.48125 0.040625 0.08359375
0 0.3765625 0.24453125 0.03359375 0.0546875
0 0.4171875 0.3875 0.0265625 0.0640625
2 0.54609375 0.7296875 0.04140625 0.0515625
2 0.4546875 0.53203125 0.05390625 0.06171875
2 0.9359375 0.2984375 0.04453125 0.034375