0 0.94609375 0.09375 0.0625 0.0953125
0 0.846875 0.94609375 0.071875 0.10703125
0 0.621875 0.94609375 0.0640625 0.10703125
0 0.5609375 0.87890625 0.04375 0.11640625
0 0.50234375 0.87578125 0.07578125 0.15546875
0 0.53125 0.63515625 0.05859375 0.1
0 0.60390625 0.56796875 0.06953125 0.10546875
0 0.60859375 0.4640625 0.05703125 0.0859375
0 0.74375 0.56953125 0.05625 0.08203125
0 0.778125 0.53203125 0.05234375 0.1046875
0 0.72421875 0.478125 0.053125 0.1046875
0 0.825 0.43515625 0.04375 0.09609375
3 0.7390625 0.93515625 0.084375 0.1296875
3 0.559375 0.40859375 0.07890625 0.128125
3 0.1578125 0.84921875 0.059375 0.115625
2 0.09453125 0.60390625 0.040625 0.03359375
2 0.22578125 0.81015625 0.03046875 0.0609375
2 0.14765625 0.76484375 0.01640625 0.03359375
2 0.40859375 0.82890625 0.01640625 0.0359375
2 0.334375 0.44609375 0.02109375 0.028125
0 0.725 0.06015625 0.05625 0.09453125