2 0.66875 0.18515625 0.04296875 0.0640625
2 0.3296875 0.08671875 0.02890625 0.03984375
2 0.815625 0.11640625 0.03203125 0.03984375
2 0.41484375 0.28359375 0.034375 0.03984375
2 0.378125 0.275 0.03359375 0.046875
2 0.36953125 0.33828125 0.05 0.04921875
2 0.3671875 0.6015625 0.034375 0.0421875
2 0.59296875 0.5765625 0.0390625 0.046875
2 0.77734375 0.78984375 0.065625 0.0546875
2 0.771875 0.71328125 0.05703125 0.04921875
2 0.86875 0.61640625 0.0625 0.046875
2 0.85390625 0.3546875 0.046875 0.046875
2 0.90234375 0.3546875 0.059375 0.0515625
2 0.95625 0.353125 0.04609375 0.04921875
3 0.13828125 0.571875 0.059375 0.12109375
3 0.28828125 0.33203125 0.09609375 0.18515625
3 0.4078125 0.08671875 0.090625 0.1484375
3 0.5390625 0.30390625 0.11640625 0.178125
0 0.2625 0.765625 0.071875 0.07421875
0 0.440625 0.64921875 0.059375 0.08359375
0 0.67265625 0.96796875 0.05703125 0.0640625
0 0.6296875 0.9234375 0.040625 0.03984375
0 0.66640625 0.7828125 0.08046875 0.11328125
0 0.4921875 0.50234375 0.10703125 0.15546875
0 0.5796875 0.14453125 0.1234375 0.1453125