2 0.40625 0.578125 0.01796875 0.0296875
2 0.2953125 0.58125 0.01796875 0.021875
2 0.3828125 0.66328125 0.015625 0.0171875
2 0.41015625 0.78359375 0.015625 0.02734375
2 0.375 0.7828125 0.01953125 0.025
2 0.265625 0.74453125 0.02109375 0.02734375
2 0.12421875 0.3515625 0.034375 0.0515625
3 0.93359375 0.11796875 0.1328125 0.1578125
3 0.8828125 0.253125 0.1375 0.1359375
3 0.715625 0.26796875 0.0640625 0.09609375
3 0.73984375 0.12578125 0.059375 0.0890625
2 0.34453125 0.22578125 0.01953125 0.071875
2 0.509375 0.28984375 0.04140625 0.046875
2 0.640625 0.16796875 0.03203125 0.0296875
2 0.55703125 0.1515625 0.04453125 0.0421875
2 0.9578125 0.35546875 0.0515625 0.03984375
2 0.69140625 0.48125 0.028125 0.0296875
2 0.73203125 0.546875 0.0359375 0.02734375
2 0.8 0.84296875 0.04140625 0.0171875
2 0.95078125 0.940625 0.04296875 0.0296875
2 0.915625 0.82578125 0.040625 0.03671875
2 0.97265625 0.859375 0.05390625 0.04453125
0 0.53984375 0.91796875 0.0921875 0.1640625
0 0.696875 0.8703125 0.08203125 0.09140625
0 0.78671875 0.62109375 0.13203125 0.1359375
0 0.578125 0.6703125 0.11796875 0.1953125
0 0.48203125 0.6234375 0.05 0.0421875
0 0.46171875 0.4234375 0.09296875 0.13125
0 0.20234375 0.178125 0.1375 0.153125
0 0.2171875 0.36328125 0.0765625 0.07890625
0 0.071875 0.5546875 0.1375 0.15546875