3 0.05 0.75546875 0.1 0.11328125
3 0.34453125 0.6984375 0.0640625 0.0890625
0 0.871875 0.9828125 0.1390625 0.034375
0 0.484375 0.8765625 0.0515625 0.08359375
0 0.5515625 0.75546875 0.05859375 0.0890625
0 0.6359375 0.54453125 0.0609375 0.09140625
3 0.7265625 0.59609375 0.1 0.175
3 0.8328125 0.5890625 0.084375 0.1109375
0 0.796875 0.33359375 0.0890625 0.11875
0 0.71796875 0.3578125 0.05859375 0.08359375
0 0.79296875 0.1296875 0.053125 0.10625
3 0.715625 0.2484375 0.0734375 0.15078125
2 0.51953125 0.171875 0.03046875 0.05703125
2 0.628125 0.0953125 0.04140625 0.05703125