0 0.709375 0.1546875 0.059375 0.08671875
3 0.92890625 0.03125 0.1109375 0.06171875
3 0.621875 0.1828125 0.0875 0.13359375
3 0.44296875 0.078125 0.046875 0.08671875
0 0.3359375 0.19375 0.021875 0.10625
0 0.37734375 0.23828125 0.0484375 0.08671875
0 0.5625 0.0875 0.05859375 0.09609375
0 0.940625 0.2640625 0.11796875 0.16328125
3 0.62265625 0.828125 0.0265625 0.06640625
0 0.5125 0.43125 0.06640625 0.12578125
0 0.6484375 0.47265625 0.075 0.11640625
0 0.56171875 0.70234375 0.0625 0.13125
0 0.6609375 0.97265625 0.06640625 0.0546875
0 0.58984375 0.94765625 0.0703125 0.1046875
3 0.771875 0.38125 0.06953125 0.0765625
3 0.86640625 0.89453125 0.1640625 0.2109375
3 0.340625 0.9640625 0.08359375 0.071875