2 0.4703125 0.23203125 0.0265625 0.0546875
3 0.46953125 0.30859375 0.0640625 0.10390625
2 0.47109375 0.4421875 0.03046875 0.0546875
2 0.86015625 0.95703125 0.02890625 0.0421875
2 0.8125 0.51484375 0.05 0.071875
2 0.85 0.49609375 0.046875 0.0546875
2 0.9171875 0.50390625 0.059375 0.0640625
0 0.575 0.70703125 0.09140625 0.13125
0 0.6765625 0.7640625 0.08046875 0.10625
0 0.56875 0.846875 0.05703125 0.06875
0 0.9515625 0.92578125 0.096875 0.1484375
3 0.6171875 0.57890625 0.06796875 0.11640625
3 0.6359375 0.93828125 0.06640625 0.1234375