0 0.93671875 0.5515625 0.09609375 0.1015625
0 0.38984375 0.23671875 0.03203125 0.06875
0 0.77109375 0.35078125 0.046875 0.07890625
0 0.48359375 0.08671875 0.025 0.04453125
3 0.39921875 0.0453125 0.04296875 0.03203125
3 0.40703125 0.175 0.0359375 0.04921875
3 0.92890625 0.2046875 0.06953125 0.03984375
3 0.85234375 0.26328125 0.05703125 0.071875
3 0.78125 0.259375 0.065625 0.059375
3 0.9171875 0.32109375 0.06796875 0.04921875
3 0.8484375 0.346875 0.0890625 0.09140625
3 0.7703125 0.42578125 0.065625 0.09140625
3 0.18359375 0.440625 0.0359375 0.06171875
3 0.225 0.51328125 0.03359375 0.04453125
3 0.3140625 0.6546875 0.0640625 0.0890625
3 0.565625 0.5453125 0.059375 0.1234375
3 0.40078125 0.88671875 0.0515625 0.10859375