0 0.7796875 0.375 0.065625 0.09375
0 0.815625 0.0421875 0.075 0.08359375
0 0.90703125 0.0640625 0.09140625 0.09375
3 0.7453125 0.03828125 0.059375 0.0765625
3 0.86484375 0.13984375 0.1265625 0.12578125
3 0.56015625 0.95625 0.0640625 0.0875
3 0.7828125 0.7453125 0.0765625 0.13828125
2 0.82265625 0.725 0.0234375 0.021875
2 0.58984375 0.475 0.02890625 0.03671875
2 0.35390625 0.69609375 0.0359375 0.04453125
1 0.59609375 0.81640625 0.05 0.175
0 0.69609375 0.43359375 0.078125 0.10625
0 0.62890625 0.6484375 0.0609375 0.1015625
0 0.49453125 0.7171875 0.0609375 0.09609375
0 0.36484375 0.63125 0.05703125 0.08671875
0 0.4828125 0.43359375 0.0625 0.10625
0 0.421875 0.45546875 0.046875 0.08671875
0 0.39453125 0.41953125 0.04453125 0.0640625
0 0.36484375 0.3578125 0.040625 0.0640625
0 0.19375 0.59609375 0.084375 0.1015625
0 0.3296875 0.3015625 0.06796875 0.08359375
0 0.2625 0.35546875 0.0609375 0.04921875
0 0.24375 0.28515625 0.0625 0.08671875
0 0.16953125 0.1421875 0.05859375 0.08125
0 0.20546875 0.034375 0.06640625 0.059375
3 0.60390625 0.11328125 0.046875 0.0640625
3 0.36953125 0.1296875 0.06640625 0.06640625
3 0.42890625 0.36640625 0.04453125 0.0765625
3 0.01953125 0.43125 0.0359375 0.10625
3 0.05546875 0.02734375 0.0859375 0.0546875
2 0.471875 0.340625 0.021875 0.03984375
2 0.47265625 0.24921875 0.015625 0.04921875
2 0.6828125 0.16328125 0.02109375 0.0296875
2 0.6125 0.22734375 0.01640625 0.025
2 0.640625 0.16640625 0.02109375 0.02734375
0 0.0671875 0.72109375 0.12890625 0.11875
3 0.2375 0.90703125 0.1 0.1453125