3 0.071875 0.3015625 0.14296875 0.17265625
3 0.06484375 0.09765625 0.12890625 0.1453125
2 0.72890625 0.14296875 0.021875 0.03984375
2 0.934375 0.45703125 0.03203125 0.034375
2 0.88046875 0.39765625 0.028125 0.04453125
2 0.828125 0.38359375 0.03203125 0.0421875
2 0.7828125 0.3765625 0.034375 0.03671875
3 0.78984375 0.1890625 0.07109375 0.05703125
3 0.61171875 0.159375 0.05390625 0.08671875
3 0.45859375 0.3109375 0.046875 0.08359375
3 0.23671875 0.49140625 0.1125 0.1484375
3 0.42265625 0.66171875 0.0515625 0.07890625
0 0.334375 0.42578125 0.0484375 0.1015625
0 0.509375 0.0984375 0.0625 0.11328125
0 0.6125 0.51484375 0.05859375 0.11640625
0 0.73125 0.6171875 0.06796875 0.11328125
0 0.6515625 0.61015625 0.06640625 0.128125
0 0.50625 0.5484375 0.0765625 0.128125
0 0.140625 0.39765625 0.1015625 0.1234375
0 0.109375 0.82578125 0.1390625 0.140625