0 0.86015625 0.30234375 0.04296875 0.05703125
0 0.90234375 0.475 0.034375 0.03671875
0 0.66484375 0.265625 0.034375 0.0515625
0 0.740625 0.38671875 0.0390625 0.05703125
0 0.76875 0.440625 0.0484375 0.06640625
0 0.82578125 0.51484375 0.0515625 0.06640625
0 0.61484375 0.33828125 0.04609375 0.07421875
0 0.634375 0.39609375 0.0484375 0.071875
0 0.57734375 0.38046875 0.0375 0.059375
0 0.44609375 0.46171875 0.053125 0.07890625
0 0.65390625 0.53359375 0.0359375 0.0640625
0 0.578125 0.6046875 0.05390625 0.10859375
3 0.90546875 0.371875 0.0390625 0.05703125
3 0.959375 0.35703125 0.0515625 0.06171875
3 0.784375 0.27421875 0.04140625 0.034375
3 0.540625 0.2453125 0.0359375 0.03203125
3 0.49765625 0.32109375 0.040625 0.059375
3 0.45625 0.32578125 0.0515625 0.0640625
3 0.540625 0.37265625 0.04609375 0.03984375
3 0.421875 0.40390625 0.04140625 0.0515625
3 0.51171875 0.4125 0.05390625 0.06875
3 0.45546875 0.52734375 0.0609375 0.0765625
3 0.9046875 0.525 0.04609375 0.09140625
3 0.9390625 0.7828125 0.0390625 0.06875
3 0.25078125 0.79140625 0.090625 0.15078125