2 0.56484375 0.81328125 0.03203125 0.03203125
2 0.42734375 0.66875 0.02109375 0.034375
2 0.33515625 0.75703125 0.0234375 0.03203125
2 0.39140625 0.94921875 0.025 0.03671875
2 0.32890625 0.8234375 0.0359375 0.03671875
2 0.228125 0.9109375 0.0359375 0.04453125
3 0.2796875 0.7234375 0.05390625 0.07890625
3 0.065625 0.59296875 0.103125 0.17265625
3 0.0578125 0.42734375 0.090625 0.11875
3 0.16171875 0.50703125 0.05390625 0.071875
3 0.334375 0.39765625 0.0859375 0.128125
3 0.23515625 0.034375 0.109375 0.06875
2 0.55 0.540625 0.01953125 0.0296875
2 0.971875 0.31015625 0.05546875 0.0421875
2 0.80546875 0.37265625 0.03359375 0.034375
3 0.55859375 0.63671875 0.0390625 0.0640625
3 0.58359375 0.7 0.071875 0.1015625
3 0.39921875 0.740625 0.06796875 0.1234375
3 0.49296875 0.7421875 0.0859375 0.15546875
3 0.72578125 0.2875 0.09296875 0.12109375
3 0.8578125 0.7 0.11796875 0.1359375
1 0.4140625 0.4953125 0.075 0.18515625
1 0.6015625 0.2828125 0.13046875 0.11640625
0 0.28984375 0.14921875 0.0734375 0.08671875
0 0.36328125 0.23359375 0.0484375 0.08125
0 0.1953125 0.29765625 0.09296875 0.12578125
0 0.70703125 0.40625 0.1109375 0.12578125
0 0.65234375 0.64453125 0.1234375 0.1484375
0 0.68984375 0.8 0.07109375 0.10390625
0 0.14609375 0.72578125 0.096875 0.10390625
0 0.084375 0.83125 0.10546875 0.1015625