1 0.33359375 0.9046875 0.153125 0.18984375
1 0.40234375 0.86796875 0.0984375 0.1953125
0 0.796875 0.92578125 0.09453125 0.1484375
0 0.90546875 0.78671875 0.1 0.16015625
0 0.459375 0.61484375 0.08203125 0.178125
0 0.38984375 0.45078125 0.07109375 0.1015625
0 0.67109375 0.46171875 0.06640625 0.1234375
0 0.71953125 0.36015625 0.05546875 0.0984375
0 0.6 0.28125 0.04453125 0.0640625
0 0.46015625 0.246875 0.059375 0.07890625
0 0.39453125 0.20703125 0.053125 0.07890625
0 0.6453125 0.2484375 0.04296875 0.0515625