0 0.346875 0.73828125 0.08828125 0.15859375
0 0.7578125 0.72578125 0.07421875 0.15
3 0.8734375 0.93359375 0.0984375 0.13203125
3 0.7359375 0.92890625 0.11171875 0.14140625
3 0.82890625 0.490625 0.059375 0.10625
3 0.73984375 0.4140625 0.07265625 0.0953125
3 0.509375 0.634375 0.08203125 0.13203125
3 0.42890625 0.47109375 0.08515625 0.10546875
3 0.52421875 0.1796875 0.05 0.0890625
3 0.4609375 0.078125 0.0703125 0.0953125
3 0.3140625 0.9296875 0.1125 0.140625
3 0.0703125 0.94375 0.0671875 0.11171875
3 0.29609375 0.36953125 0.07109375 0.10859375
3 0.23515625 0.5265625 0.059375 0.10546875
3 0.21015625 0.64296875 0.059375 0.10078125
3 0.15625 0.684375 0.04765625 0.09453125
3 0.14140625 0.575 0.09921875 0.15546875
3 0.2 0.4390625 0.07109375 0.09140625
3 0.14453125 0.446875 0.05703125 0.09296875
3 0.06953125 0.428125 0.04609375 0.10703125
0 0.64609375 0.95390625 0.06640625 0.09140625
0 0.46796875 0.940625 0.05078125 0.09453125
0 0.47109375 0.77578125 0.075 0.10703125
0 0.38671875 0.9515625 0.06015625 0.096875
0 0.21875 0.86328125 0.06171875 0.1
0 0.175 0.96640625 0.07265625 0.06640625
0 0.140625 0.8890625 0.06015625 0.11171875
0 0.39921875 0.584375 0.03828125 0.0640625
0 0.9625 0.36875 0.06484375 0.10390625
0 0.5203125 0.3390625 0.05234375 0.0953125
0 0.34921875 0.2734375 0.0953125 0.0984375
0 0.3671875 0.18359375 0.04296875 0.06171875
0 0.16484375 0.328125 0.0625 0.10703125
0 0.1203125 0.2234375 0.06796875 0.090625
0 0.165625 0.05 0.059375 0.08671875
3 0.39453125 0.409375 0.05859375 0.128125
3 0.7421875 0.13125 0.0828125 0.10390625
2 0.92734375 0.69296875 0.0359375 0.0546875