0 0.315625 0.68125 0.04609375 0.04921875
3 0.41875 0.41328125 0.03203125 0.05703125
3 0.49453125 0.38515625 0.04140625 0.06875
3 0.5078125 0.29765625 0.0515625 0.08125
3 0.63671875 0.30703125 0.05703125 0.1015625
3 0.753125 0.13359375 0.07890625 0.1234375
3 0.58671875 0.04921875 0.059375 0.0984375
0 0.790625 0.478125 0.0890625 0.10625
0 0.02734375 0.421875 0.0515625 0.11328125
0 0.02578125 0.56796875 0.0515625 0.06875
0 0.25078125 0.56328125 0.084375 0.09375
0 0.3765625 0.628125 0.05 0.06640625
0 0.53046875 0.64453125 0.06640625 0.08359375
0 0.478125 0.7875 0.053125 0.0546875
0 0.496875 0.93203125 0.034375 0.0421875
0 0.4609375 0.971875 0.021875 0.03203125
0 0.53984375 0.94296875 0.0265625 0.034375
0 0.63359375 0.90703125 0.04140625 0.0515625
0 0.6828125 0.93125 0.02890625 0.034375
0 0.7640625 0.8421875 0.0390625 0.0546875
0 0.7390625 0.6890625 0.0609375 0.0640625
0 0.65859375 0.63671875 0.06640625 0.07890625
0 0.93125 0.6890625 0.04296875 0.04453125
2 0.60078125 0.71640625 0.0265625 0.025
2 0.89296875 0.5453125 0.03046875 0.0296875