2 0.203125 0.59765625 0.0265625 0.01953125
2 0.26484375 0.71640625 0.0265625 0.034375
2 0.22421875 0.68671875 0.0234375 0.034375
3 0.134375 0.81640625 0.1359375 0.1703125
3 0.05234375 0.571875 0.0984375 0.1015625
3 0.33203125 0.66796875 0.0859375 0.140625
3 0.053125 0.33046875 0.10625 0.1640625
3 0.309375 0.1015625 0.06640625 0.0984375
3 0.14140625 0.053125 0.09140625 0.08671875
3 0.4859375 0.33671875 0.075 0.09140625
2 0.615625 0.21015625 0.0265625 0.034375
2 0.8859375 0.29609375 0.0359375 0.0296875
2 0.86875 0.246875 0.04296875 0.04453125
2 0.71328125 0.96015625 0.0265625 0.03984375
3 0.465625 0.525 0.065625 0.11640625
3 0.7265625 0.63828125 0.0859375 0.15546875
3 0.64296875 0.8984375 0.071875 0.11328125
1 0.8375 0.50703125 0.10859375 0.2046875
0 0.33984375 0.50625 0.065625 0.08359375
0 0.25234375 0.4640625 0.04609375 0.0890625
0 0.165625 0.45703125 0.06640625 0.0890625
0 0.159375 0.34453125 0.09296875 0.1015625
0 0.40625 0.08515625 0.07109375 0.1109375
0 0.5140625 0.0484375 0.0609375 0.09609375
0 0.64921875 0.15546875 0.0515625 0.07890625
0 0.75703125 0.0578125 0.1078125 0.115625
0 0.8890625 0.04296875 0.13046875 0.0765625
0 0.57421875 0.63125 0.0625 0.08671875
0 0.77578125 0.31875 0.09296875 0.11328125
0 0.97421875 0.3546875 0.0515625 0.10625
0 0.8875 0.8 0.1109375 0.10390625
0 0.21875 0.9125 0.07109375 0.09140625
0 0.31015625 0.9515625 0.0625 0.0765625