3 0.678125 0.58359375 0.0609375 0.10625
3 0.540625 0.425 0.0640625 0.08359375
0 0.53203125 0.93203125 0.04453125 0.10625
0 0.8453125 0.86875 0.1125 0.10859375
0 0.759375 0.73203125 0.0875 0.10625
0 0.73984375 0.60390625 0.0734375 0.1109375
0 0.615625 0.378125 0.0734375 0.10859375
0 0.41875 0.7484375 0.05390625 0.0984375
0 0.19765625 0.4703125 0.04296875 0.0421875
0 0.24921875 0.35703125 0.059375 0.08671875
0 0.084375 0.434375 0.0484375 0.06875
3 0.228125 0.940625 0.10859375 0.11875
3 0.17578125 0.77890625 0.0765625 0.12578125
3 0.32578125 0.753125 0.090625 0.1578125
3 0.4015625 0.653125 0.0640625 0.12578125
3 0.33984375 0.559375 0.0515625 0.09140625
3 0.265625 0.578125 0.075 0.1484375
3 0.4046875 0.37421875 0.059375 0.0765625
3 0.65234375 0.1015625 0.07890625 0.10859375
3 0.91171875 0.2640625 0.1125 0.0890625
3 0.728125 0.28984375 0.0484375 0.09140625
2 0.578125 0.88125 0.021875 0.034375