2 0.3390625 0.14921875 0.03046875 0.03203125
2 0.2515625 0.1953125 0.03046875 0.04453125
2 0.37109375 0.27265625 0.03359375 0.0515625
2 0.3 0.328125 0.03046875 0.03984375
2 0.68125 0.7171875 0.0234375 0.03671875
0 0.44453125 0.3875 0.05 0.11328125
0 0.5265625 0.48359375 0.04140625 0.06875
0 0.48359375 0.53984375 0.0359375 0.13125
0 0.13828125 0.79765625 0.084375 0.10390625
0 0.15 0.6875 0.1109375 0.1015625
0 0.34453125 0.9015625 0.06640625 0.07890625
0 0.3984375 0.759375 0.05 0.071875
0 0.43046875 0.57265625 0.0390625 0.07890625
0 0.4578125 0.45703125 0.04296875 0.07421875
0 0.490625 0.40703125 0.034375 0.0640625
0 0.61796875 0.35546875 0.046875 0.07421875
0 0.65625 0.46328125 0.065625 0.1015625
0 0.62421875 0.6984375 0.0625 0.09375
0 0.753125 0.89375 0.0875 0.10859375