3 0.490625 0.2765625 0.0734375 0.13359375
0 0.50703125 0.178125 0.053125 0.09375
0 0.47109375 0.04296875 0.0671875 0.0859375
0 0.24765625 0.66875 0.1234375 0.1578125
2 0.546875 0.540625 0.025 0.03984375
2 0.30390625 0.5484375 0.03046875 0.059375
2 0.2671875 0.5765625 0.02890625 0.06171875
2 0.70390625 0.71875 0.03046875 0.03984375
2 0.715625 0.85546875 0.02109375 0.03671875
2 0.66328125 0.86796875 0.03203125 0.0515625
2 0.62109375 0.87265625 0.03359375 0.03203125
0 0.65703125 0.63671875 0.06640625 0.09375
0 0.8109375 0.68359375 0.09140625 0.0890625
0 0.971875 0.759375 0.05546875 0.09609375
3 0.84375 0.628125 0.10703125 0.12109375
3 0.93359375 0.653125 0.0859375 0.10625
3 0.42109375 0.64453125 0.0859375 0.14296875
3 0.52890625 0.77421875 0.071875 0.12578125
3 0.22734375 0.9421875 0.084375 0.10625