0 0.26875 0.8109375 0.11796875 0.175
0 0.78984375 0.94453125 0.09609375 0.1109375
0 0.446875 0.9703125 0.096875 0.059375
0 0.3296875 0.328125 0.065625 0.11875
0 0.453125 0.1765625 0.0625 0.10625
0 0.17421875 0.30234375 0.0734375 0.1109375
0 0.196875 0.165625 0.0515625 0.07890625
1 0.51640625 0.67265625 0.0890625 0.1015625
3 0.33515625 0.7765625 0.0734375 0.12109375
3 0.5125 0.38671875 0.0890625 0.140625
1 0.390625 0.30703125 0.040625 0.16015625
0 0.24609375 0.10703125 0.04140625 0.08125
0 0.0984375 0.11328125 0.078125 0.0984375