2 0.68828125 0.121875 0.015625 0.0421875
2 0.7921875 0.871875 0.04609375 0.04453125
0 0.8546875 0.83984375 0.1234375 0.11875
0 0.11796875 0.91875 0.04453125 0.04453125
0 0.18046875 0.97734375 0.0421875 0.0453125
0 0.28203125 0.59609375 0.06640625 0.08125
0 0.24453125 0.80234375 0.0609375 0.06875
0 0.378125 0.7828125 0.05390625 0.128125
0 0.42265625 0.859375 0.040625 0.04921875
0 0.48203125 0.91015625 0.04453125 0.0765625
3 0.2765625 0.91015625 0.0390625 0.0421875
3 0.33203125 0.840625 0.0390625 0.0515625
3 0.34921875 0.9890625 0.034375 0.021875
3 0.3296875 0.70625 0.05703125 0.07890625
3 0.23984375 0.71640625 0.0625 0.07421875
3 0.38984375 0.50703125 0.05390625 0.0765625
3 0.4859375 0.565625 0.05 0.07890625
3 0.57734375 0.24296875 0.109375 0.18515625
3 0.82734375 0.20703125 0.05703125 0.07890625
0 0.55625 0.5828125 0.07109375 0.128125
0 0.68125 0.5953125 0.084375 0.1234375
0 0.871875 0.3171875 0.0875 0.09140625
0 0.9203125 0.178125 0.14296875 0.1234375