2 0.7390625 0.5421875 0.021875 0.03671875
2 0.7203125 0.42109375 0.02890625 0.03671875
3 0.83203125 0.97109375 0.0796875 0.0578125
3 0.178125 0.97421875 0.0734375 0.0515625
3 0.309375 0.5890625 0.1515625 0.23984375
3 0.8390625 0.61328125 0.08359375 0.1109375
3 0.9203125 0.475 0.159375 0.21484375
0 0.45859375 0.959375 0.09140625 0.08125
0 0.71015625 0.88671875 0.0875 0.1875
0 0.73359375 0.7234375 0.09453125 0.153125
0 0.671875 0.62109375 0.06796875 0.1015625
0 0.578125 0.6828125 0.06796875 0.09140625
0 0.603125 0.5578125 0.078125 0.10859375
0 0.6 0.2765625 0.078125 0.11875
0 0.71875 0.05546875 0.09296875 0.1109375