2 0.84296875 0.59375 0.021875 0.03671875
2 0.9765625 0.74921875 0.0359375 0.03203125
2 0.953125 0.68984375 0.0375 0.03203125
2 0.37265625 0.59375 0.02109375 0.05703125
2 0.353125 0.86015625 0.02109375 0.02734375
2 0.59453125 0.89765625 0.025 0.03671875
2 0.68828125 0.87421875 0.0265625 0.04453125
2 0.665625 0.87890625 0.028125 0.025
2 0.33671875 0.49375 0.034375 0.01953125
2 0.24296875 0.721875 0.03359375 0.0421875
2 0.25703125 0.7828125 0.0390625 0.04453125
1 0.25234375 0.41328125 0.15390625 0.21953125
1 0.4390625 0.053125 0.1890625 0.10625
3 0.084375 0.325 0.15546875 0.165625
3 0.3015625 0.96015625 0.06640625 0.07890625
3 0.30703125 0.68046875 0.0890625 0.1109375
3 0.6 0.03359375 0.10546875 0.06640625
3 0.46328125 0.51640625 0.059375 0.07421875
3 0.490625 0.5703125 0.084375 0.11328125
3 0.40859375 0.646875 0.103125 0.13828125
3 0.784375 0.42578125 0.14140625 0.15546875
3 0.94921875 0.52734375 0.1015625 0.1703125
3 0.871875 0.740625 0.046875 0.06875
3 0.96015625 0.85078125 0.07890625 0.11640625
3 0.95703125 0.94296875 0.0859375 0.08359375
0 0.76328125 0.2890625 0.08203125 0.0890625
0 0.5984375 0.178125 0.13046875 0.2125
0 0.57421875 0.48359375 0.1265625 0.2125
0 0.64296875 0.6828125 0.09140625 0.15078125
0 0.44921875 0.9453125 0.065625 0.10859375
0 0.0375 0.83125 0.0609375 0.10625
0 0.0375 0.75703125 0.075 0.10625
0 0.05 0.08671875 0.1 0.1484375