2 0.94296875 0.30703125 0.05859375 0.0421875
2 0.68203125 0.28671875 0.025 0.03984375
2 0.78359375 0.40390625 0.04140625 0.06640625
2 0.83203125 0.83359375 0.06640625 0.09140625
3 0.215625 0.234375 0.10546875 0.16328125
3 0.21875 0.06328125 0.090625 0.12109375
3 0.0796875 0.31953125 0.0875 0.09609375
3 0.7296875 0.09375 0.059375 0.0984375
3 0.54453125 0.2421875 0.04453125 0.08359375
3 0.35 0.41328125 0.0890625 0.15078125
3 0.49453125 0.58671875 0.046875 0.08125
3 0.5875 0.96796875 0.0609375 0.0640625
0 0.11640625 0.178125 0.08359375 0.10390625
0 0.2640625 0.3296875 0.071875 0.10625
0 0.60703125 0.03984375 0.06640625 0.07421875
0 0.4328125 0.37265625 0.040625 0.04921875
0 0.70546875 0.45546875 0.0859375 0.10625
0 0.84921875 0.5640625 0.09296875 0.09609375
0 0.74921875 0.56171875 0.09609375 0.10625
0 0.59765625 0.4828125 0.07890625 0.12109375
0 0.01015625 0.553125 0.0203125 0.09375
0 0.24375 0.72734375 0.090625 0.12109375
0 0.340625 0.96796875 0.07890625 0.0640625