0 0.88671875 0.32734375 0.03203125 0.0515625
0 0.95859375 0.2421875 0.046875 0.0640625
0 0.9765625 0.34453125 0.046875 0.0515625
0 0.259375 0.63828125 0.10859375 0.165625
0 0.5296875 0.78359375 0.0515625 0.1109375
0 0.54765625 0.59765625 0.04296875 0.07421875
0 0.59609375 0.54453125 0.046875 0.1109375
0 0.39765625 0.23828125 0.0515625 0.09140625
0 0.596875 0.440625 0.05546875 0.06640625
0 0.5203125 0.09140625 0.05390625 0.07890625
0 0.7375 0.553125 0.046875 0.09375
0 0.803125 0.48671875 0.05390625 0.0984375
0 0.8609375 0.5546875 0.046875 0.10625
0 0.9734375 0.5890625 0.053125 0.08125
0 0.8125 0.36640625 0.0609375 0.08671875
0 0.86328125 0.43671875 0.0234375 0.0546875
0 0.8421875 0.259375 0.040625 0.0546875
3 0.325 0.19609375 0.0890625 0.12578125
3 0.4125 0.16171875 0.06640625 0.11640625
3 0.3109375 0.0359375 0.10546875 0.071875
3 0.66640625 0.1453125 0.06640625 0.09375
3 0.7203125 0.121875 0.0484375 0.0765625
3 0.67109375 0.021875 0.0609375 0.04375
2 0.11015625 0.01875 0.04296875 0.03671875
2 0.14140625 0.06171875 0.075 0.03984375
2 0.20078125 0.02734375 0.040625 0.0546875
2 0.34765625 0.60390625 0.0515625 0.06171875
2 0.4 0.53359375 0.03359375 0.059375
2 0.403125 0.578125 0.03203125 0.04453125
2 0.42109375 0.62734375 0.021875 0.034375
2 0.3984375 0.76875 0.01640625 0.03671875
2 0.35078125 0.4515625 0.0265625 0.034375
3 0.5328125 0.565625 0.0375 0.09375
3 0.5 0.72109375 0.0359375 0.07890625
3 0.9515625 0.4296875 0.05 0.04921875
3 0.9171875 0.55703125 0.04296875 0.0765625
3 0.80625 0.56171875 0.040625 0.05703125
3 0.515625 0.01875 0.0375 0.03671875