3 0.77109375 0.21953125 0.0640625 0.0640625
3 0.52109375 0.09296875 0.04140625 0.046875
3 0.4171875 0.2484375 0.0734375 0.09609375
3 0.4703125 0.21484375 0.04296875 0.07890625
3 0.4828125 0.35546875 0.07109375 0.128125
3 0.52421875 0.2828125 0.0625 0.0515625
3 0.41640625 0.53671875 0.0859375 0.1109375
3 0.21953125 0.85703125 0.0859375 0.11875
0 0.3453125 0.19140625 0.034375 0.03203125
0 0.3796875 0.11015625 0.04296875 0.06640625
0 0.70546875 0.059375 0.071875 0.11875
0 0.8375 0.20859375 0.08046875 0.09140625
0 0.871875 0.29375 0.1 0.0984375
0 0.9625 0.38515625 0.075 0.0890625
0 0.6203125 0.20859375 0.059375 0.10625
0 0.6421875 0.29765625 0.07109375 0.1109375
0 0.56015625 0.29140625 0.05703125 0.0890625
0 0.671875 0.4765625 0.046875 0.06875
0 0.5640625 0.59140625 0.06953125 0.12109375
0 0.396875 0.4421875 0.0734375 0.128125