2 0.14921875 0.41953125 0.02890625 0.034375
2 0.446875 0.46796875 0.01796875 0.03203125
2 0.44375 0.55546875 0.0234375 0.034375
2 0.2234375 0.63125 0.03046875 0.0421875
2 0.1578125 0.6453125 0.03203125 0.0515625
3 0.36953125 0.35078125 0.0640625 0.0984375
3 0.31953125 0.68984375 0.0859375 0.13125
3 0.49609375 0.58125 0.0640625 0.09140625
3 0.69609375 0.5578125 0.05546875 0.0984375
3 0.7796875 0.54921875 0.06796875 0.09140625
2 0.6234375 0.80390625 0.025 0.046875
2 0.575 0.8296875 0.03359375 0.06875
2 0.53671875 0.84296875 0.0265625 0.046875
0 0.21640625 0.06796875 0.071875 0.05703125
0 0.3390625 0.16640625 0.0609375 0.08671875
0 0.38359375 0.271875 0.05 0.08359375
0 0.54921875 0.55703125 0.05703125 0.12109375
0 0.69296875 0.60625 0.08359375 0.1015625
0 0.86484375 0.6484375 0.109375 0.1359375
0 0.11953125 0.725 0.153125 0.18515625