0 0.03203125 0.2046875 0.0640625 0.10625
3 0.1734375 0.496875 0.0984375 0.13359375
3 0.35390625 0.11328125 0.06171875 0.09609375
3 0.3875 0.4375 0.05078125 0.13828125
3 0.31875 0.384375 0.04765625 0.10703125
0 0.25078125 0.36640625 0.05703125 0.08984375
0 0.70234375 0.13515625 0.04375 0.07421875
0 0.465625 0.25625 0.04921875 0.0984375
2 0.29609375 0.87109375 0.03125 0.04375
3 0.521875 0.5046875 0.0578125 0.08515625
2 0.63203125 0.89765625 0.03515625 0.0359375
2 0.60859375 0.92421875 0.03046875 0.0390625
3 0.865625 0.95 0.06875 0.1
3 0.63046875 0.628125 0.07109375 0.10703125
3 0.73359375 0.7 0.05078125 0.09609375
3 0.5125 0.92265625 0.11875 0.1546875