0 0.34375 0.646875 0.0734375 0.10390625
3 0.0421875 0.8515625 0.0765625 0.0984375
3 0.153125 0.60859375 0.1234375 0.15078125
3 0.12109375 0.378125 0.146875 0.14296875
2 0.2125 0.36796875 0.021875 0.025
2 0.27890625 0.17265625 0.04140625 0.03984375
0 0.04765625 0.03203125 0.0953125 0.0640625
0 0.29609375 0.08984375 0.078125 0.09140625
1 0.54765625 0.3703125 0.05703125 0.19296875
2 0.50703125 0.125 0.025 0.03203125
2 0.5328125 0.171875 0.0234375 0.02734375
2 0.51484375 0.221875 0.0234375 0.034375
3 0.73046875 0.32734375 0.078125 0.12578125
0 0.45 0.221875 0.075 0.10390625
0 0.60078125 0.19140625 0.07109375 0.09609375
0 0.71484375 0.02578125 0.0765625 0.0515625
0 0.8109375 0.80234375 0.0890625 0.07421875
0 0.78203125 0.63671875 0.05 0.04921875
0 0.628125 0.61015625 0.05703125 0.09375
3 0.4984375 0.540625 0.071875 0.1484375
3 0.80859375 0.93671875 0.046875 0.06640625
3 0.7421875 0.95390625 0.05625 0.0921875
3 0.64296875 0.96640625 0.06953125 0.06640625
3 0.478125 0.83359375 0.0734375 0.11640625
2 0.384375 0.8984375 0.028125 0.0296875
2 0.553125 0.846875 0.02109375 0.034375