3 0.2109375 0.97734375 0.078125 0.0453125
2 0.70859375 0.34296875 0.0359375 0.04453125
2 0.74140625 0.32734375 0.028125 0.06171875
2 0.78359375 0.328125 0.03359375 0.04453125
2 0.7453125 0.7640625 0.02890625 0.046875
2 0.784375 0.7578125 0.03359375 0.03984375
3 0.67890625 0.83203125 0.05546875 0.09375
0 0.45703125 0.9796875 0.0515625 0.040625
0 0.58515625 0.6046875 0.040625 0.06875
0 0.6328125 0.5984375 0.05390625 0.12109375
0 0.5234375 0.78671875 0.053125 0.08671875
0 0.8921875 0.6828125 0.1515625 0.13125
0 0.9234375 0.92734375 0.153125 0.1453125
3 0.571875 0.49765625 0.05546875 0.1359375
3 0.59453125 0.828125 0.0640625 0.175