2 0.56796875 0.8703125 0.028125 0.03203125
2 0.534375 0.865625 0.03046875 0.03203125
2 0.9296875 0.42734375 0.0484375 0.04453125
2 0.89609375 0.38671875 0.0359375 0.0421875
2 0.753125 0.37421875 0.0390625 0.0421875
2 0.61953125 0.4828125 0.028125 0.03671875
2 0.65234375 0.64921875 0.0234375 0.0296875
2 0.83203125 0.859375 0.078125 0.0890625
2 0.96328125 0.5890625 0.0734375 0.06171875
3 0.29921875 0.61015625 0.03203125 0.0546875
0 0.115625 0.41640625 0.028125 0.03203125
0 0.1859375 0.58046875 0.04140625 0.04453125
0 0.28359375 0.51953125 0.025 0.0421875
0 0.19609375 0.39296875 0.0359375 0.09375
0 0.1578125 0.35546875 0.0125 0.0296875
0 0.178125 0.275 0.03046875 0.046875
0 0.0984375 0.2296875 0.028125 0.0296875
0 0.025 0.1953125 0.025 0.034375
0 0.0453125 0.17421875 0.02890625 0.02734375
0 0.01796875 0.12109375 0.021875 0.0296875
0 0.0765625 0.021875 0.04375 0.04375
0 0.14609375 0.03984375 0.03046875 0.03984375
0 0.1078125 0.06171875 0.0484375 0.059375
0 0.096875 0.16328125 0.06953125 0.0640625
0 0.14609375 0.13203125 0.0359375 0.046875
0 0.16484375 0.1875 0.0375 0.04453125
0 0.18515625 0.13203125 0.0484375 0.06640625
0 0.2171875 0.22578125 0.04296875 0.071875
0 0.2671875 0.246875 0.03203125 0.059375
0 0.5046875 0.34296875 0.04609375 0.08359375
0 0.5953125 0.04921875 0.0625 0.08359375
0 0.74140625 0.03359375 0.0859375 0.06640625
0 0.3515625 0.53984375 0.01640625 0.06171875
0 0.4578125 0.42734375 0.04609375 0.08359375
0 0.5203125 0.51015625 0.065625 0.12109375
0 0.71875 0.82578125 0.0984375 0.1453125
1 0.76796875 0.20703125 0.0609375 0.153125
3 0.21640625 0.51484375 0.025 0.0421875
3 0.2203125 0.09140625 0.0515625 0.07421875
3 0.32109375 0.30390625 0.04453125 0.059375
3 0.3453125 0.20625 0.05703125 0.1015625
3 0.503125 0.13125 0.04296875 0.0546875
3 0.475 0.23359375 0.06640625 0.1109375
3 0.69296875 0.13203125 0.0890625 0.10625
3 0.59453125 0.39609375 0.05 0.09140625
3 0.71015625 0.43828125 0.0875 0.11640625
3 0.8421875 0.478125 0.134375 0.18046875
3 0.4671875 0.8765625 0.07890625 0.1484375
3 0.56015625 0.7234375 0.0765625 0.11875
3 0.68671875 0.9296875 0.1234375 0.140625