0 0.2046875 0.55078125 0.04609375 0.06875
0 0.2828125 0.71640625 0.0265625 0.0296875
3 0.2578125 0.65703125 0.0234375 0.034375
3 0.3390625 0.67890625 0.01640625 0.04453125
3 0.63515625 0.50625 0.03203125 0.0546875
0 0.321875 0.6125 0.02890625 0.04921875
0 0.36015625 0.69765625 0.0375 0.05703125
0 0.4671875 0.953125 0.034375 0.059375
0 0.50625 0.8984375 0.040625 0.0546875
0 0.6921875 0.946875 0.07109375 0.10625
3 0.4171875 0.67890625 0.0265625 0.0546875
3 0.30625 0.534375 0.0265625 0.03671875
3 0.415625 0.9484375 0.03359375 0.04921875
3 0.61015625 0.83984375 0.06796875 0.08359375
3 0.76484375 0.90390625 0.07890625 0.10859375
3 0.4453125 0.653125 0.02890625 0.03671875
3 0.490625 0.6046875 0.04140625 0.0640625
3 0.49375 0.79609375 0.05703125 0.10625
3 0.90703125 0.8125 0.1640625 0.16796875
0 0.65546875 0.75546875 0.06640625 0.10390625
0 0.590625 0.678125 0.0375 0.08125
0 0.55078125 0.6109375 0.034375 0.03671875
0 0.5625 0.534375 0.0640625 0.09140625
0 0.425 0.53984375 0.05 0.071875
0 0.48515625 0.33671875 0.065625 0.09609375
3 0.4328125 0.43828125 0.04296875 0.08125
3 0.5125 0.46875 0.05859375 0.09375
3 0.7390625 0.35546875 0.08046875 0.10390625
3 0.609375 0.25703125 0.0640625 0.11328125