3 0.3890625 0.2984375 0.05546875 0.08359375
2 0.846875 0.4953125 0.034375 0.03671875
2 0.81484375 0.45546875 0.040625 0.0421875
2 0.9671875 0.66328125 0.05390625 0.06171875
2 0.62265625 0.55546875 0.0265625 0.04921875
2 0.59609375 0.56796875 0.028125 0.059375
2 0.4234375 0.56875 0.0390625 0.0515625
2 0.43125 0.5234375 0.05390625 0.059375
3 0.5171875 0.88671875 0.0625 0.10859375
0 0.51953125 0.03671875 0.046875 0.06875
0 0.471875 0.11015625 0.0484375 0.09140625
0 0.059375 0.11015625 0.11796875 0.11640625
0 0.24453125 0.575 0.078125 0.13828125
0 0.05703125 0.90390625 0.10859375 0.11875
0 0.5703125 0.6453125 0.09609375 0.15078125
3 0.16484375 0.92734375 0.109375 0.1453125
3 0.14765625 0.740625 0.1015625 0.0890625
3 0.91015625 0.31484375 0.14609375 0.15546875
3 0.74296875 0.7125 0.1109375 0.1359375
3 0.8828125 0.915625 0.153125 0.16875