1 0.80625 0.74296875 0.0625 0.20703125
0 0.909375 0.5953125 0.1015625 0.178125
0 0.68203125 0.165625 0.071875 0.128125
0 0.721875 0.7296875 0.0765625 0.1453125
0 0.55234375 0.64296875 0.05390625 0.13125
0 0.2203125 0.68671875 0.04609375 0.07890625
0 0.4796875 0.39296875 0.05703125 0.08359375
0 0.48515625 0.4703125 0.05703125 0.071875
0 0.56953125 0.478125 0.053125 0.08671875
0 0.615625 0.421875 0.0390625 0.07421875
0 0.57109375 0.2484375 0.046875 0.0765625
0 0.4953125 0.24921875 0.04609375 0.07421875