0 0.69375 0.0234375 0.0375 0.046875
0 0.89140625 0.89609375 0.053125 0.06875
0 0.9421875 0.93203125 0.0515625 0.08671875
0 0.68046875 0.84296875 0.04453125 0.09140625
0 0.725 0.3875 0.04453125 0.0890625
0 0.5125 0.58359375 0.0390625 0.071875
0 0.58203125 0.38515625 0.053125 0.07421875
0 0.4921875 0.765625 0.059375 0.08359375
3 0.390625 0.2515625 0.0640625 0.0984375
0 0.4 0.025 0.046875 0.04921875
0 0.315625 0.06328125 0.05 0.0765625
0 0.0671875 0.146875 0.0765625 0.12578125
0 0.053125 0.828125 0.078125 0.1015625
0 0.1640625 0.23828125 0.06640625 0.12109375