3 0.7375 0.11328125 0.05859375 0.07890625
3 0.73515625 0.1953125 0.065625 0.06875
0 0.96640625 0.06640625 0.05859375 0.07890625
0 0.68984375 0.04453125 0.059375 0.0890625
0 0.546875 0.31328125 0.08046875 0.10859375
0 0.4265625 0.26875 0.053125 0.09375
0 0.26328125 0.2484375 0.05390625 0.0765625
3 0.928125 0.8515625 0.09140625 0.1234375
3 0.5796875 0.8953125 0.05703125 0.1109375
0 0.45859375 0.81953125 0.09453125 0.153125
0 0.18125 0.578125 0.0625 0.10390625
1 0.2859375 0.3421875 0.0890625 0.1109375