0 0.04296875 0.0984375 0.08046875 0.1234375
0 0.41796875 0.0453125 0.0390625 0.06640625
0 0.48671875 0.025 0.0484375 0.04921875
0 0.546875 0.03671875 0.046875 0.0734375
0 0.7421875 0.38125 0.065625 0.09609375
0 0.69296875 0.28515625 0.046875 0.0765625
0 0.5109375 0.23203125 0.06953125 0.11875
1 0.77265625 0.5765625 0.08203125 0.1453125
1 0.69453125 0.49609375 0.10859375 0.1484375
1 0.61640625 0.946875 0.125 0.1015625
1 0.609375 0.80859375 0.15859375 0.16015625
0 0.40859375 0.66796875 0.125 0.21953125