1 0.67734375 0.7 0.05703125 0.1015625
0 0.33359375 0.21484375 0.0390625 0.0640625
0 0.2546875 0.271875 0.0515625 0.07421875
0 0.52265625 0.30859375 0.04609375 0.07890625
0 0.56484375 0.29765625 0.0484375 0.08125
0 0.5171875 0.3953125 0.05390625 0.09375
0 0.59609375 0.42109375 0.05 0.10625
0 0.56640625 0.5234375 0.04453125 0.09375
3 0.61640625 0.49609375 0.05546875 0.06875
0 0.559375 0.665625 0.07890625 0.1359375
0 0.5234375 0.75078125 0.0890625 0.1578125
0 0.4578125 0.8296875 0.090625 0.1578125
0 0.44375 0.96171875 0.0984375 0.0765625