3 0.76328125 0.7484375 0.065625 0.14296875
3 0.49921875 0.8421875 0.0875 0.17265625
0 0.9328125 0.50625 0.06796875 0.11875
0 0.8984375 0.4546875 0.06640625 0.0984375
0 0.921875 0.41015625 0.05859375 0.09375
0 0.6125 0.06171875 0.04140625 0.06875
0 0.496875 0.2765625 0.05703125 0.10390625
0 0.64375 0.91484375 0.0765625 0.1703125
0 0.5671875 0.9640625 0.0765625 0.071875
0 0.56953125 0.746875 0.06953125 0.11640625
0 0.55703125 0.875 0.05859375 0.12109375
0 0.403125 0.871875 0.07890625 0.1234375
0 0.390625 0.75703125 0.075 0.12578125
0 0.32734375 0.8234375 0.0984375 0.1703125
0 0.21796875 0.70625 0.078125 0.13828125