0 0.02578125 0.32578125 0.0515625 0.10390625
0 0.065625 0.1875 0.0515625 0.0984375
3 0.4265625 0.80234375 0.1 0.1484375
0 0.521875 0.6765625 0.06640625 0.14296875
0 0.465625 0.6890625 0.06953125 0.11328125
0 0.47109375 0.5953125 0.0640625 0.10390625
0 0.45234375 0.53828125 0.065625 0.0890625
0 0.4515625 0.46171875 0.05 0.07421875
0 0.49296875 0.45546875 0.046875 0.1015625
0 0.48671875 0.3828125 0.0515625 0.06875
0 0.43203125 0.428125 0.05 0.08671875
0 0.44453125 0.3578125 0.04453125 0.0640625
0 0.5421875 0.30625 0.0484375 0.08359375
0 0.590625 0.25546875 0.0484375 0.071875
0 0.55234375 0.23203125 0.034375 0.07421875
0 0.721875 0.0578125 0.0390625 0.05703125
1 0.87421875 0.23984375 0.1125 0.0890625
0 0.43515625 0.30234375 0.0375 0.06171875
0 0.4515625 0.2515625 0.0390625 0.04921875