0 0.06953125 0.06171875 0.0640625 0.10390625
0 0.340625 0.475 0.084375 0.1359375
1 0.1296875 0.50390625 0.1125 0.0984375
1 0.12109375 0.25078125 0.103125 0.08125
1 0.12578125 0.1875 0.0875 0.0890625
1 0.33046875 0.2828125 0.08046875 0.08125
1 0.53046875 0.77265625 0.1109375 0.17265625
1 0.61328125 0.8546875 0.0984375 0.1828125
1 0.546875 0.4359375 0.06640625 0.06171875
0 0.25546875 0.24453125 0.053125 0.07421875
0 0.3328125 0.20234375 0.05390625 0.09375
0 0.40078125 0.2171875 0.04609375 0.0890625
0 0.5921875 0.61640625 0.07109375 0.13125
0 0.553125 0.48515625 0.04296875 0.09140625