1 0.13984375 0.66015625 0.1375 0.21484375
1 0.26484375 0.821875 0.1734375 0.1828125
0 0.7734375 0.18671875 0.06953125 0.11640625
0 0.75390625 0.1125 0.0609375 0.1109375
0 0.784375 0.06796875 0.04609375 0.1015625
1 0.396875 0.86875 0.05390625 0.178125
3 0.253125 0.42734375 0.10859375 0.221875
0 0.415625 0.53984375 0.10859375 0.1953125
0 0.3453125 0.6421875 0.1015625 0.17265625
0 0.3265625 0.4765625 0.09140625 0.14296875
0 0.353125 0.31875 0.10703125 0.19296875
0 0.125 0.44921875 0.0890625 0.14296875
0 0.09296875 0.2765625 0.15 0.1828125
0 0.03359375 0.365625 0.06640625 0.2125
3 0.58359375 0.38046875 0.0609375 0.153125
0 0.846875 0.55078125 0.04453125 0.07890625