0 0.496875 0.42109375 0.065625 0.12109375
0 0.428125 0.40859375 0.0640625 0.10625
3 0.8828125 0.31484375 0.0984375 0.10625
0 0.3796875 0.1546875 0.040625 0.06171875
0 0.265625 0.346875 0.05703125 0.1015625
0 0.36796875 0.465625 0.06640625 0.10625
0 0.646875 0.25078125 0.0625 0.11640625
0 0.76640625 0.325 0.05546875 0.071875
0 0.95625 0.46015625 0.0875 0.15078125
0 0.628125 0.68046875 0.06796875 0.09609375
3 0.71640625 0.93828125 0.0859375 0.1234375
0 0.59765625 0.93671875 0.059375 0.1109375
0 0.48515625 0.93828125 0.084375 0.1234375
0 0.3875 0.9765625 0.09140625 0.046875
0 0.384375 0.8421875 0.09609375 0.1875
0 0.2703125 0.93359375 0.059375 0.10859375
0 0.11875 0.925 0.084375 0.1359375