3 0.58515625 0.54296875 0.0375 0.06875
0 0.659375 0.0984375 0.0375 0.07421875
3 0.0484375 0.54453125 0.09453125 0.1015625
3 0.159375 0.5359375 0.096875 0.09375
3 0.33984375 0.59296875 0.0515625 0.0890625
3 0.6296875 0.39765625 0.05390625 0.07890625
3 0.578125 0.346875 0.053125 0.09140625
3 0.7078125 0.23671875 0.0484375 0.06875
3 0.584375 0.1453125 0.0390625 0.06875
0 0.2734375 0.81640625 0.096875 0.18046875
0 0.1078125 0.45078125 0.09609375 0.13125
0 0.1515625 0.253125 0.05 0.0765625
0 0.48203125 0.3546875 0.0390625 0.08671875
0 0.5265625 0.3765625 0.03359375 0.0765625
0 0.6921875 0.88515625 0.07890625 0.140625
0 0.884375 0.7484375 0.08046875 0.16796875
3 0.97578125 0.78515625 0.0484375 0.16796875
3 0.815625 0.91875 0.08203125 0.13359375
3 0.75703125 0.8234375 0.08046875 0.11640625