0 0.53203125 0.87265625 0.08359375 0.11640625
0 0.4671875 0.81640625 0.07890625 0.140625
0 0.4375 0.97109375 0.11875 0.0578125
0 0.39453125 0.88046875 0.103125 0.1703125
0 0.20390625 0.6359375 0.14140625 0.225
1 0.528125 0.95390625 0.078125 0.0921875
1 0.42734375 0.69375 0.0984375 0.0890625
0 0.43671875 0.653125 0.065625 0.09609375
0 0.346875 0.52734375 0.053125 0.09140625
0 0.234375 0.42578125 0.05703125 0.09609375
0 0.040625 0.2953125 0.06953125 0.09140625
0 0.103125 0.46875 0.090625 0.1484375