1 0.9203125 0.74453125 0.09609375 0.11640625
1 0.9171875 0.846875 0.1375 0.178125
1 0.89453125 0.94296875 0.1859375 0.11328125
1 0.88359375 0.2828125 0.09453125 0.071875
0 0.3515625 0.0484375 0.0609375 0.09609375
0 0.3171875 0.14296875 0.059375 0.07890625
0 0.546875 0.025 0.04296875 0.04921875
0 0.42734375 0.03984375 0.04296875 0.0640625
0 0.671875 0.11484375 0.06796875 0.1109375
0 0.7390625 0.08046875 0.06640625 0.1109375
0 0.77421875 0.27890625 0.0765625 0.153125
0 0.659375 0.25078125 0.071875 0.13125
3 0.80859375 0.4015625 0.0859375 0.09609375
0 0.72578125 0.440625 0.0765625 0.140625
0 0.721875 0.70390625 0.109375 0.19765625
0 0.66328125 0.86640625 0.12890625 0.23671875
0 0.55390625 0.934375 0.121875 0.13125