3 0.5515625 0.44453125 0.04140625 0.0640625
3 0.4390625 0.36171875 0.0640625 0.08125
3 0.1484375 0.28046875 0.053125 0.0421875
3 0.209375 0.28671875 0.05859375 0.0546875
3 0.159375 0.41953125 0.08046875 0.06875
0 0.72578125 0.4828125 0.034375 0.06171875
0 0.62109375 0.62578125 0.05859375 0.1109375
0 0.52890625 0.26328125 0.03359375 0.05703125
0 0.52734375 0.36640625 0.0484375 0.09609375
0 0.3859375 0.1515625 0.05 0.06640625
0 0.3109375 0.42578125 0.071875 0.09609375
0 0.2703125 0.540625 0.07890625 0.10859375
0 0.103125 0.8984375 0.1359375 0.1875