0 0.33203125 0.08984375 0.04140625 0.071875
0 0.4109375 0.2109375 0.053125 0.1015625
0 0.3703125 0.2484375 0.05390625 0.10625
0 0.14453125 0.10234375 0.075 0.13125
0 0.203125 0.2453125 0.0765625 0.140625
0 0.48359375 0.49765625 0.05859375 0.10625
0 0.4078125 0.5234375 0.0625 0.1234375
0 0.35546875 0.5890625 0.08046875 0.16015625
0 0.42734375 0.7984375 0.065625 0.140625
0 0.41484375 0.94921875 0.09609375 0.1015625
0 0.29453125 0.91328125 0.10546875 0.17265625
0 0.190625 0.67421875 0.0984375 0.178125