0 0.58046875 0.38359375 0.0640625 0.1109375
0 0.55703125 0.44296875 0.0640625 0.10625
0 0.50390625 0.38515625 0.05 0.0984375
0 0.4625 0.38984375 0.053125 0.0890625
0 0.559375 0.29375 0.04609375 0.09375
0 0.596875 0.246875 0.0484375 0.08359375
0 0.53046875 0.1890625 0.046875 0.071875
0 0.390625 0.39140625 0.05703125 0.08671875
0 0.20859375 0.56171875 0.06953125 0.10625
0 0.40078125 0.1515625 0.0515625 0.0515625
0 0.7078125 0.21484375 0.07890625 0.10390625
0 0.87265625 0.81015625 0.1515625 0.19765625
0 0.11015625 0.9125 0.134375 0.175