1 0.30546875 0.1484375 0.0890625 0.07421875
0 0.06171875 0.340625 0.1234375 0.1875
0 0.159375 0.11640625 0.090625 0.13359375
0 0.3640625 0.909375 0.109375 0.18125
0 0.4046875 0.71015625 0.09609375 0.1703125
0 0.55859375 0.64921875 0.06953125 0.1234375
0 0.58046875 0.59375 0.05546875 0.1109375
0 0.60859375 0.46015625 0.05546875 0.1015625
0 0.5984375 0.38359375 0.046875 0.08125
0 0.5375 0.28671875 0.046875 0.07421875
0 0.4609375 0.1953125 0.03359375 0.059375
0 0.4640625 0.1421875 0.0359375 0.071875