0 0.92890625 0.58125 0.0390625 0.06640625
0 0.83203125 0.8046875 0.05 0.10390625
0 0.8328125 0.62109375 0.0515625 0.08125
0 0.709375 0.4109375 0.04609375 0.06640625
0 0.5328125 0.24453125 0.040625 0.07890625
0 0.3921875 0.05078125 0.0375 0.06171875
0 0.40625 0.11953125 0.04296875 0.05703125
0 0.3859375 0.26640625 0.053125 0.10390625
0 0.240625 0.28984375 0.05859375 0.0515625
0 0.309375 0.53125 0.071875 0.09375
0 0.559375 0.67890625 0.0609375 0.09375
0 0.46328125 0.5296875 0.06796875 0.12109375
3 0.7296875 0.72109375 0.059375 0.0890625
3 0.703125 0.78984375 0.06953125 0.1234375
3 0.61328125 0.69765625 0.07109375 0.11640625
3 0.5140625 0.96875 0.06953125 0.06171875
3 0.328125 0.734375 0.0625 0.10625
3 0.2859375 0.9453125 0.0890625 0.10859375
3 0.04609375 0.9625 0.0890625 0.075