0 0.71875 0.17890625 0.059375 0.11640625
0 0.7296875 0.34921875 0.04296875 0.09140625
0 0.171875 0.32109375 0.065625 0.07890625
0 0.31484375 0.471875 0.059375 0.10390625
0 0.32109375 0.61484375 0.0640625 0.11328125
0 0.38203125 0.5703125 0.05859375 0.10390625
0 0.49765625 0.64453125 0.0734375 0.128125
0 0.29765625 0.7640625 0.07890625 0.140625
0 0.2265625 0.88046875 0.09140625 0.1703125
0 0.2015625 0.74296875 0.08359375 0.1234375
0 0.115625 0.721875 0.090625 0.13125
0 0.0265625 0.68984375 0.053125 0.1453125
3 0.059375 0.81015625 0.090625 0.0984375