0 0.653125 0.3578125 0.04453125 0.0984375
0 0.6015625 0.321875 0.05 0.09140625
3 0.85078125 0.10859375 0.05390625 0.08359375
3 0.93984375 0.08359375 0.08203125 0.11875
3 0.72265625 0.3109375 0.05390625 0.10859375
3 0.80234375 0.3953125 0.084375 0.13828125
3 0.74609375 0.61640625 0.046875 0.08671875
3 0.690625 0.81640625 0.059375 0.12109375
3 0.62421875 0.89296875 0.04609375 0.1015625
3 0.41953125 0.7546875 0.06953125 0.12109375
0 0.19296875 0.38671875 0.05859375 0.09140625
0 0.08515625 0.7890625 0.10703125 0.15546875
3 0.13203125 0.9 0.1109375 0.15546875