1 0.0484375 0.8046875 0.096875 0.1484375
1 0.32109375 0.3015625 0.0859375 0.07421875
1 0.225 0.4 0.04453125 0.1234375
3 0.31015625 0.44921875 0.07109375 0.1234375
1 0.6046875 0.071875 0.10703125 0.14296875
1 0.5484375 0.94140625 0.15625 0.1171875
0 0.846875 0.51015625 0.14453125 0.21015625
0 0.89375 0.29140625 0.08203125 0.17265625
0 0.42109375 0.36875 0.0859375 0.11640625
0 0.2390625 0.24453125 0.078125 0.153125
3 0.69296875 0.22734375 0.103125 0.13828125
1 0.775 0.30234375 0.10859375 0.18515625