0 0.02421875 0.7828125 0.0484375 0.153125
0 0.18203125 0.33359375 0.05859375 0.07421875
0 0.103125 0.36328125 0.05703125 0.0640625
0 0.46171875 0.37265625 0.0515625 0.07421875
0 0.471875 0.2875 0.046875 0.06640625
0 0.5328125 0.26328125 0.04296875 0.05703125
0 0.63125 0.23125 0.03203125 0.0515625
0 0.75390625 0.278125 0.05546875 0.09140625
0 0.81328125 0.22578125 0.05390625 0.09140625
0 0.77265625 0.39609375 0.0625 0.11640625
0 0.8875 0.39765625 0.075 0.128125
3 0.93984375 0.50390625 0.08203125 0.0890625
0 0.86328125 0.54921875 0.08203125 0.1359375
0 0.9015625 0.778125 0.10859375 0.1828125
0 0.86484375 0.9125 0.1234375 0.175
0 0.77421875 0.9703125 0.09296875 0.059375