0 0.825 0.6828125 0.04453125 0.0765625
0 0.8296875 0.778125 0.04609375 0.0890625
0 0.91484375 0.721875 0.04296875 0.06640625
0 0.684375 0.571875 0.04296875 0.06171875
0 0.57734375 0.346875 0.0265625 0.05703125
0 0.496875 0.44453125 0.04453125 0.06875
0 0.34921875 0.271875 0.03203125 0.059375
0 0.365625 0.334375 0.04140625 0.06640625
0 0.196875 0.56328125 0.07109375 0.07890625
0 0.3484375 0.5046875 0.053125 0.08671875
0 0.4421875 0.7546875 0.065625 0.1109375
3 0.734375 0.9296875 0.05859375 0.09140625
3 0.603125 0.93203125 0.0765625 0.12109375
0 0.54375 0.92734375 0.06796875 0.1109375
0 0.16796875 0.97109375 0.0703125 0.0578125