3 0.54609375 0.38125 0.04453125 0.05703125
0 0.49375 0.29296875 0.04296875 0.0765625
0 0.53125 0.29765625 0.034375 0.06171875
0 0.6734375 0.28046875 0.0390625 0.0765625
0 0.88671875 0.5875 0.0484375 0.08359375
0 0.7828125 0.93828125 0.07890625 0.1234375
0 0.671875 0.5421875 0.053125 0.06640625
0 0.4890625 0.49296875 0.05859375 0.08671875
3 0.1828125 0.76875 0.040625 0.06171875
3 0.63828125 0.47890625 0.04296875 0.06875
3 0.80703125 0.58984375 0.04453125 0.059375
3 0.828125 0.721875 0.053125 0.0765625
1 0.921875 0.93828125 0.09453125 0.1234375