3 0.1109375 0.9390625 0.103125 0.121875
0 0.59453125 0.0984375 0.05859375 0.1234375
0 0.6109375 0.2109375 0.0640625 0.12578125
0 0.759375 0.365625 0.0765625 0.1484375
0 0.75859375 0.10234375 0.096875 0.1703125
0 0.1578125 0.7234375 0.1015625 0.16796875
3 0.9765625 0.85703125 0.046875 0.1015625
3 0.86640625 0.09140625 0.05859375 0.09375
3 0.040625 0.5890625 0.08125 0.171875
3 0.34609375 0.33359375 0.05546875 0.0984375
3 0.5375 0.36796875 0.05 0.10859375
3 0.4140625 0.68984375 0.0609375 0.11640625
3 0.4796875 0.9453125 0.07109375 0.10859375