3 0.65390625 0.534375 0.0609375 0.08671875
3 0.63125 0.59765625 0.0484375 0.0890625
3 0.871875 0.52734375 0.053125 0.08125
3 0.909375 0.73203125 0.065625 0.10625
3 0.984375 0.925 0.03046875 0.12109375
3 0.521875 0.3875 0.0390625 0.06875
3 0.640625 0.3484375 0.05859375 0.0984375
3 0.85078125 0.2890625 0.0484375 0.08359375
3 0.62421875 0.23828125 0.034375 0.046875
3 0.515625 0.2015625 0.06640625 0.08125
3 0.096875 0.4359375 0.04296875 0.071875
3 0.315625 0.13125 0.053125 0.08359375
0 0.440625 0.39140625 0.06796875 0.1109375
0 0.43828125 0.07421875 0.0515625 0.09375
0 0.49609375 0.071875 0.05546875 0.10390625
0 0.80546875 0.025 0.04140625 0.04921875
0 0.6859375 0.05078125 0.0390625 0.08671875
0 0.69453125 0.4359375 0.05859375 0.08125
0 0.96171875 0.5046875 0.0515625 0.09609375
3 0.41015625 0.22109375 0.0484375 0.06640625