3 0.7265625 0.2125 0.071875 0.0890625
3 0.7828125 0.878125 0.1015625 0.12109375
3 0.63203125 0.6421875 0.0609375 0.0984375
3 0.1234375 0.8015625 0.0640625 0.08125
3 0.184375 0.625 0.05703125 0.059375
3 0.034375 0.77421875 0.0625 0.09140625
0 0.446875 0.29609375 0.05703125 0.09375
0 0.234375 0.57890625 0.04296875 0.071875
0 0.240625 0.640625 0.0390625 0.071875
0 0.0171875 0.6109375 0.034375 0.0765625
0 0.36640625 0.67265625 0.053125 0.08671875
0 0.246875 0.39375 0.053125 0.08125
0 0.38515625 0.35078125 0.0515625 0.07421875