0 0.728125 0.65703125 0.04296875 0.06875
0 0.0171875 0.665625 0.034375 0.11640625
0 0.05078125 0.55703125 0.05703125 0.071875
0 0.28203125 0.540625 0.04453125 0.0640625
0 0.35 0.64453125 0.05 0.0640625
0 0.73515625 0.79609375 0.059375 0.1015625
0 0.51328125 0.6703125 0.0515625 0.06171875
0 0.46875 0.6515625 0.05390625 0.07421875
0 0.57734375 0.875 0.06796875 0.12109375
3 0.3375 0.71875 0.053125 0.06875
3 0.1765625 0.81484375 0.053125 0.06875
3 0.14140625 0.77421875 0.053125 0.05703125
3 0.1875 0.69140625 0.071875 0.06875