0 0.85390625 0.4890625 0.05859375 0.06875
0 0.90703125 0.41953125 0.053125 0.06875
0 0.6140625 0.465625 0.04140625 0.06171875
0 0.22265625 0.79140625 0.05703125 0.0765625
0 0.28359375 0.72734375 0.046875 0.06640625
0 0.33359375 0.67890625 0.04453125 0.0546875
3 0.5296875 0.571875 0.05390625 0.06171875
3 0.56953125 0.61953125 0.0359375 0.0546875
3 0.85546875 0.61484375 0.04140625 0.04453125
3 0.91328125 0.73828125 0.04296875 0.0640625
3 0.71953125 0.82734375 0.053125 0.09375
3 0.59453125 0.6875 0.05859375 0.08671875
0 0.46484375 0.97265625 0.0984375 0.0546875
0 0.40859375 0.89296875 0.075 0.140625
0 0.3265625 0.93046875 0.08125 0.1390625