0 0.4765625 0.53125 0.03359375 0.06875
3 0.915625 0.8109375 0.0734375 0.12578125
3 0.84296875 0.80390625 0.071875 0.12109375
3 0.59140625 0.9171875 0.0640625 0.1015625
0 0.0171875 0.6890625 0.034375 0.08359375
0 0.12734375 0.73359375 0.05703125 0.0546875
0 0.1953125 0.74453125 0.04609375 0.071875
0 0.82265625 0.4703125 0.0515625 0.08671875
0 0.909375 0.31875 0.07890625 0.11328125
0 0.9515625 0.47109375 0.096875 0.1984375
0 0.72890625 0.8890625 0.08046875 0.1578125
0 0.56875 0.80234375 0.05703125 0.09375
0 0.38671875 0.753125 0.05390625 0.09375
0 0.328125 0.975 0.04296875 0.04921875
0 0.03671875 0.9703125 0.0734375 0.059375