1 0.88984375 0.61953125 0.15390625 0.2515625
1 0.7484375 0.7828125 0.0859375 0.434375
3 0.715625 0.25078125 0.078125 0.21484375
3 0.70859375 0.06640625 0.06640625 0.0890625
3 0.3671875 0.6515625 0.065625 0.10859375
1 0.15546875 0.659375 0.10859375 0.13359375
3 0.66796875 0.81484375 0.121875 0.2421875
3 0.3234375 0.28125 0.05546875 0.07421875
3 0.303125 0.3828125 0.0609375 0.10390625
3 0.35625 0.38046875 0.05703125 0.09375
0 0.4640625 0.8 0.1140625 0.20703125
0 0.559375 0.775 0.07109375 0.1234375
0 0.553125 0.59296875 0.078125 0.13828125
0 0.44296875 0.540625 0.1140625 0.23203125
0 0.26953125 0.7 0.1390625 0.28359375
0 0.159375 0.93046875 0.115625 0.1390625