3 0.878125 0.27421875 0.05859375 0.0984375
0 0.578125 0.50390625 0.0390625 0.0984375
0 0.68828125 0.70703125 0.0625 0.09140625
0 0.784375 0.23671875 0.03359375 0.08359375
0 0.66953125 0.275 0.05 0.09609375
0 0.47265625 0.3046875 0.0484375 0.09609375
0 0.4125 0.3109375 0.053125 0.08359375
0 0.4140625 0.68125 0.0890625 0.16328125
3 0.846875 0.52734375 0.04609375 0.0765625
3 0.88515625 0.80859375 0.05390625 0.10625
3 0.653125 0.83125 0.06796875 0.1015625
3 0.6265625 0.89609375 0.046875 0.08359375
3 0.60859375 0.9703125 0.028125 0.059375
3 0.5015625 0.66328125 0.0359375 0.0765625
3 0.62734375 0.5890625 0.05390625 0.11640625
3 0.60859375 0.4703125 0.0390625 0.046875
3 0.49375 0.453125 0.07109375 0.09140625
3 0.38984375 0.46171875 0.04296875 0.059375
3 0.2859375 0.3484375 0.046875 0.07890625
3 0.1109375 0.928125 0.05 0.09375
3 0.0234375 0.71640625 0.046875 0.09375