3 0.71015625 0.69765625 0.1265625 0.21953125
3 0.5078125 0.821875 0.134375 0.20234375
3 0.575 0.40703125 0.06953125 0.128125
3 0.42578125 0.47890625 0.07890625 0.1484375
0 0.57109375 0.93984375 0.09140625 0.11640625
0 0.9 0.03984375 0.11640625 0.07890625
0 0.9125 0.19296875 0.1109375 0.221875
0 0.825 0.134375 0.103125 0.234375
0 0.709375 0.05078125 0.1125 0.1015625
0 0.85 0.3890625 0.13046875 0.1953125
0 0.94921875 0.54453125 0.1015625 0.21953125
0 0.8625 0.71875 0.11640625 0.2125
0 0.825 0.59375 0.103125 0.1953125
0 0.37265625 0.765625 0.06796875 0.10390625
0 0.36640625 0.9109375 0.075 0.128125
0 0.42578125 0.1421875 0.134375 0.2640625
0 0.29921875 0.1875 0.10703125 0.16796875
0 0.29296875 0.6421875 0.08359375 0.11328125
1 0.76796875 0.4546875 0.05859375 0.23671875
1 0.56953125 0.20859375 0.13359375 0.29375
1 0.57890625 0.70234375 0.146875 0.1953125