0 0.74296875 0.56875 0.075 0.1703125
3 0.825 0.71875 0.0390625 0.06875
3 0.78359375 0.646875 0.0609375 0.0890625
0 0.21015625 0.6890625 0.04609375 0.06875
0 0.67265625 0.03984375 0.05703125 0.07890625
3 0.29765625 0.0875 0.04609375 0.05703125
3 0.04375 0.2703125 0.08203125 0.0765625
3 0.35703125 0.13984375 0.05546875 0.0765625
3 0.3125 0.37421875 0.0640625 0.09609375
3 0.34296875 0.56328125 0.05 0.07890625
3 0.271875 0.51953125 0.0609375 0.1015625
3 0.665625 0.78125 0.08046875 0.1359375
3 0.74375 0.865625 0.040625 0.08125
0 0.428125 0.06015625 0.078125 0.1109375