3 0.06640625 0.81640625 0.0609375 0.0765625
3 0.8671875 0.71015625 0.065625 0.1109375
3 0.803125 0.7171875 0.065625 0.10625
3 0.5890625 0.86171875 0.05546875 0.07890625
0 0.2140625 0.72109375 0.0390625 0.059375
0 0.146875 0.7125 0.05859375 0.046875
0 0.03046875 0.6875 0.0609375 0.08125
0 0.5640625 0.75546875 0.0640625 0.07890625
0 0.39609375 0.71875 0.0609375 0.08359375
0 0.34296875 0.95546875 0.046875 0.0890625
0 0.0734375 0.940625 0.09140625 0.10859375
0 0.86953125 0.26640625 0.053125 0.0984375
0 0.9046875 0.40390625 0.0875 0.16015625
0 0.7125 0.80234375 0.078125 0.1484375