1 0.22421875 0.70859375 0.0515625 0.0984375
0 0.1421875 0.928125 0.1125 0.14296875
0 0.76796875 0.17890625 0.103125 0.1703125
0 0.78125 0.47421875 0.0734375 0.1484375
0 0.61015625 0.3109375 0.059375 0.1234375
0 0.59140625 0.1875 0.05546875 0.10859375
0 0.215625 0.0515625 0.05625 0.103125
0 0.02578125 0.16875 0.0515625 0.165625
3 0.353125 0.075 0.05859375 0.08125
3 0.878125 0.16171875 0.0625 0.09609375
3 0.03046875 0.81328125 0.0609375 0.1953125
3 0.33671875 0.478125 0.05703125 0.10625
3 0.54296875 0.48359375 0.05 0.11328125
3 0.421875 0.86796875 0.065625 0.13125
3 0.35625 0.67421875 0.05390625 0.0890625