3 0.83359375 0.33359375 0.03359375 0.04921875
3 0.85546875 0.4234375 0.04140625 0.071875
0 0.340625 0.68984375 0.0390625 0.05703125
0 0.34140625 0.8 0.053125 0.10390625
0 0.89296875 0.7171875 0.0640625 0.10625
0 0.871875 0.61015625 0.05703125 0.10390625
0 0.5703125 0.43359375 0.0375 0.071875
0 0.45078125 0.49296875 0.05703125 0.10625
0 0.2890625 0.52734375 0.04140625 0.071875
0 0.20859375 0.57421875 0.06953125 0.1015625
0 0.12734375 0.58671875 0.08203125 0.10625
3 0.8078125 0.83828125 0.0625 0.10625
3 0.634375 0.7546875 0.0484375 0.09140625
3 0.40703125 0.8875 0.06953125 0.140625
3 0.38671875 0.73125 0.040625 0.059375
3 0.221875 0.77890625 0.09296875 0.12578125
3 0.06328125 0.83125 0.06796875 0.08125