3 0.64140625 0.2 0.04453125 0.09375
3 0.52109375 0.41484375 0.05 0.059375
0 0.49921875 0.3546875 0.0515625 0.06171875
0 0.3578125 0.3828125 0.05390625 0.0890625
0 0.58125 0.30234375 0.0515625 0.1109375
0 0.37734375 0.8234375 0.07109375 0.12109375
0 0.43515625 0.80625 0.06796875 0.09609375
0 0.4859375 0.68359375 0.0609375 0.10859375
0 0.3390625 0.578125 0.046875 0.07421875
0 0.346875 0.6421875 0.04140625 0.06875
0 0.05859375 0.4703125 0.05546875 0.05703125
0 0.134375 0.5875 0.059375 0.06875
0 0.2421875 0.9125 0.07890625 0.13125
3 0.30390625 0.621875 0.053125 0.059375
3 0.2515625 0.80234375 0.0640625 0.07421875
3 0.16796875 0.76328125 0.05859375 0.07890625
3 0.92421875 0.21953125 0.08203125 0.11875
3 0.78671875 0.6953125 0.07890625 0.11640625