0 0.4421875 0.8640625 0.09296875 0.17265625
0 0.165625 0.93046875 0.125 0.1390625
3 0.26171875 0.9625 0.0734375 0.075
3 0.6484375 0.86015625 0.0609375 0.09609375
3 0.6859375 0.69765625 0.0640625 0.12109375
3 0.8703125 0.53203125 0.07890625 0.12578125
3 0.68046875 0.36796875 0.05546875 0.04921875
3 0.71796875 0.41640625 0.05 0.06171875
3 0.6625 0.48671875 0.06953125 0.0640625
3 0.159375 0.73125 0.059375 0.11328125
3 0.33203125 0.74453125 0.04453125 0.0515625
3 0.034375 0.68125 0.0515625 0.09375
0 0.10703125 0.5546875 0.08046875 0.08125
0 0.24140625 0.525 0.05859375 0.06171875
0 0.3171875 0.49140625 0.059375 0.07421875
0 0.14765625 0.48359375 0.0515625 0.059375
0 0.5203125 0.7640625 0.0765625 0.12578125
0 0.51953125 0.921875 0.103125 0.15546875
0 0.5390625 0.41328125 0.078125 0.10625
0 0.79765625 0.37265625 0.09609375 0.1234375
0 0.78046875 0.09375 0.04140625 0.07421875
0 0.5984375 0.0421875 0.0359375 0.08359375