3 0.73125 0.63671875 0.0375 0.07421875
3 0.653125 0.78125 0.04296875 0.05703125
3 0.22578125 0.8421875 0.059375 0.09375
3 0.553125 0.87265625 0.08046875 0.1015625
0 0.56171875 0.71875 0.06796875 0.1234375
0 0.52578125 0.64921875 0.0515625 0.07890625
0 0.47578125 0.6765625 0.0515625 0.0890625
0 0.28125 0.71328125 0.04296875 0.059375
0 0.4546875 0.56328125 0.02890625 0.03984375
0 0.4203125 0.5875 0.034375 0.04453125
0 0.38359375 0.6234375 0.0359375 0.0421875
3 0.653125 0.5703125 0.0359375 0.04921875
0 0.6765625 0.43671875 0.03359375 0.03984375
0 0.85859375 0.459375 0.04453125 0.0546875
0 0.91796875 0.41953125 0.04140625 0.04921875