0 0.896875 0.8828125 0.053125 0.09609375
0 0.71796875 0.34296875 0.0359375 0.06875
0 0.6046875 0.38046875 0.0515625 0.09375
0 0.615625 0.8421875 0.0625 0.0984375
0 0.49921875 0.5453125 0.02890625 0.07421875
0 0.5046875 0.62734375 0.04609375 0.09375
0 0.39609375 0.4171875 0.05546875 0.0890625
0 0.334375 0.41640625 0.0625 0.09140625
0 0.315625 0.8640625 0.10390625 0.17265625
3 0.5765625 0.9640625 0.06640625 0.071875
3 0.7703125 0.6515625 0.0515625 0.07421875
3 0.95546875 0.76015625 0.0640625 0.10859375
3 0.809375 0.95078125 0.0609375 0.0984375
3 0.53984375 0.5828125 0.0375 0.04453125
3 0.55234375 0.71875 0.05703125 0.10390625
3 0.4171875 0.81953125 0.040625 0.07890625
3 0.4109375 0.5765625 0.078125 0.09609375
3 0.1953125 0.4546875 0.059375 0.07421875