3 0.4 0.66171875 0.0390625 0.059375
0 0.09140625 0.94453125 0.0640625 0.1109375
0 0.96484375 0.64375 0.0703125 0.103125
0 0.765625 0.6515625 0.0515625 0.0890625
0 0.76015625 0.48671875 0.0484375 0.0640625
0 0.66953125 0.6421875 0.04140625 0.06875
0 0.6796875 0.55703125 0.040625 0.06171875
0 0.7453125 0.56171875 0.040625 0.06171875
3 0.765625 0.71953125 0.046875 0.0765625
3 0.834375 0.83984375 0.06640625 0.0984375
0 0.08671875 0.58984375 0.059375 0.0640625
3 0.8484375 0.58671875 0.05546875 0.06171875
0 0.66640625 0.19765625 0.0359375 0.0546875
0 0.8671875 0.27265625 0.0375 0.06640625