3 0.24140625 0.43984375 0.04453125 0.06875
3 0.87890625 0.7578125 0.14453125 0.271875
3 0.55703125 0.86171875 0.08359375 0.14296875
3 0.5921875 0.6359375 0.05703125 0.08671875
3 0.44765625 0.80234375 0.0765625 0.09375
3 0.34296875 0.940625 0.09453125 0.11875
3 0.265625 0.69375 0.078125 0.10859375
3 0.153125 0.74296875 0.0890625 0.1234375
0 0.09296875 0.4015625 0.08359375 0.12109375
0 0.12890625 0.13125 0.053125 0.07890625
0 0.69296875 0.128125 0.1 0.17265625
0 0.834375 0.16796875 0.1109375 0.17265625
1 0.784375 0.5765625 0.0765625 0.071875
1 0.2234375 0.3421875 0.08359375 0.09140625
0 0.284375 0.078125 0.0609375 0.10625
0 0.36015625 0.14921875 0.0625 0.1109375