3 0.021875 0.6890625 0.04296875 0.11875
3 0.53515625 0.06875 0.07109375 0.09375
3 0.6609375 0.2296875 0.0640625 0.10390625
3 0.890625 0.4 0.05 0.07421875
3 0.91875 0.60625 0.0625 0.10625
3 0.9828125 0.79375 0.034375 0.12578125
0 0.4671875 0.259375 0.07890625 0.13359375
0 0.715625 0.32109375 0.05703125 0.0984375
0 0.94375 0.9640625 0.1125 0.071875
0 0.615625 0.140625 0.0390625 0.08359375
3 0.7359375 0.753125 0.053125 0.09375
3 0.67265625 0.41484375 0.05390625 0.07890625
3 0.64453125 0.475 0.046875 0.0765625