0 0.796875 0.16796875 0.15859375 0.2421875
0 0.84609375 0.5546875 0.13359375 0.21484375
0 0.5890625 0.36328125 0.096875 0.178125
0 0.5515625 0.20625 0.06640625 0.140625
0 0.03671875 0.09765625 0.0734375 0.1359375
3 0.54765625 0.2984375 0.059375 0.09375
3 0.9359375 0.10703125 0.08359375 0.12109375
3 0.23359375 0.10859375 0.08046875 0.11328125
3 0.2765625 0.91953125 0.0609375 0.1015625
3 0.396875 0.26640625 0.0640625 0.07421875
3 0.51328125 0.59609375 0.06796875 0.1453125
3 0.2296875 0.66015625 0.0765625 0.15546875