0 0.690625 0.26640625 0.046875 0.07890625
0 0.51796875 0.13671875 0.046875 0.08671875
0 0.97109375 0.41015625 0.0578125 0.1171875
0 0.96484375 0.871875 0.0703125 0.11875
0 0.69921875 0.63828125 0.10703125 0.1703125
0 0.40703125 0.5953125 0.0859375 0.153125
0 0.11015625 0.6234375 0.08203125 0.09140625
0 0.0171875 0.67890625 0.034375 0.10859375
3 0.56640625 0.55546875 0.05859375 0.07421875
3 0.61484375 0.65703125 0.07109375 0.09375
3 0.76328125 0.8578125 0.109375 0.1453125
3 0.54765625 0.7546875 0.0875 0.08671875