0 0.15546875 0.91015625 0.0640625 0.11640625
0 0.49453125 0.15078125 0.05 0.0890625
3 0.471875 0.91328125 0.06953125 0.10390625
3 0.49375 0.43828125 0.07890625 0.1359375
3 0.30546875 0.371875 0.05546875 0.071875
3 0.21484375 0.5453125 0.0875 0.128125
3 0.68515625 0.3359375 0.0625 0.0984375
3 0.73671875 0.459375 0.034375 0.0640625
3 0.634375 0.5171875 0.0390625 0.0515625
0 0.3765625 0.1171875 0.046875 0.071875
0 0.840625 0.91640625 0.08359375 0.1234375
3 0.95703125 0.88359375 0.05859375 0.0640625
3 0.840625 0.33359375 0.0609375 0.07890625