0 0.5734375 0.39765625 0.046875 0.07421875
3 0.7484375 0.26796875 0.053125 0.09140625
3 0.91015625 0.85078125 0.1015625 0.16015625
3 0.59453125 0.47890625 0.053125 0.07890625
3 0.36640625 0.675 0.04140625 0.05703125
3 0.31015625 0.86875 0.05703125 0.09375
3 0.225 0.81015625 0.0609375 0.0890625
0 0.27265625 0.46171875 0.04296875 0.0546875
0 0.12421875 0.459375 0.05703125 0.0546875
0 0.19609375 0.6015625 0.05859375 0.08125
0 0.67890625 0.3640625 0.05 0.1015625
0 0.42265625 0.41484375 0.04609375 0.0640625
0 0.40078125 0.60625 0.0375 0.071875
0 0.403125 0.68125 0.0359375 0.06875
0 0.546875 0.76171875 0.071875 0.12109375
0 0.48984375 0.875 0.059375 0.09609375
0 0.3125 0.9515625 0.09453125 0.09609375