2 0.05234375 0.31953125 0.10390625 0.140625
2 0.1015625 0.93203125 0.18046875 0.1359375
2 0.12265625 0.76015625 0.1984375 0.28125
3 0.66875 0.83046875 0.2625 0.3390625
2 0.240625 0.73359375 0.11953125 0.2421875
0 0.215625 0.9453125 0.14296875 0.10859375
0 0.325 0.9328125 0.146875 0.134375
0 0.49609375 0.875 0.1890625 0.24921875
2 0.46015625 0.79609375 0.14296875 0.234375
2 0.47265625 0.6515625 0.11796875 0.17265625
1 0.32421875 0.76171875 0.190625 0.30390625
1 0.35078125 0.80703125 0.1515625 0.23671875
3 0.23359375 0.49765625 0.15546875 0.234375
0 0.38828125 0.41875 0.0984375 0.15546875
3 0.428125 0.2578125 0.12109375 0.12578125
3 0.39921875 0.1125 0.1015625 0.12578125
2 0.4640625 0.48359375 0.121875 0.17265625
2 0.5859375 0.63828125 0.14140625 0.259375
1 0.628125 0.546875 0.1859375 0.21484375
1 0.63671875 0.50625 0.09296875 0.2171875
0 0.740625 0.4171875 0.146875 0.26171875
1 0.97265625 0.9171875 0.05390625 0.165625
2 0.840625 0.71875 0.203125 0.271875
2 0.9375 0.67421875 0.125 0.2515625
2 0.8703125 0.49296875 0.1484375 0.21484375
2 0.96484375 0.46015625 0.06796875 0.13125
1 0.54921875 0.134375 0.10390625 0.08671875
0 0.5515625 0.23203125 0.10859375 0.1578125
2 0.82890625 0.321875 0.09453125 0.09140625
2 0.6265625 0.31640625 0.11640625 0.153125
2 0.7046875 0.28671875 0.0765625 0.10859375
2 0.77890625 0.22734375 0.0890625 0.09375
2 0.76484375 0.1828125 0.07890625 0.09375
0 0.634375 0.0890625 0.09609375 0.178125
0 0.69453125 0.1640625 0.09453125 0.12578125
0 0.73515625 0.06640625 0.0984375 0.1328125
0 0.809375 0.075 0.07890625 0.1453125
0 0.8875 0.034375 0.0890625 0.06875
1 0.91953125 0.3359375 0.1609375 0.1234375
1 0.8703125 0.19375 0.1234375 0.21015625
0 0.98046875 0.11484375 0.0390625 0.18984375
2 0.928125 0.21875 0.065625 0.09140625
1 0.9578125 0.03125 0.07109375 0.06171875