3 0.89921875 0.59296875 0.07109375 0.07890625
3 0.659375 0.84296875 0.06640625 0.08671875
3 0.52578125 0.959375 0.0734375 0.08125
0 0.721875 0.06171875 0.04296875 0.07890625
0 0.8078125 0.365625 0.05703125 0.06875
0 0.06015625 0.2046875 0.05703125 0.0890625
0 0.01875 0.49296875 0.0375 0.1109375
0 0.38828125 0.47890625 0.040625 0.0640625
0 0.43671875 0.43203125 0.04296875 0.059375
0 0.50390625 0.5421875 0.0390625 0.08671875
0 0.434375 0.63984375 0.05 0.09375
0 0.60546875 0.41484375 0.04453125 0.08359375
0 0.7046875 0.51875 0.0515625 0.0890625
0 0.73828125 0.70859375 0.05703125 0.09375