1 0.096875 0.88125 0.134375 0.23671875
2 0.171875 0.8703125 0.1234375 0.16015625
2 0.18359375 0.9453125 0.11640625 0.10859375
2 0.0890625 0.69765625 0.10859375 0.15546875
0 0.05859375 0.628125 0.11640625 0.12578125
1 0.17734375 0.39765625 0.12890625 0.11328125
0 0.096875 0.48125 0.125 0.153125
0 0.16953125 0.5703125 0.0859375 0.13359375
0 0.24296875 0.58125 0.09453125 0.12578125
0 0.221875 0.471875 0.1015625 0.153125
0 0.1640625 0.71015625 0.1359375 0.1453125
0 0.31640625 0.5171875 0.0859375 0.16015625
0 0.3015625 0.76328125 0.1140625 0.2171875
0 0.3734375 0.73984375 0.0859375 0.21953125
2 0.36875 0.58359375 0.09609375 0.16015625
2 0.44921875 0.4640625 0.12890625 0.20234375
1 0.40625 0.378125 0.1125 0.178125
1 0.48359375 0.76640625 0.171875 0.378125
1 0.5109375 0.68671875 0.06953125 0.28671875
2 0.59609375 0.640625 0.128125 0.2296875
2 0.678125 0.7453125 0.1109375 0.271875
0 0.74375 0.8828125 0.140625 0.2
2 0.6375 0.50859375 0.1140625 0.153125
2 0.6875 0.41328125 0.1 0.1703125
2 0.8546875 0.2765625 0.115625 0.10390625
0 0.78359375 0.6828125 0.14140625 0.2546875
0 0.85859375 0.58046875 0.1390625 0.22734375
1 0.9125 0.4234375 0.0859375 0.140625
2 0.92578125 0.6046875 0.059375 0.221875
2 0.96875 0.66796875 0.059375 0.21953125
2 0.76953125 0.33984375 0.10546875 0.1703125
2 0.821875 0.44453125 0.090625 0.13359375
2 0.9671875 0.46328125 0.065625 0.09609375
0 0.89765625 0.128125 0.08203125 0.11875
0 0.95546875 0.28984375 0.075 0.1453125
1 0.96640625 0.16171875 0.06640625 0.15546875
0 0.8234375 0.0640625 0.0890625 0.128125
2 0.90546875 0.0296875 0.09453125 0.059375
2 0.5078125 0.10390625 0.09296875 0.128125
3 0.034375 0.30625 0.06875 0.159375