0 0.7390625 0.29296875 0.046875 0.071875
0 0.540625 0.33828125 0.046875 0.09375
0 0.4359375 0.46875 0.04140625 0.08359375
0 0.3171875 0.40390625 0.0484375 0.071875
0 0.3625 0.353125 0.04453125 0.0640625
0 0.365625 0.57265625 0.05546875 0.11328125
0 0.640625 0.446875 0.0515625 0.09375
0 0.678125 0.63671875 0.065625 0.10859375
0 0.97734375 0.68671875 0.0453125 0.0921875
3 0.5390625 0.965625 0.071875 0.06875
3 0.46875 0.92109375 0.07890625 0.128125
3 0.603125 0.7703125 0.05390625 0.0890625
3 0.83125 0.51328125 0.0625 0.0890625
3 0.78125 0.45078125 0.05703125 0.08125