0 0.1796875 0.5515625 0.040625 0.071875
0 0.42734375 0.43125 0.0375 0.05703125
3 0.4671875 0.58125 0.0375 0.05703125
0 0.5484375 0.625 0.0359375 0.059375
0 0.46328125 0.6546875 0.034375 0.0640625
0 0.4953125 0.753125 0.04296875 0.06875
3 0.6203125 0.88984375 0.040625 0.08125
3 0.63984375 0.83828125 0.0375 0.071875
3 0.640625 0.946875 0.0390625 0.09140625
3 0.5265625 0.7953125 0.046875 0.0546875
0 0.6796875 0.75078125 0.05390625 0.10390625
0 0.55625 0.234375 0.0484375 0.07421875
0 0.846875 0.39765625 0.065625 0.11328125
0 0.8640625 0.61328125 0.071875 0.12109375