1 0.159375 0.65078125 0.2359375 0.40703125
2 0.171875 0.2765625 0.1359375 0.19296875
2 0.390625 0.13203125 0.121875 0.1453125
2 0.82578125 0.059375 0.1375 0.11875
2 0.68125 0.05546875 0.134375 0.1109375
1 0.934375 0.125 0.0875 0.165625
1 0.95 0.26875 0.1 0.1828125
2 0.83046875 0.18046875 0.14453125 0.128125
2 0.9203125 0.43203125 0.159375 0.3359375
2 0.76640625 0.29296875 0.196875 0.225
2 0.59765625 0.2 0.140625 0.13828125
1 0.55546875 0.1125 0.10859375 0.175
1 0.428125 0.31953125 0.09609375 0.2984375
1 0.61328125 0.34296875 0.2734375 0.2515625
1 0.840625 0.6125 0.278125 0.4
2 0.6609375 0.571875 0.23046875 0.165625
0 0.90390625 0.8296875 0.19140625 0.340625
1 0.6421875 0.79453125 0.4375 0.4109375
1 0.2890625 0.84140625 0.346875 0.3171875