0 0.43984375 0.11484375 0.04609375 0.06640625
0 0.02265625 0.29921875 0.0453125 0.0921875
0 0.01796875 0.52578125 0.0359375 0.128125
1 0.0546875 0.4578125 0.10703125 0.16015625
2 0.1546875 0.5015625 0.09296875 0.0984375
2 0.1078125 0.45078125 0.0625 0.071875
2 0.11484375 0.37421875 0.0765625 0.09140625
1 0.06796875 0.36640625 0.06953125 0.1109375
0 0.08515625 0.3046875 0.0765625 0.13125
0 0.15703125 0.33203125 0.071875 0.13125
0 0.209375 0.33359375 0.0515625 0.08359375
1 0.2703125 0.43203125 0.109375 0.13828125
0 0.28828125 0.3453125 0.05703125 0.07890625
1 0.325 0.6953125 0.09140625 0.1015625
0 0.328125 0.578125 0.075 0.10390625
0 0.3625 0.49375 0.06640625 0.10390625
0 0.403125 0.5578125 0.06640625 0.11328125
0 0.4015625 0.41953125 0.04140625 0.08359375
2 0.46640625 0.58359375 0.04453125 0.08125
1 0.4984375 0.646875 0.05859375 0.19765625
1 0.5125 0.53671875 0.13046875 0.06640625
1 0.6328125 0.61953125 0.11796875 0.11328125
0 0.4171875 0.459375 0.04609375 0.0890625
2 0.40625 0.371875 0.0515625 0.071875
0 0.459375 0.42734375 0.059375 0.11328125
2 0.45234375 0.2828125 0.04609375 0.071875
1 0.49609375 0.3984375 0.0390625 0.06171875
2 0.4765625 0.4484375 0.0359375 0.08125
2 0.515625 0.46171875 0.059375 0.0640625
0 0.51796875 0.271875 0.0359375 0.0890625
0 0.559375 0.38359375 0.04296875 0.0765625
0 0.5609375 0.475 0.05 0.08671875
0 0.584375 0.4296875 0.05390625 0.10390625
1 0.61875 0.43984375 0.04609375 0.128125
2 0.57109375 0.27890625 0.046875 0.04921875
1 0.721875 0.5359375 0.0625 0.07421875
2 0.6890625 0.4484375 0.05546875 0.06640625
2 0.70546875 0.40390625 0.04453125 0.06640625
2 0.73125 0.4546875 0.04296875 0.0890625
0 0.75859375 0.38515625 0.0609375 0.11875
1 0.8046875 0.37890625 0.06796875 0.11640625
0 0.81484375 0.31484375 0.05703125 0.09140625
0 0.853125 0.42578125 0.06796875 0.10625
0 0.89140625 0.34296875 0.05546875 0.0890625
1 0.8640625 0.49296875 0.09453125 0.09140625
1 0.9171875 0.765625 0.1234375 0.17265625
4 0.12109375 0.81015625 0.24140625 0.375