0 0.54375 0.49609375 0.04296875 0.10390625
3 0.36171875 0.49375 0.0515625 0.07890625
3 0.5625 0.38125 0.05 0.13125
3 0.84453125 0.21953125 0.0859375 0.10390625
3 0.9390625 0.31328125 0.09453125 0.128125
3 0.60703125 0.7046875 0.06953125 0.13125
3 0.43125 0.96171875 0.090625 0.0765625
0 0.23671875 0.48359375 0.08203125 0.153125
0 0.140625 0.21328125 0.0765625 0.11640625
0 0.21484375 0.13359375 0.0734375 0.0890625
0 0.340625 0.29140625 0.0625 0.13359375
0 0.46640625 0.09609375 0.06640625 0.11328125
0 0.62734375 0.221875 0.0765625 0.13828125
0 0.73359375 0.53359375 0.1 0.16328125
0 0.76328125 0.93203125 0.1234375 0.1359375
0 0.740625 0.025 0.053125 0.04921875