0 0.9703125 0.29375 0.059375 0.1484375
2 0.965625 0.165625 0.06796875 0.10859375
0 0.83828125 0.04453125 0.0625 0.0890625
2 0.97578125 0.065625 0.0484375 0.08671875
2 0.91875 0.11640625 0.084375 0.09375
1 0.84921875 0.134375 0.1234375 0.16015625
0 0.74453125 0.028125 0.0515625 0.05625
0 0.67578125 0.01953125 0.0515625 0.0390625
0 0.584375 0.021875 0.053125 0.04375
2 0.74296875 0.20625 0.0890625 0.09140625
2 0.67109375 0.14453125 0.05859375 0.06640625
1 0.62578125 0.14921875 0.140625 0.18046875
0 0.59140625 0.2 0.08359375 0.13359375
2 0.53671875 0.1234375 0.059375 0.0984375
2 0.5171875 0.2 0.0734375 0.059375
2 0.46171875 0.16328125 0.07890625 0.07421875
0 0.49609375 0.06640625 0.075 0.11328125
1 0.37578125 0.26171875 0.134375 0.16328125
1 0.3921875 0.3421875 0.17890625 0.27890625
0 0.31484375 0.0984375 0.08203125 0.11875
0 0.23671875 0.0640625 0.084375 0.10859375
1 0.2828125 0.15703125 0.1125 0.09140625
1 0.2671875 0.19765625 0.09296875 0.07890625
2 0.29140625 0.27265625 0.08359375 0.09140625
1 0.225 0.24296875 0.075 0.21484375
2 0.1765625 0.28671875 0.08359375 0.0890625
0 0.15703125 0.221875 0.078125 0.10390625
0 0.071875 0.2515625 0.09609375 0.128125
1 0.0921875 0.13359375 0.05390625 0.11875
0 0.10078125 0.046875 0.08203125 0.07890625
1 0.1875 0.49296875 0.178125 0.175