2 0.5875 0.05703125 0.09453125 0.11328125
1 0.66953125 0.0890625 0.125 0.11328125
1 0.721875 0.0640625 0.115625 0.128125
2 0.43828125 0.0765625 0.1015625 0.153125
2 0.334375 0.09765625 0.1359375 0.1953125
1 0.3359375 0.70234375 0.3609375 0.5953125
2 0.66171875 0.18125 0.140625 0.11640625
0 0.5453125 0.23125 0.165625 0.24453125
0 0.621875 0.36328125 0.1375 0.19296875
0 0.7234375 0.29375 0.121875 0.20234375
0 0.44453125 0.56328125 0.19140625 0.32578125
0 0.709375 0.8 0.2640625 0.4
1 0.56328125 0.6484375 0.13203125 0.3828125
1 0.728125 0.5828125 0.22890625 0.3109375
1 0.7875 0.36640625 0.1890625 0.27421875
0 0.84765625 0.57265625 0.1515625 0.2515625
0 0.8953125 0.3046875 0.07890625 0.15078125
1 0.93046875 0.47265625 0.1390625 0.225
0 0.97578125 0.63359375 0.0484375 0.18046875
0 0.96484375 0.83046875 0.0703125 0.2453125