1 0.746875 0.11484375 0.190625 0.1703125
1 0.690625 0.18046875 0.19140625 0.178125
2 0.6484375 0.040625 0.1359375 0.08125
2 0.7171875 0.36875 0.215625 0.21953125
0 0.60390625 0.559375 0.36953125 0.55078125
2 0.16328125 0.3828125 0.27109375 0.434375
2 0.3453125 0.29140625 0.2015625 0.41484375
1 0.48671875 0.246875 0.14296875 0.44453125
2 0.56796875 0.19609375 0.10546875 0.23984375
1 0.2625 0.09765625 0.1609375 0.1109375
1 0.09140625 0.0828125 0.1828125 0.165625
1 0.375 0.0359375 0.06640625 0.071875
0 0.88515625 0.6 0.22890625 0.4296875
0 0.821875 0.76640625 0.303125 0.46640625