3 0.97265625 0.76015625 0.05390625 0.10390625
0 0.05078125 0.21015625 0.07109375 0.0984375
0 0.5140625 0.3109375 0.09140625 0.14296875
0 0.621875 0.59296875 0.05703125 0.128125
0 0.353125 0.759375 0.06796875 0.12578125
0 0.18671875 0.71875 0.09296875 0.13828125
3 0.56015625 0.26328125 0.065625 0.09609375
3 0.390625 0.1953125 0.065625 0.08359375
3 0.40859375 0.2828125 0.06640625 0.10625
3 0.11640625 0.31328125 0.0640625 0.0890625
3 0.325 0.9578125 0.0640625 0.08359375
3 0.83203125 0.634375 0.08359375 0.11328125
3 0.76015625 0.85703125 0.07109375 0.11328125
1 0.6875 0.79609375 0.09140625 0.21015625