1 0.1078125 0.70625 0.2125 0.38984375
2 0.03515625 0.35859375 0.0703125 0.1359375
2 0.03046875 0.2125 0.0609375 0.16328125
1 0.1140625 0.3828125 0.153125 0.10859375
1 0.12421875 0.459375 0.19296875 0.09375
1 0.24140625 0.28515625 0.09140625 0.1359375
2 0.1875 0.2 0.0890625 0.06875
1 0.14921875 0.1578125 0.090625 0.0890625
2 0.159375 0.51875 0.178125 0.178125
2 0.3015625 0.40625 0.128125 0.1703125
0 0.40078125 0.51640625 0.1234375 0.221875
0 0.4734375 0.365625 0.1390625 0.2421875
1 0.36796875 0.63671875 0.1640625 0.38046875
2 0.30859375 0.725 0.0859375 0.2296875
1 0.22578125 0.71328125 0.10390625 0.340625
1 0.328125 0.915625 0.284375 0.16875
1 0.52421875 0.7796875 0.1265625 0.440625
1 0.790625 0.93046875 0.175 0.1390625
0 0.33515625 0.16796875 0.10703125 0.17265625
2 0.378125 0.11640625 0.1015625 0.07890625
1 0.61875 0.48671875 0.20390625 0.19296875
2 0.61875 0.559375 0.14296875 0.1109375
2 0.5921875 0.33984375 0.11796875 0.10625
1 0.421875 0.240625 0.1125 0.140625
2 0.478125 0.275 0.128125 0.0765625
2 0.5140625 0.1984375 0.11640625 0.1109375
2 0.440625 0.11875 0.0625 0.07421875
2 0.50625 0.0875 0.115625 0.13125
0 0.6015625 0.1984375 0.10546875 0.18515625
0 0.78515625 0.7125 0.18203125 0.29375
0 0.8671875 0.5125 0.17890625 0.24921875
2 0.94453125 0.5875 0.1109375 0.20234375
1 0.90546875 0.42109375 0.1890625 0.1453125
1 0.8421875 0.35703125 0.18203125 0.1109375
1 0.79765625 0.29375 0.18203125 0.1484375
0 0.68203125 0.178125 0.09140625 0.1875
0 0.76484375 0.165625 0.109375 0.178125
3 0.8703125 0.1703125 0.159375 0.178125
0 0.6234375 0.021875 0.071875 0.04375
2 0.6921875 0.034375 0.1015625 0.06875
2 0.7796875 0.059375 0.08203125 0.0984375
1 0.828125 0.0515625 0.08125 0.103125
0 0.878125 0.03671875 0.071875 0.0734375
2 0.9421875 0.040625 0.115625 0.08125
2 0.9453125 0.10859375 0.109375 0.11875