3 0.1796875 0.76328125 0.065625 0.10390625
0 0.321875 0.1296875 0.040625 0.06640625
0 0.33671875 0.26328125 0.0515625 0.08125
0 0.44453125 0.0890625 0.05 0.07421875
0 0.59296875 0.08515625 0.04453125 0.071875
0 0.42734375 0.33359375 0.04609375 0.0890625
0 0.56015625 0.38359375 0.0515625 0.08125
0 0.74609375 0.51953125 0.04140625 0.071875
0 0.6625 0.6421875 0.04140625 0.06875
0 0.44140625 0.8890625 0.05546875 0.1234375
3 0.684375 0.4765625 0.0484375 0.0984375
3 0.51015625 0.328125 0.065625 0.0890625
3 0.68359375 0.925 0.05859375 0.08671875
0 0.7390625 0.8765625 0.075 0.10859375
1 0.86015625 0.89375 0.13203125 0.11875