1 0.0828125 0.48515625 0.1375 0.2890625
1 0.13046875 0.63828125 0.14453125 0.31875
1 0.2 0.6703125 0.16640625 0.353125
1 0.27890625 0.4 0.10859375 0.271875
1 0.2125 0.278125 0.14140625 0.1109375
1 0.25625 0.85625 0.15 0.2875
1 0.3703125 0.84140625 0.140625 0.3171875
1 0.471875 0.89609375 0.15390625 0.20703125
0 0.546875 0.8015625 0.146875 0.2640625
1 0.6109375 0.92109375 0.096875 0.1578125
1 0.703125 0.92109375 0.125 0.1578125
1 0.8390625 0.8125 0.321875 0.271875
0 0.8359375 0.92734375 0.19453125 0.1453125
2 0.728125 0.7484375 0.0765625 0.10859375
2 0.9171875 0.6640625 0.14609375 0.153125
2 0.7984375 0.6234375 0.13046875 0.18046875
0 0.64140625 0.5875 0.18046875 0.29140625
1 0.496875 0.51484375 0.25390625 0.2
2 0.7015625 0.54296875 0.103125 0.19296875
0 0.71015625 0.3640625 0.134375 0.23984375
2 0.703125 0.43203125 0.1109375 0.07890625
0 0.59375 0.2953125 0.15703125 0.21953125
0 0.4953125 0.37421875 0.115625 0.1953125
1 0.40390625 0.359375 0.103125 0.1953125
1 0.46875 0.23125 0.140625 0.12109375
1 0.35703125 0.253125 0.071875 0.15078125
1 0.325 0.16796875 0.1359375 0.13828125
0 0.465625 0.10234375 0.06640625 0.1109375
1 0.4078125 0.171875 0.08203125 0.1109375
2 0.7171875 0.2515625 0.07890625 0.10390625
0 0.67578125 0.13203125 0.090625 0.165625
1 0.496875 0.13671875 0.0875 0.09609375
1 0.63984375 0.0875 0.04296875 0.1109375
0 0.61484375 0.06328125 0.05390625 0.08125
1 0.56171875 0.08046875 0.1015625 0.06640625
0 0.51796875 0.0359375 0.05546875 0.071875
1 0.56796875 0.03359375 0.05546875 0.06640625
1 0.940625 0.18046875 0.11796875 0.11875