0 0.62734375 0.10625 0.05390625 0.09375
3 0.58125 0.54296875 0.0375 0.0640625
0 0.53515625 0.53984375 0.0625 0.1109375
3 0.44375 0.5296875 0.0484375 0.0765625
0 0.409375 0.50859375 0.0484375 0.11875
0 0.33515625 0.96875 0.059375 0.06171875
3 0.03046875 0.225 0.0609375 0.1234375
3 0.015625 0.49375 0.03046875 0.13828125
3 0.56953125 0.246875 0.0359375 0.0890625
3 0.553125 0.19609375 0.034375 0.05703125
3 0.58125 0.16875 0.03203125 0.0765625
3 0.50859375 0.365625 0.05 0.08359375
3 0.41484375 0.31484375 0.04609375 0.071875
3 0.42109375 0.7171875 0.04453125 0.08125
3 0.32265625 0.52109375 0.059375 0.11328125
3 0.290625 0.67265625 0.0859375 0.15078125
3 0.84765625 0.471875 0.0625 0.07421875
3 0.703125 0.3359375 0.0640625 0.11328125
3 0.5796875 0.88515625 0.04296875 0.09140625
3 0.62734375 0.89140625 0.040625 0.08359375
3 0.65859375 0.84296875 0.0609375 0.12109375