0 0.49296875 0.11640625 0.04140625 0.0546875
0 0.178125 0.35703125 0.05859375 0.071875
0 0.40390625 0.234375 0.053125 0.0890625
0 0.95546875 0.2515625 0.0640625 0.07421875
0 0.86875 0.67421875 0.0515625 0.1234375
0 0.671875 0.171875 0.05703125 0.08671875
0 0.75 0.271875 0.075 0.10390625
0 0.72109375 0.95625 0.0671875 0.0875
0 0.22890625 0.96171875 0.153125 0.0765625
3 0.85625 0.3359375 0.0765625 0.07890625
3 0.846875 0.50703125 0.071875 0.1015625
3 0.759375 0.575 0.05859375 0.0984375
3 0.7890625 0.8171875 0.09453125 0.1234375
3 0.3265625 0.83984375 0.0640625 0.10859375
3 0.153125 0.8359375 0.09609375 0.13125
3 0.07578125 0.8109375 0.08203125 0.1109375