0 0.39765625 0.1125 0.04296875 0.06640625
0 0.44765625 0.9234375 0.0515625 0.1234375
0 0.58828125 0.92578125 0.059375 0.11328125
0 0.80546875 0.04921875 0.05546875 0.0984375
0 0.8109375 0.2640625 0.0640625 0.1234375
0 0.634375 0.41328125 0.05 0.09140625
0 0.51953125 0.30390625 0.0359375 0.07421875
0 0.4359375 0.334375 0.03046875 0.071875
0 0.146875 0.23359375 0.04453125 0.0765625
3 0.4390625 0.68515625 0.046875 0.09140625
3 0.640625 0.921875 0.04296875 0.071875
3 0.925 0.78671875 0.071875 0.09140625
3 0.74609375 0.66015625 0.06640625 0.12109375
3 0.540625 0.721875 0.053125 0.09140625
3 0.03203125 0.78125 0.0640625 0.16015625
3 0.353125 0.96875 0.0515625 0.06171875
3 0.48671875 0.93671875 0.040625 0.09609375