1 0.66796875 0.2578125 0.0640625 0.1109375
2 0.0546875 0.2296875 0.04609375 0.07421875
1 0.02578125 0.5421875 0.0515625 0.15078125
0 0.10234375 0.32109375 0.0625 0.09375
2 0.11328125 0.39140625 0.03203125 0.09609375
0 0.13359375 0.18515625 0.05859375 0.07890625
2 0.159375 0.228125 0.05390625 0.071875
0 0.1046875 0.50390625 0.07890625 0.13828125
1 0.159375 0.3765625 0.08359375 0.2546875
2 0.2234375 0.4828125 0.08359375 0.13125
2 0.21328125 0.4 0.065625 0.10390625
2 0.221875 0.32734375 0.05703125 0.071875
0 0.20625 0.1765625 0.065625 0.1015625
0 0.3 0.18984375 0.078125 0.128125
0 0.240625 0.275 0.0609375 0.09609375
1 0.3109375 0.24453125 0.08046875 0.07421875
0 0.3828125 0.26015625 0.0625 0.1109375
0 0.321875 0.67890625 0.09609375 0.16796875
0 0.40625 0.68359375 0.09609375 0.178125
0 0.396875 0.5515625 0.0875 0.165625
0 0.44921875 0.48359375 0.0984375 0.1875
1 0.32734375 0.4125 0.1265625 0.1875
2 0.40078125 0.22578125 0.059375 0.1109375
2 0.34140625 0.359375 0.071875 0.08671875
2 0.403125 0.359375 0.103125 0.11640625
2 0.41015625 0.43828125 0.07890625 0.11640625
2 0.471875 0.33203125 0.0734375 0.09609375
2 0.5296875 0.29140625 0.0765625 0.1234375
1 0.496875 0.2109375 0.0875 0.1015625
0 0.53125 0.4578125 0.09296875 0.175
2 0.5859375 0.36015625 0.078125 0.10390625
2 0.565625 0.47890625 0.05390625 0.16796875
1 0.628125 0.40234375 0.1140625 0.11875
2 0.62578125 0.528125 0.10703125 0.1578125
2 0.66171875 0.4421875 0.0875 0.0984375
0 0.68671875 0.62109375 0.12890625 0.21015625
0 0.765625 0.5109375 0.11640625 0.153125
0 0.73984375 0.41640625 0.109375 0.1359375
0 0.7484375 0.3296875 0.103125 0.12578125
1 0.84453125 0.51484375 0.08046875 0.28359375
2 0.8546875 0.3828125 0.115625 0.128125
1 0.665625 0.121875 0.1140625 0.140625
0 0.771875 0.04921875 0.06796875 0.09375
2 0.7328125 0.159375 0.09609375 0.12578125
2 0.771875 0.2046875 0.08046875 0.13828125
0 0.81953125 0.159375 0.05859375 0.08671875
1 0.84453125 0.253125 0.09453125 0.140625
1 0.89453125 0.23828125 0.075 0.13125
1 0.93828125 0.24453125 0.06796875 0.1484375
1 0.97890625 0.2015625 0.04140625 0.09609375
1 0.953125 0.35703125 0.09296875 0.12578125
1 0.96875 0.5 0.0625 0.140625
1 0.265625 0.8484375 0.103125 0.12109375
1 0.55703125 0.72109375 0.225 0.1484375
1 0.68984375 0.903125 0.1234375 0.19375
1 0.48359375 0.86796875 0.1109375 0.2640625
2 0.48359375 0.8125 0.11640625 0.19296875
2 0.92265625 0.06171875 0.11796875 0.1234375