0 0.49140625 0.10859375 0.0390625 0.06875
0 0.40546875 0.125 0.03359375 0.06640625
0 0.415625 0.91640625 0.034375 0.06875
3 0.3953125 0.4640625 0.04609375 0.08359375
0 0.39375 0.6828125 0.05390625 0.1109375
0 0.53359375 0.7015625 0.0609375 0.10390625
0 0.6015625 0.22578125 0.053125 0.1015625
0 0.778125 0.08515625 0.0640625 0.12578125
3 0.4953125 0.5109375 0.0515625 0.0984375
3 0.8421875 0.59296875 0.05703125 0.09375
3 0.690625 0.465625 0.0609375 0.1015625
3 0.43515625 0.70859375 0.0484375 0.0890625
3 0.30390625 0.725 0.05859375 0.12109375
3 0.26640625 0.90234375 0.09453125 0.18515625