0 0.4953125 0.16328125 0.0625 0.11875
3 0.534375 0.08671875 0.040625 0.07890625
3 0.56953125 0.06328125 0.0390625 0.071875
3 0.68203125 0.8453125 0.08359375 0.16015625
3 0.934375 0.2515625 0.10859375 0.128125
3 0.6140625 0.46015625 0.0609375 0.12578125
3 0.40625 0.61015625 0.0515625 0.0890625
0 0.27578125 0.61640625 0.084375 0.165625
0 0.17578125 0.33984375 0.065625 0.1109375
0 0.24453125 0.24921875 0.0640625 0.08359375
0 0.37890625 0.40703125 0.06640625 0.13828125
0 0.67890625 0.29375 0.075 0.1484375
0 0.8296875 0.6421875 0.09609375 0.178125
0 0.78671875 0.03984375 0.07109375 0.07890625
0 0.59765625 0.5875 0.05703125 0.11875