0 0.7359375 0.12578125 0.03359375 0.059375
0 0.68125 0.3109375 0.0375 0.06875
0 0.6 0.253125 0.03359375 0.06171875
3 0.7765625 0.69765625 0.05 0.071875
3 0.5859375 0.87890625 0.05 0.06875
3 0.46640625 0.93125 0.05546875 0.07890625
0 0.7359375 0.54921875 0.0359375 0.05703125
0 0.5734375 0.57265625 0.0390625 0.06875
0 0.571875 0.7875 0.034375 0.06875
0 0.38515625 0.54296875 0.0375 0.0546875
0 0.42890625 0.5234375 0.04140625 0.059375
0 0.478125 0.628125 0.034375 0.071875
0 0.415625 0.67265625 0.046875 0.071875
0 0.640625 0.63671875 0.04453125 0.07421875
0 0.6484375 0.7546875 0.04140625 0.08125
0 0.9828125 0.6765625 0.034375 0.09375
0 0.87578125 0.79765625 0.065625 0.08359375
0 0.9296875 0.89296875 0.1015625 0.13125
0 0.096875 0.40234375 0.0765625 0.0984375