0 0.78984375 0.1125 0.0375 0.06640625
0 0.6828125 0.07265625 0.040625 0.071875
0 0.67890625 0.453125 0.04453125 0.0765625
0 0.88515625 0.39609375 0.0484375 0.071875
0 0.78046875 0.54296875 0.05 0.07890625
0 0.8140625 0.7125 0.0609375 0.09140625
0 0.71171875 0.71953125 0.0375 0.071875
0 0.584375 0.56796875 0.034375 0.07421875
0 0.51484375 0.46796875 0.04296875 0.05703125
0 0.47734375 0.50703125 0.04296875 0.06171875
0 0.51953125 0.646875 0.04453125 0.07890625
0 0.1453125 0.4875 0.08203125 0.09609375
3 0.97578125 0.6046875 0.0484375 0.0890625
3 0.74453125 0.8515625 0.04453125 0.08359375
3 0.609375 0.95625 0.065625 0.0875