2 0.46640625 0.065625 0.10546875 0.13125
2 0.81640625 0.234375 0.1640625 0.23671875
2 0.92421875 0.37890625 0.1515625 0.21953125
2 0.97890625 0.5421875 0.04140625 0.26875
0 0.9703125 0.5359375 0.059375 0.28125
0 0.92734375 0.7859375 0.1421875 0.428125
2 0.85078125 0.85390625 0.2984375 0.2921875
2 0.71640625 0.3875 0.1609375 0.2421875
2 0.66484375 0.5546875 0.1765625 0.234375
1 0.48515625 0.25078125 0.2375 0.1453125
1 0.515625 0.86875 0.140625 0.26171875
2 0.6171875 0.8046875 0.2515625 0.38984375
2 0.40703125 0.9171875 0.121875 0.165625
2 0.359375 0.559375 0.1484375 0.2
0 0.37890625 0.6484375 0.23046875 0.446875
0 0.24296875 0.94296875 0.2140625 0.11328125
2 0.30859375 0.834375 0.04140625 0.2125
1 0.240625 0.6984375 0.14140625 0.47421875
0 0.14765625 0.75703125 0.16796875 0.31875
0 0.046875 0.721875 0.09296875 0.23984375