1 0.61875 0.39609375 0.0515625 0.140625
2 0.090625 0.90703125 0.178125 0.18515625
2 0.196875 0.8015625 0.14140625 0.24921875
2 0.31640625 0.7046875 0.125 0.21953125
2 0.328125 0.8859375 0.1 0.228125
2 0.1234375 0.31953125 0.11640625 0.16015625
2 0.57890625 0.240625 0.09453125 0.1453125
0 0.46484375 0.27890625 0.0875 0.1875
0 0.528125 0.3984375 0.078125 0.1109375
1 0.415625 0.88359375 0.12109375 0.23203125
2 0.490625 0.859375 0.11796875 0.246875
0 0.55390625 0.6578125 0.125 0.1953125
0 0.590625 0.80234375 0.14296875 0.26171875
0 0.7234375 0.7703125 0.1390625 0.271875
2 0.66640625 0.61875 0.128125 0.11640625
1 0.8359375 0.91953125 0.15546875 0.16015625
2 0.9375 0.76328125 0.121875 0.1875
1 0.85234375 0.68671875 0.09609375 0.2515625
1 0.63515625 0.475 0.17109375 0.2046875
1 0.85078125 0.36015625 0.05390625 0.09375
2 0.9234375 0.353125 0.078125 0.13828125
2 0.7953125 0.4 0.04609375 0.11875
1 0.8578125 0.32109375 0.0734375 0.11875
2 0.75625 0.48359375 0.07109375 0.14296875
1 0.740625 0.378125 0.07890625 0.08359375
1 0.87265625 0.48125 0.1625 0.11328125
2 0.94765625 0.59375 0.10390625 0.2