0 0.86953125 0.38359375 0.04453125 0.0765625
0 0.8390625 0.51015625 0.04140625 0.071875
0 0.7078125 0.5359375 0.040625 0.07421875
0 0.596875 0.75546875 0.0515625 0.06875
0 0.515625 0.68046875 0.04453125 0.071875
0 0.42265625 0.8984375 0.04296875 0.09375
0 0.271875 0.6640625 0.06640625 0.0984375
0 0.290625 0.26796875 0.05703125 0.09140625
0 0.096875 0.28515625 0.06796875 0.09609375
0 0.078125 0.6359375 0.0734375 0.1109375
3 0.3875 0.36875 0.0390625 0.0765625
3 0.6 0.64296875 0.0390625 0.06171875
3 0.73125 0.6953125 0.04296875 0.08125
3 0.58984375 0.9484375 0.040625 0.06875
3 0.615625 0.97734375 0.034375 0.0453125
3 0.640625 0.965625 0.04296875 0.06875
3 0.4421875 0.69765625 0.05390625 0.10625
3 0.478125 0.628125 0.034375 0.071875
3 0.321875 0.51953125 0.04609375 0.0765625
3 0.196875 0.61015625 0.0640625 0.11328125
3 0.01796875 0.73359375 0.0359375 0.08359375