0 0.10546875 0.27421875 0.05859375 0.0984375
0 0.178125 0.3234375 0.059375 0.11328125
0 0.21796875 0.34453125 0.05546875 0.08671875
2 0.1515625 0.275 0.0390625 0.06171875
2 0.19609375 0.2484375 0.053125 0.05703125
2 0.240625 0.20390625 0.0640625 0.09609375
2 0.265625 0.25078125 0.05390625 0.0765625
0 0.08359375 0.57265625 0.053125 0.0984375
2 0.13359375 0.56171875 0.05859375 0.10625
1 0.17734375 0.6421875 0.10390625 0.1234375
1 0.19609375 0.7109375 0.096875 0.128125
0 0.37109375 0.3890625 0.04140625 0.06640625
0 0.34296875 0.64921875 0.078125 0.13828125
1 0.35546875 0.353125 0.078125 0.04921875
0 0.36171875 0.2359375 0.0484375 0.0515625
2 0.35625 0.28515625 0.065625 0.06640625
2 0.35546875 0.51015625 0.04453125 0.11640625
2 0.3796875 0.57265625 0.034375 0.09375
1 0.40859375 0.6515625 0.046875 0.32109375
2 0.50078125 0.72109375 0.10703125 0.16328125
2 0.47265625 0.58984375 0.07890625 0.09375
2 0.49375 0.5109375 0.07109375 0.0890625
0 0.565625 0.56328125 0.078125 0.13828125
0 0.521875 0.44921875 0.059375 0.0984375
2 0.49375 0.39609375 0.059375 0.05703125
0 0.4953125 0.3421875 0.05390625 0.071875
3 0.4375 0.22734375 0.06953125 0.07890625
3 0.528125 0.14296875 0.0609375 0.08359375
0 0.4640625 0.26640625 0.053125 0.06875
0 0.534375 0.29140625 0.05859375 0.10859375
0 0.54453125 0.37890625 0.053125 0.08671875
0 0.5890625 0.3484375 0.0640625 0.09375
0 0.58203125 0.4359375 0.046875 0.08125
0 0.62421875 0.44296875 0.065625 0.08671875
1 0.640625 0.49296875 0.06796875 0.09140625
2 0.32109375 0.03359375 0.046875 0.06640625
2 0.3703125 0.0515625 0.059375 0.059375
1 0.64375 0.6359375 0.0765625 0.175
1 0.67109375 0.675 0.09453125 0.140625
1 0.67109375 0.7578125 0.06953125 0.07421875
1 0.72734375 0.45546875 0.115625 0.1703125
2 0.746875 0.70625 0.10390625 0.16796875
2 0.7625 0.83359375 0.1140625 0.165625
2 0.82109375 0.7015625 0.0859375 0.13828125
2 0.896875 0.6953125 0.103125 0.175
0 0.74609375 0.93046875 0.0984375 0.1390625
0 0.8375 0.88359375 0.103125 0.19765625
0 0.940625 0.915625 0.115625 0.16875
2 0.9734375 0.853125 0.053125 0.165625
2 0.884375 0.334375 0.08359375 0.13125