0 0.5828125 0.1453125 0.084375 0.128125
2 0.03203125 0.23984375 0.0640625 0.16328125
2 0.0984375 0.18125 0.09453125 0.13125
1 0.05390625 0.91796875 0.1078125 0.1640625
2 0.17109375 0.9046875 0.153125 0.18984375
1 0.228125 0.94296875 0.20390625 0.11328125
1 0.1390625 0.75703125 0.18046875 0.21953125
1 0.19765625 0.675 0.15390625 0.234375
2 0.284375 0.728125 0.13359375 0.2515625
0 0.40859375 0.859375 0.228125 0.28125
0 0.4671875 0.66640625 0.134375 0.23203125
0 0.396875 0.60234375 0.134375 0.23671875
0 0.70546875 0.8453125 0.18046875 0.30859375
1 0.846875 0.8453125 0.175 0.30859375
1 0.85 0.55078125 0.23046875 0.38046875
1 0.634375 0.69765625 0.25546875 0.24921875
0 0.709375 0.48984375 0.16640625 0.26875
0 0.365625 0.425 0.115625 0.1828125
1 0.5828125 0.56640625 0.15390625 0.2
0 0.515625 0.446875 0.11640625 0.2125
1 0.52734375 0.4296875 0.19296875 0.16328125
2 0.709375 0.30390625 0.1375 0.17265625
2 0.846875 0.24921875 0.1390625 0.16328125
1 0.43984375 0.3828125 0.0734375 0.2515625
1 0.3484375 0.25703125 0.04453125 0.1578125
0 0.39375 0.21484375 0.084375 0.16328125
0 0.4421875 0.178125 0.1015625 0.13828125
0 0.509375 0.2515625 0.0984375 0.16328125
0 0.603125 0.26015625 0.10703125 0.21484375
0 0.6703125 0.18046875 0.09609375 0.16328125
0 0.7796875 0.13828125 0.07890625 0.11328125
2 0.57734375 0.11484375 0.1015625 0.1359375
1 0.42109375 0.1 0.06640625 0.09140625
0 0.44296875 0.053125 0.096875 0.10625
0 0.534375 0.05546875 0.08359375 0.1109375
1 0.86015625 0.1515625 0.1015625 0.16015625
0 0.89296875 0.046875 0.09453125 0.09375
1 0.96328125 0.05546875 0.06796875 0.1109375