0 0.33125 0.83828125 0.28203125 0.3234375
0 0.04765625 0.1921875 0.0953125 0.203125
2 0.09296875 0.26328125 0.14140625 0.15546875
1 0.08125 0.4359375 0.1625 0.2984375
1 0.05546875 0.61953125 0.1109375 0.1234375
1 0.06875 0.75078125 0.1375 0.16796875
1 0.15234375 0.12734375 0.1234375 0.2046875
1 0.2359375 0.37421875 0.10546875 0.40703125
0 0.328125 0.0640625 0.1375 0.128125
3 0.346875 0.23984375 0.1984375 0.2421875
2 0.3578125 0.425 0.17890625 0.19765625
2 0.353125 0.63359375 0.184375 0.27890625
0 0.55625 0.26171875 0.1765625 0.246875
1 0.53125 0.16171875 0.20390625 0.15546875
2 0.39765625 0.06796875 0.10390625 0.12578125
2 0.4734375 0.06328125 0.096875 0.09140625
2 0.46796875 0.09765625 0.103125 0.071875
2 0.61484375 0.065625 0.1375 0.13125
0 0.6765625 0.0296875 0.05 0.059375
2 0.57890625 0.38359375 0.1109375 0.10625
2 0.4953125 0.540625 0.14609375 0.28125
2 0.571875 0.7890625 0.22109375 0.353125
1 0.64765625 0.95390625 0.1984375 0.0921875
2 0.61640625 0.53125 0.125 0.23203125
2 0.7078125 0.67421875 0.165625 0.38046875
2 0.74296875 0.3359375 0.1859375 0.26171875
1 0.8203125 0.7234375 0.2984375 0.4
2 0.8109375 0.4984375 0.10859375 0.10390625
2 0.87578125 0.8625 0.1984375 0.275
0 0.95078125 0.73125 0.09609375 0.4296875
2 0.9140625 0.503125 0.171875 0.19375
0 0.91640625 0.36328125 0.16640625 0.246875
0 0.87890625 0.125 0.178125 0.21953125
3 0.7921875 0.0515625 0.140625 0.103125