1 0.96640625 0.55703125 0.06640625 0.09140625
0 0.33125 0.56640625 0.04296875 0.0765625
0 0.2875 0.44296875 0.04140625 0.06640625
0 0.29140625 0.38359375 0.0390625 0.06171875
0 0.35 0.22109375 0.0359375 0.071875
0 0.440625 0.040625 0.04609375 0.08125
0 0.5328125 0.08359375 0.0484375 0.07890625
3 0.621875 0.06875 0.05703125 0.0890625
0 0.6734375 0.11953125 0.046875 0.08671875
0 0.88359375 0.553125 0.078125 0.10859375
0 0.56875 0.61484375 0.059375 0.1234375
0 0.45234375 0.95078125 0.059375 0.0984375
0 0.784375 0.89140625 0.0875 0.17265625
3 0.6046875 0.53828125 0.0484375 0.07890625
3 0.640625 0.52109375 0.04609375 0.07421875
0 0.32265625 0.79609375 0.065625 0.1015625
0 0.25078125 0.9125 0.0765625 0.13125
0 0.7734375 0.38359375 0.046875 0.0765625
3 0.80703125 0.21484375 0.05 0.11875