0 0.684375 0.78046875 0.09609375 0.16328125
0 0.815625 0.56875 0.1 0.15546875
0 0.71953125 0.25703125 0.05859375 0.10859375
3 0.76953125 0.21328125 0.03359375 0.06640625
0 0.49765625 0.1765625 0.059375 0.1015625
0 0.35703125 0.48125 0.05546875 0.0984375
3 0.57890625 0.0234375 0.06640625 0.046875
3 0.44140625 0.39296875 0.053125 0.0640625
3 0.67890625 0.63828125 0.05859375 0.10625
3 0.59609375 0.28671875 0.075 0.128125
3 0.634375 0.22734375 0.0515625 0.0984375
3 0.98671875 0.3703125 0.0265625 0.059375
3 0.921875 0.4125 0.07109375 0.0984375
3 0.928125 0.51015625 0.05 0.071875
3 0.96953125 0.81875 0.0609375 0.1453125