0 0.30625 0.04921875 0.065625 0.0984375
1 0.67890625 0.91328125 0.09453125 0.13828125
0 0.86484375 0.80859375 0.0765625 0.12109375
3 0.06953125 0.65703125 0.10546875 0.1578125
3 0.3953125 0.353125 0.090625 0.153125
3 0.74453125 0.734375 0.078125 0.13125
3 0.6296875 0.74921875 0.09296875 0.1453125
3 0.67734375 0.68984375 0.090625 0.140625
3 0.53515625 0.6875 0.084375 0.09140625
3 0.45703125 0.634375 0.08046875 0.128125
3 0.46796875 0.546875 0.05546875 0.0765625
3 0.4953125 0.80859375 0.07109375 0.13125
3 0.1234375 0.7875 0.09140625 0.08359375
3 0.2984375 0.6015625 0.0859375 0.1359375
3 0.29453125 0.39609375 0.125 0.1953125