2 0.9375 0.84453125 0.11640625 0.3109375
2 0.675 0.36171875 0.05 0.16015625
1 0.67109375 0.24453125 0.06953125 0.11328125
1 0.65546875 0.140625 0.08359375 0.14296875
1 0.7453125 0.27265625 0.084375 0.15078125
2 0.05 0.7984375 0.1 0.24921875
0 0.309375 0.359375 0.0890625 0.1015625
0 0.24140625 0.23828125 0.13359375 0.23984375
0 0.29609375 0.76015625 0.1640625 0.26171875
0 0.2828125 0.91796875 0.20625 0.1640625
0 0.4671875 0.8578125 0.190625 0.28359375
2 0.440625 0.728125 0.159375 0.271875
1 0.43125 0.4828125 0.215625 0.2890625
1 0.44765625 0.365625 0.10703125 0.23671875
2 0.41484375 0.15703125 0.10703125 0.18984375
2 0.515625 0.1828125 0.12890625 0.16796875
2 0.59375 0.46796875 0.10390625 0.2296875
1 0.76015625 0.453125 0.27109375 0.2296875
1 0.70703125 0.78515625 0.15 0.38515625
2 0.840625 0.26328125 0.1390625 0.21015625
2 0.840625 0.63203125 0.153125 0.29140625
2 0.79453125 0.875 0.178125 0.24921875