1 0.240625 0.88515625 0.08359375 0.2296875
0 0.30390625 0.70859375 0.0640625 0.14296875
2 0.346875 0.56875 0.0734375 0.1359375
1 0.30078125 0.8640625 0.04609375 0.1875
0 0.328125 0.5125 0.07109375 0.13125
0 0.384375 0.41953125 0.078125 0.1484375
0 0.4359375 0.3109375 0.06640625 0.128125
0 0.4515625 0.46875 0.071875 0.14296875
0 0.41953125 0.6046875 0.08359375 0.10390625
0 0.38203125 0.68359375 0.0859375 0.1234375
0 0.3484375 0.825 0.09140625 0.16796875
1 0.38046875 0.94140625 0.1703125 0.1171875
0 0.44140625 0.80390625 0.1 0.1703125
1 0.48828125 0.36640625 0.0625 0.23984375
1 0.4640625 0.646875 0.09453125 0.20234375
1 0.5109375 0.69140625 0.075 0.28671875
0 0.5 0.90859375 0.103125 0.1828125
0 0.58828125 0.81875 0.1015625 0.1953125
0 0.740625 0.87890625 0.1390625 0.23671875
0 0.66875 0.675 0.109375 0.1953125
0 0.81015625 0.51484375 0.140625 0.2
0 0.5828125 0.5953125 0.08203125 0.1578125
0 0.66171875 0.4828125 0.1125 0.1953125
0 0.56953125 0.4875 0.08046875 0.13125
0 0.53828125 0.378125 0.084375 0.16328125
0 0.59765625 0.2953125 0.084375 0.13125
1 0.59609375 0.23984375 0.146875 0.1578125
1 0.55078125 0.21953125 0.10703125 0.13359375
1 0.515625 0.12578125 0.04140625 0.178125
0 0.6765625 0.29375 0.0859375 0.16328125
0 0.5578125 0.0953125 0.059375 0.13125
0 0.615625 0.11953125 0.07109375 0.1359375
1 0.70234375 0.12578125 0.1515625 0.2515625
0 0.8015625 0.16875 0.0890625 0.1359375
1 0.7546875 0.321875 0.10390625 0.2296875
1 0.9515625 0.08359375 0.096875 0.1671875