2 0.94921875 0.18125 0.0984375 0.18046875
0 0.92265625 0.3984375 0.15390625 0.40234375
0 0.8109375 0.09609375 0.209375 0.1921875
1 0.8390625 0.48515625 0.2140625 0.58515625
0 0.778125 0.8625 0.209375 0.275
1 0.67109375 0.6984375 0.28359375 0.2125
0 0.68828125 0.4703125 0.10390625 0.30390625
2 0.6875 0.19140625 0.13046875 0.30859375
0 0.56875 0.29140625 0.159375 0.32109375
0 0.51953125 0.07890625 0.13046875 0.1578125
0 0.45078125 0.178125 0.1515625 0.26171875
2 0.5375 0.56796875 0.16640625 0.23203125
2 0.46640625 0.43828125 0.06953125 0.2640625
2 0.2578125 0.09765625 0.159375 0.1953125
0 0.38125 0.36875 0.165625 0.27890625
0 0.1796875 0.26796875 0.1484375 0.2640625
0 0.41484375 0.6875 0.140625 0.24453125
0 0.52890625 0.83984375 0.1890625 0.26640625
1 0.18203125 0.81484375 0.1109375 0.3703125
1 0.29296875 0.73984375 0.146875 0.446875
2 0.1765625 0.94296875 0.10546875 0.11328125
2 0.12890625 0.76328125 0.08046875 0.25703125
1 0.10546875 0.59296875 0.15859375 0.30625
0 0.04765625 0.3125 0.0953125 0.23125