1 0.628125 0.45546875 0.21640625 0.40234375
0 0.04296875 0.37265625 0.0859375 0.20703125
1 0.06484375 0.50703125 0.10390625 0.29375
1 0.0984375 0.6890625 0.19453125 0.3359375
0 0.096875 0.821875 0.16796875 0.271875
1 0.2625 0.8578125 0.253125 0.28359375
2 0.228125 0.675 0.1 0.12578125
1 0.38125 0.740625 0.20703125 0.23671875
1 0.31640625 0.53671875 0.2859375 0.27421875
1 0.43203125 0.646875 0.11953125 0.1828125
0 0.16953125 0.41328125 0.125 0.21015625
1 0.178125 0.27890625 0.20859375 0.19765625
0 0.090625 0.18984375 0.109375 0.16796875
0 0.1796875 0.1703125 0.1265625 0.2125
0 0.2859375 0.41640625 0.1109375 0.15546875
0 0.271875 0.2109375 0.10703125 0.175
0 0.434375 0.28984375 0.15546875 0.30859375
2 0.31484375 0.13671875 0.11796875 0.09140625
1 0.4125 0.9109375 0.28046875 0.178125
1 0.5796875 0.7765625 0.1234375 0.446875
1 0.7015625 0.8921875 0.13125 0.215625
2 0.51015625 0.61640625 0.09296875 0.2640625
0 0.5765625 0.44453125 0.16640625 0.20234375
0 0.496875 0.10703125 0.128125 0.2140625
0 0.64375 0.1984375 0.13203125 0.225
2 0.59140625 0.1578125 0.0859375 0.178125
2 0.61484375 0.04921875 0.109375 0.0984375
2 0.703125 0.09296875 0.096875 0.15546875
0 0.79765625 0.28984375 0.12109375 0.165625
2 0.76484375 0.071875 0.10703125 0.14296875
1 0.803125 0.0703125 0.14140625 0.140625
1 0.85625 0.16875 0.165625 0.140625
1 0.878125 0.3484375 0.115625 0.3109375
1 0.91171875 0.45703125 0.1765625 0.3109375
1 0.95390625 0.640625 0.09140625 0.28359375
1 0.903125 0.81953125 0.19296875 0.2421875
1 0.9578125 0.19765625 0.084375 0.38046875