0 0.33046875 0.2234375 0.0390625 0.05703125
0 0.11328125 0.234375 0.07109375 0.10390625
0 0.2984375 0.3015625 0.0359375 0.059375
0 0.340625 0.48515625 0.0375 0.0765625
0 0.265625 0.56015625 0.06796875 0.09375
0 0.35703125 0.65546875 0.06640625 0.1109375
0 0.421875 0.7125 0.0640625 0.13125
0 0.63203125 0.1171875 0.04453125 0.0765625
0 0.63359375 0.30234375 0.0359375 0.05703125
0 0.65625 0.39375 0.04609375 0.071875
0 0.76640625 0.21953125 0.03359375 0.0546875
0 0.88515625 0.3359375 0.04296875 0.08359375
0 0.678125 0.8015625 0.06796875 0.13125