3 0.234375 0.665625 0.0640625 0.08125
0 0.13671875 0.73203125 0.0734375 0.11640625
0 0.1796875 0.58046875 0.04609375 0.08359375
0 0.234375 0.3125 0.034375 0.06640625
0 0.040625 0.43125 0.071875 0.10625
0 0.546875 0.59140625 0.046875 0.09140625
0 0.62265625 0.48125 0.0484375 0.059375
0 0.878125 0.77890625 0.06640625 0.09140625
0 0.74609375 0.7578125 0.05 0.0890625
0 0.71953125 0.89765625 0.05 0.08671875
0 0.71328125 0.61875 0.04609375 0.08125
0 0.94375 0.39765625 0.05703125 0.0640625
0 0.59921875 0.2875 0.05390625 0.09140625
0 0.3484375 0.4046875 0.03046875 0.059375
0 0.403125 0.35078125 0.040625 0.06875