1 0.29765625 0.72109375 0.0625 0.26171875
0 0.33359375 0.7109375 0.09140625 0.16328125
1 0.34921875 0.83828125 0.07890625 0.3234375
1 0.4125 0.728125 0.0890625 0.11328125
1 0.4296875 0.86640625 0.06796875 0.26640625
0 0.50390625 0.7984375 0.1 0.21953125
1 0.47890625 0.61015625 0.09140625 0.128125
1 0.5828125 0.6 0.1625 0.19296875
0 0.40625 0.55546875 0.0875 0.16328125
1 0.334375 0.45703125 0.05546875 0.221875
1 0.31484375 0.328125 0.0484375 0.1875
1 0.38671875 0.11875 0.07890625 0.16796875
1 0.4515625 0.4359375 0.08046875 0.11640625
1 0.50859375 0.43125 0.1140625 0.21484375
1 0.41796875 0.30390625 0.10859375 0.178125
1 0.4390625 0.21015625 0.0609375 0.19765625
1 0.61328125 0.43125 0.1265625 0.27421875
0 0.58359375 0.40703125 0.078125 0.13828125
0 0.51015625 0.325 0.084375 0.140625
1 0.5421875 0.11875 0.12890625 0.19296875
0 0.584375 0.265625 0.0875 0.1453125
0 0.6421875 0.125 0.0765625 0.165625
0 0.5296875 0.08125 0.07109375 0.10390625
1 0.6265625 0.8390625 0.196875 0.321875
1 0.54296875 0.909375 0.1078125 0.18125
1 0.615625 0.94921875 0.096875 0.1015625
1 0.74296875 0.79609375 0.11640625 0.378125
0 0.67734375 0.759375 0.10703125 0.1953125
0 0.6953125 0.59140625 0.0984375 0.1703125
0 0.740625 0.10625 0.103125 0.17265625
0 0.746875 0.25546875 0.11640625 0.15546875
0 0.77109375 0.4953125 0.1109375 0.165625
1 0.746875 0.3765625 0.17890625 0.1703125
1 0.83046875 0.1765625 0.15 0.1703125
1 0.84140625 0.07265625 0.1109375 0.11640625