1 0.628125 0.30859375 0.05390625 0.10859375
1 0.62109375 0.153125 0.05859375 0.0546875
1 0.70390625 0.23984375 0.03359375 0.11875
2 0.47734375 0.234375 0.059375 0.0984375
1 0.3828125 0.871875 0.09296875 0.0890625
2 0.40703125 0.9703125 0.05 0.059375
2 0.465625 0.965625 0.0375 0.06875
2 0.5609375 0.97734375 0.0375 0.0453125
1 0.5171875 0.93125 0.0484375 0.1234375
2 0.48046875 0.865625 0.046875 0.09140625
2 0.584375 0.8984375 0.0609375 0.10859375
0 0.5984375 0.9703125 0.04453125 0.059375
0 0.696875 0.94921875 0.0625 0.1015625
3 0.72421875 0.89296875 0.0734375 0.1359375
2 0.65078125 0.76875 0.05703125 0.1109375
2 0.50703125 0.81015625 0.046875 0.07421875
0 0.44453125 0.80625 0.046875 0.09609375
0 0.55703125 0.79140625 0.05 0.08671875
0 0.69453125 0.76171875 0.05 0.09609375
3 0.70703125 0.68671875 0.0859375 0.10390625
2 0.62578125 0.665625 0.0484375 0.08125
2 0.59140625 0.7 0.046875 0.071875
2 0.4765625 0.76015625 0.04453125 0.0890625
2 0.50546875 0.7171875 0.046875 0.1015625
3 0.54609375 0.66796875 0.0609375 0.1359375
1 0.421875 0.59140625 0.05546875 0.1453125
1 0.48125 0.61015625 0.07109375 0.09375
2 0.50546875 0.53671875 0.05 0.06640625
0 0.5046875 0.48515625 0.040625 0.05703125
0 0.559375 0.36875 0.040625 0.071875
0 0.60859375 0.575 0.05 0.07421875
0 0.61953125 0.51328125 0.05 0.07421875
2 0.765625 0.52734375 0.05703125 0.09140625
2 0.6953125 0.61015625 0.04609375 0.059375
2 0.7078125 0.56171875 0.05703125 0.10625
2 0.68984375 0.5125 0.059375 0.09609375
1 0.63125 0.41953125 0.0484375 0.10390625
0 0.665625 0.3875 0.05390625 0.07890625
0 0.753125 0.42734375 0.034375 0.0640625
2 0.71484375 0.35703125 0.040625 0.06640625
2 0.73984375 0.12109375 0.0375 0.07890625
2 0.8171875 0.2453125 0.05703125 0.06640625
2 0.8046875 0.40625 0.04609375 0.08671875
2 0.77890625 0.32734375 0.05 0.08125
2 0.8734375 0.34453125 0.0609375 0.09609375
2 0.746875 0.2296875 0.05 0.07890625
2 0.03671875 0.2234375 0.05703125 0.06640625
2 0.953125 0.5828125 0.0609375 0.10390625
2 0.91953125 0.72578125 0.071875 0.1234375