2 0.675 0.92109375 0.046875 0.07890625
0 0.53984375 0.9046875 0.0484375 0.1015625
0 0.8984375 0.95546875 0.09140625 0.0890625
0 0.671875 0.459375 0.05859375 0.07890625
0 0.61640625 0.3515625 0.0390625 0.071875
0 0.5734375 0.3359375 0.0390625 0.07421875
0 0.4625 0.73359375 0.04140625 0.0640625
0 0.38125 0.72578125 0.04296875 0.07421875
0 0.38515625 0.61484375 0.0484375 0.08359375
0 0.29765625 0.5875 0.04609375 0.07421875
0 0.159375 0.875 0.04453125 0.071875
3 0.37109375 0.921875 0.053125 0.1109375
3 0.5296875 0.66875 0.1015625 0.16796875