1 0.10859375 0.9 0.1359375 0.15078125
0 0.209375 0.7984375 0.1375 0.21484375
0 0.1234375 0.72109375 0.13359375 0.2515625
0 0.215625 0.6015625 0.07109375 0.1359375
0 0.2921875 0.64921875 0.065625 0.128125
2 0.334375 0.87421875 0.13046875 0.2421875
0 0.4640625 0.8703125 0.103125 0.259375
0 0.57109375 0.8046875 0.15859375 0.2765625
1 0.51328125 0.5015625 0.165625 0.553125
0 0.36171875 0.71484375 0.115625 0.18515625
0 0.375 0.58125 0.1140625 0.165625
0 0.46015625 0.63359375 0.1125 0.18515625
2 0.240625 0.48671875 0.071875 0.128125
2 0.33984375 0.465625 0.09609375 0.1453125
0 0.478125 0.3984375 0.08203125 0.1453125
0 0.39765625 0.34453125 0.0875 0.12578125
1 0.42265625 0.26015625 0.0984375 0.15546875
1 0.36171875 0.29140625 0.0734375 0.221875
1 0.265625 0.19140625 0.15859375 0.21015625
1 0.3671875 0.13671875 0.0625 0.2296875
1 0.175 0.34921875 0.121875 0.16015625
1 0.2453125 0.1484375 0.0984375 0.2125
0 0.44453125 0.10625 0.078125 0.1234375
0 0.64453125 0.51328125 0.128125 0.23671875
0 0.603125 0.28671875 0.1140625 0.20234375
0 0.64765625 0.08359375 0.1328125 0.1671875
1 0.8234375 0.33203125 0.1890625 0.36796875
1 0.83203125 0.20703125 0.20859375 0.31640625
1 0.97578125 0.2546875 0.0484375 0.13359375
2 0.75625 0.19140625 0.115625 0.225
2 0.7953125 0.03359375 0.115625 0.06640625
2 0.91875 0.06796875 0.159375 0.1359375