1 0.065625 0.2640625 0.13046875 0.13359375
0 0.10703125 0.74921875 0.146875 0.2046875
0 0.0875 0.91328125 0.15 0.17265625
0 0.07890625 0.52109375 0.128125 0.19296875
0 0.18125 0.5421875 0.115625 0.1953125
0 0.2515625 0.6890625 0.13046875 0.23671875
0 0.24140625 0.9046875 0.125 0.18984375
2 0.34140625 0.78515625 0.125 0.23203125
0 0.32890625 0.5515625 0.10546875 0.16015625
0 0.2890625 0.41953125 0.103125 0.1578125
0 0.23984375 0.32734375 0.10390625 0.175
0 0.33828125 0.30703125 0.08203125 0.15546875
0 0.36640625 0.2359375 0.0890625 0.1453125
0 0.415625 0.38515625 0.0859375 0.16796875
0 0.4625 0.1109375 0.0859375 0.14296875
0 0.5015625 0.20703125 0.09140625 0.13828125
0 0.51640625 0.3015625 0.09140625 0.1578125
0 0.496875 0.46171875 0.103125 0.1828125
0 0.43125 0.59140625 0.10703125 0.18515625
0 0.440625 0.86015625 0.128125 0.259375
0 0.56796875 0.86640625 0.121875 0.23203125
0 0.60234375 0.359375 0.0984375 0.15546875
0 0.60625 0.49140625 0.10390625 0.16328125
0 0.5953125 0.6484375 0.10703125 0.18046875
0 0.69921875 0.7421875 0.134375 0.23984375