1 0.35546875 0.671875 0.0859375 0.2421875
1 0.50859375 0.46328125 0.14453125 0.15546875
2 0.73203125 0.42578125 0.05859375 0.10625
1 0.55703125 0.08125 0.0734375 0.1625
1 0.49921875 0.034375 0.06796875 0.06875
1 0.17734375 0.71875 0.065625 0.178125
1 0.2453125 0.73984375 0.0484375 0.175
1 0.2609375 0.959375 0.15859375 0.08125
1 0.36640625 0.81953125 0.19453125 0.29609375
1 0.38046875 0.9046875 0.11953125 0.13125
0 0.521875 0.96015625 0.09453125 0.07421875
0 0.440625 0.96796875 0.09453125 0.0640625
0 0.4796875 0.825 0.12109375 0.23671875
0 0.6015625 0.86640625 0.11953125 0.2125
2 0.69375 0.93828125 0.140625 0.1234375
1 0.6015625 0.64453125 0.1359375 0.36015625
0 0.5578125 0.63671875 0.09296875 0.1875
1 0.35625 0.51640625 0.12890625 0.16796875
1 0.46328125 0.5453125 0.13203125 0.19765625
0 0.42890625 0.559375 0.0640625 0.11640625
1 0.39609375 0.31953125 0.1109375 0.21953125
1 0.4703125 0.2015625 0.09609375 0.21484375
0 0.70546875 0.56328125 0.103125 0.19296875
0 0.728125 0.75703125 0.146875 0.234375
0 0.61484375 0.44453125 0.1015625 0.1578125
0 0.5078125 0.375 0.09296875 0.13828125
1 0.63828125 0.3546875 0.21796875 0.1703125
2 0.68125 0.259375 0.13203125 0.1578125
1 0.79609375 0.2984375 0.23046875 0.19296875
1 0.3546875 0.25078125 0.07109375 0.1359375
1 0.3265625 0.1109375 0.0640625 0.1234375
1 0.44375 0.0703125 0.0765625 0.140625
0 0.559375 0.19296875 0.065625 0.11328125
1 0.63125 0.12578125 0.2875 0.19296875
0 0.6578125 0.04921875 0.0625 0.0984375
2 0.75 0.0359375 0.1140625 0.071875