0 0.875 0.9359375 0.15546875 0.128125
1 0.9296875 0.70859375 0.140625 0.29609375
1 0.803125 0.86640625 0.1375 0.26640625
1 0.7234375 0.7828125 0.1109375 0.4296875
1 0.9 0.3 0.2 0.24453125
0 0.83125 0.0359375 0.0875 0.071875
0 0.90859375 0.46015625 0.14453125 0.1359375
0 0.82578125 0.628125 0.140625 0.24921875
0 0.775 0.3484375 0.0859375 0.16796875
0 0.690625 0.3015625 0.1015625 0.1578125
1 0.79375 0.1015625 0.140625 0.13359375
0 0.640625 0.065625 0.0859375 0.13125
0 0.57890625 0.15078125 0.096875 0.153125
0 0.57109375 0.28359375 0.10546875 0.1828125
0 0.546875 0.453125 0.1140625 0.18515625
2 0.70703125 0.42734375 0.075 0.11328125
2 0.63359375 0.41484375 0.08046875 0.1828125
2 0.58515625 0.56015625 0.1015625 0.11875
0 0.646875 0.69140625 0.134375 0.2171875
0 0.59765625 0.85078125 0.14609375 0.27421875
0 0.48203125 0.76796875 0.11640625 0.26640625
0 0.39609375 0.6484375 0.14140625 0.21015625
1 0.45859375 0.3984375 0.06640625 0.24921875
0 0.40859375 0.28125 0.103125 0.178125
1 0.4296875 0.05546875 0.140625 0.1109375
1 0.3515625 0.41328125 0.196875 0.2
1 0.3421875 0.53203125 0.18203125 0.2
1 0.31328125 0.4453125 0.2125 0.12109375
1 0.1765625 0.43671875 0.1109375 0.2171875
1 0.146875 0.2765625 0.153125 0.10859375
0 0.28984375 0.8234375 0.13203125 0.27890625
0 0.3625 0.92734375 0.15 0.1453125
0 0.0625 0.3765625 0.11640625 0.1703125
0 0.0578125 0.5109375 0.115625 0.19296875
0 0.075 0.88984375 0.13359375 0.21953125
1 0.184375 0.8921875 0.1625 0.215625
1 0.03984375 0.73125 0.0765625 0.13828125
1 0.171875 0.74296875 0.1375 0.1484375