0 0.18203125 0.5828125 0.10546875 0.17265625
0 0.15234375 0.734375 0.10703125 0.2
0 0.24296875 0.67421875 0.10546875 0.20703125
0 0.0921875 0.8921875 0.171875 0.215625
0 0.26328125 0.8984375 0.14296875 0.20234375
0 0.57734375 0.5453125 0.09296875 0.13828125
2 0.425 0.8921875 0.103125 0.215625
0 0.35546875 0.953125 0.1140625 0.09375
0 0.2984375 0.4953125 0.121875 0.21953125
0 0.3765625 0.63203125 0.1359375 0.246875
0 0.39375 0.434375 0.10390625 0.16328125
0 0.47734375 0.51484375 0.109375 0.21953125
0 0.4875 0.74296875 0.1359375 0.23203125
0 0.58515625 0.69375 0.12890625 0.2421875
0 0.53671875 0.9 0.12890625 0.2
0 0.65859375 0.8890625 0.13046875 0.221875
0 0.55078125 0.3703125 0.10703125 0.221875
0 0.625 0.39609375 0.128125 0.24921875
0 0.534375 0.225 0.10859375 0.17265625
0 0.6390625 0.13984375 0.11640625 0.18046875
0 0.7171875 0.32578125 0.115625 0.19765625
0 0.7546875 0.1453125 0.10390625 0.1828125
0 0.7359375 0.48046875 0.13046875 0.18046875
0 0.72265625 0.6828125 0.1515625 0.21953125
0 0.8109375 0.8625 0.171875 0.275
0 0.84296875 0.27421875 0.153125 0.19765625
0 0.753125 0.03203125 0.134375 0.0640625
0 0.890625 0.13828125 0.109375 0.16328125
0 0.8953125 0.46015625 0.1765625 0.259375
2 0.95 0.346875 0.1 0.18515625
0 0.94140625 0.0453125 0.1015625 0.090625
0 0.9734375 0.18046875 0.053125 0.178125
0 0.95703125 0.63671875 0.0859375 0.26171875
0 0.95 0.8796875 0.1 0.240625