0 0.26484375 0.9328125 0.1078125 0.134375
1 0.27109375 0.8015625 0.10859375 0.1953125
2 0.3765625 0.921875 0.121875 0.15546875
0 0.4828125 0.9046875 0.1234375 0.18515625
0 0.525 0.76171875 0.1 0.1953125
0 0.4375 0.78359375 0.0859375 0.2
0 0.33828125 0.77265625 0.07109375 0.14296875
0 0.27421875 0.675 0.05703125 0.1359375
1 0.31328125 0.68984375 0.0765625 0.2
2 0.39453125 0.63203125 0.09140625 0.1875
0 0.3515625 0.471875 0.09140625 0.1828125
0 0.38515625 0.3546875 0.08203125 0.12578125
0 0.4625 0.56640625 0.10859375 0.18984375
0 0.57890625 0.56796875 0.103125 0.19296875
0 0.6640625 0.43671875 0.13046875 0.221875
1 0.39609375 0.21875 0.04140625 0.1703125
0 0.4453125 0.21875 0.08203125 0.1453125
0 0.4109375 0.06875 0.059375 0.1375
0 0.5109375 0.0359375 0.09140625 0.071875
1 0.45078125 0.07890625 0.05390625 0.13828125
1 0.47109375 0.36640625 0.09453125 0.18984375
1 0.571875 0.26015625 0.1390625 0.1109375
2 0.51796875 0.2359375 0.09453125 0.18984375
2 0.69140625 0.3125 0.128125 0.165625
2 0.575 0.1296875 0.08359375 0.16015625
1 0.603125 0.121875 0.1 0.225
0 0.690625 0.0875 0.11953125 0.175
0 0.81875 0.21640625 0.14609375 0.24921875
2 0.7609375 0.54453125 0.153125 0.2640625