1 0.159375 0.3015625 0.0765625 0.14296875
1 0.0453125 0.7875 0.090625 0.41015625
1 0.178125 0.6765625 0.1015625 0.2765625
1 0.1203125 0.6875 0.0875 0.225
1 0.1984375 0.88984375 0.1640625 0.21953125
0 0.2953125 0.92109375 0.09296875 0.1578125
2 0.6640625 0.9453125 0.16640625 0.10859375
2 0.553125 0.87265625 0.10546875 0.2546875
2 0.471875 0.96875 0.140625 0.06171875
2 0.46875 0.82734375 0.0984375 0.2515625
0 0.42421875 0.7125 0.12109375 0.23984375
1 0.3515625 0.628125 0.18046875 0.1953125
0 0.35390625 0.5109375 0.10546875 0.19296875
1 0.234375 0.40234375 0.14453125 0.2125
1 0.26796875 0.46875 0.11953125 0.1234375
1 0.3671875 0.29140625 0.1265625 0.16328125
2 0.5671875 0.54921875 0.07109375 0.234375
0 0.50859375 0.5578125 0.10859375 0.23671875
0 0.484375 0.43671875 0.1015625 0.153125
0 0.42890625 0.35703125 0.078125 0.1953125
2 0.64375 0.259375 0.115625 0.20703125
2 0.5609375 0.28515625 0.071875 0.1015625
0 0.4859375 0.3046875 0.096875 0.140625
0 0.56640625 0.178125 0.09453125 0.13828125
0 0.46328125 0.1890625 0.09609375 0.15546875
1 0.38359375 0.18671875 0.14140625 0.18046875
1 0.30546875 0.134375 0.0609375 0.1015625
1 0.34453125 0.059375 0.103125 0.11875
0 0.4203125 0.04921875 0.05703125 0.0984375
1 0.4625 0.0453125 0.096875 0.090625
0 0.534375 0.0703125 0.0734375 0.140625
1 0.57890625 0.0578125 0.0734375 0.115625
0 0.67421875 0.07890625 0.115625 0.1578125