0 0.0171875 0.39765625 0.034375 0.08359375
0 0.090625 0.3125 0.04453125 0.071875
0 0.340625 0.28046875 0.0390625 0.071875
0 0.34609375 0.44296875 0.04453125 0.071875
0 0.4375 0.3703125 0.04140625 0.07421875
0 0.50390625 0.49609375 0.046875 0.0546875
0 0.49140625 0.4 0.0359375 0.04921875
0 0.540625 0.4046875 0.034375 0.04921875
0 0.60234375 0.48984375 0.0375 0.06171875
0 0.725 0.95625 0.046875 0.0875
0 0.82109375 0.428125 0.046875 0.0765625
0 0.840625 0.5296875 0.04453125 0.071875
3 0.13046875 0.9578125 0.0890625 0.08359375
0 0.453125 0.8421875 0.075 0.13359375