1 0.04375 0.8890625 0.0875 0.10390625
0 0.1 0.7296875 0.16953125 0.21484375
2 0.4265625 0.80859375 0.146875 0.24453125
2 0.29921875 0.85078125 0.090625 0.21015625
2 0.20234375 0.953125 0.12109375 0.0890625
2 0.134375 0.90234375 0.11640625 0.1953125
2 0.0625 0.8 0.08359375 0.07421875
2 0.334375 0.67265625 0.090625 0.165625
2 0.0484375 0.53359375 0.096875 0.16328125
1 0.33203125 0.51640625 0.10546875 0.16328125
1 0.25 0.52109375 0.08359375 0.1828125
0 0.175 0.5765625 0.10546875 0.175
0 0.13984375 0.43828125 0.0875 0.1453125
0 0.2078125 0.4484375 0.07890625 0.13125
0 0.2234375 0.30859375 0.09140625 0.153125
1 0.584375 0.7046875 0.08203125 0.3234375
0 0.4953125 0.48125 0.1234375 0.19296875
2 0.484375 0.57890625 0.11640625 0.1015625
2 0.415625 0.3890625 0.0515625 0.13125
1 0.3859375 0.45703125 0.08359375 0.16796875
1 0.37734375 0.31953125 0.08203125 0.1015625
0 0.46171875 0.31484375 0.065625 0.15078125
0 0.503125 0.26328125 0.065625 0.12109375
1 0.7046875 0.465625 0.190625 0.1703125
1 0.759375 0.40390625 0.140625 0.1109375
0 0.54921875 0.36875 0.0984375 0.15546875
0 0.715625 0.3453125 0.0859375 0.14296875
0 0.7890625 0.24296875 0.1 0.1453125
0 0.6296875 0.2984375 0.06796875 0.153125
0 0.68515625 0.2234375 0.0765625 0.13125
0 0.715625 0.15546875 0.078125 0.16328125
0 0.87734375 0.128125 0.10390625 0.1484375
3 0.925 0.09609375 0.1109375 0.128125
2 0.65625 0.165625 0.059375 0.11875
2 0.6875 0.08046875 0.08359375 0.09140625
2 0.59765625 0.059375 0.090625 0.08359375
2 0.53515625 0.05546875 0.07109375 0.0765625
2 0.42421875 0.20703125 0.0875 0.08359375
1 0.38828125 0.0875 0.134375 0.08671875
0 0.58046875 0.17421875 0.0890625 0.175
1 0.51484375 0.1546875 0.07109375 0.09609375
0 0.48671875 0.034375 0.08203125 0.06875