0 0.64609375 0.4875 0.08359375 0.12578125
3 0.53828125 0.05546875 0.04296875 0.0421875
1 0.5390625 0.10234375 0.03359375 0.0421875
1 0.51484375 0.159375 0.034375 0.09140625
1 0.6796875 0.08984375 0.0625 0.0515625
1 0.61484375 0.06796875 0.0515625 0.0515625
3 0.63515625 0.59140625 0.04296875 0.0765625
3 0.40546875 0.9359375 0.0890625 0.128125
0 0.74140625 0.93359375 0.1109375 0.128125
0 0.2625 0.05078125 0.046875 0.06171875
0 0.2625 0.6109375 0.0640625 0.2046875
3 0.66640625 0.8015625 0.04140625 0.12109375
3 0.578125 0.68046875 0.075 0.1453125
0 0.6828125 0.16171875 0.0484375 0.06171875
3 0.64375 0.3421875 0.034375 0.06171875
3 0.56640625 0.328125 0.053125 0.0640625
3 0.83515625 0.3765625 0.084375 0.0765625
0 0.23515625 0.43125 0.03203125 0.10625
1 0.8546875 0.17890625 0.0484375 0.12109375
1 0.371875 0.19375 0.0859375 0.06171875
0 0.365625 0.0453125 0.04296875 0.071875
1 0.96328125 0.575 0.065625 0.1484375