1 0.35546875 0.440625 0.0609375 0.12109375
3 0.9421875 0.3171875 0.1015625 0.08125
1 0.953125 0.07421875 0.05546875 0.13828125
3 0.703125 0.559375 0.0484375 0.071875
0 0.38515625 0.1234375 0.06796875 0.0546875
3 0.61953125 0.265625 0.05546875 0.0765625
3 0.70703125 0.275 0.05546875 0.08125
3 0.459375 0.9515625 0.090625 0.09140625
3 0.74453125 0.8125 0.046875 0.13359375
3 0.63671875 0.66328125 0.090625 0.1359375
0 0.7390625 0.06171875 0.046875 0.06875
0 0.2921875 0.61640625 0.0875 0.23984375
0 0.2578125 0.39765625 0.0375 0.13828125
1 0.54921875 0.0765625 0.034375 0.07421875