0 0.284375 0.40234375 0.034375 0.059375
3 0.121875 0.54296875 0.06640625 0.06875
3 0.159375 0.3890625 0.04296875 0.06171875
1 0.48671875 0.725 0.0515625 0.1359375
1 0.109375 0.653125 0.059375 0.06171875
2 0.55234375 0.96171875 0.02890625 0.0765625
2 0.44609375 0.94453125 0.046875 0.06640625
2 0.6921875 0.86640625 0.03203125 0.0546875
2 0.53125 0.86015625 0.015625 0.0421875
2 0.49375 0.840625 0.02890625 0.03203125
2 0.6328125 0.9 0.02890625 0.0515625
2 0.34140625 0.88125 0.021875 0.03984375
3 0.62421875 0.63359375 0.115625 0.15078125
0 0.759375 0.321875 0.046875 0.09609375
0 0.59609375 0.77421875 0.0640625 0.1109375
0 0.3796875 0.53203125 0.040625 0.06640625
0 0.28046875 0.75703125 0.053125 0.071875
1 0.103125 0.30859375 0.02890625 0.08359375
1 0.840625 0.87421875 0.0765625 0.06875
1 0.54609375 0.446875 0.05859375 0.059375
1 0.03671875 0.80390625 0.05703125 0.13125
1 0.2296875 0.57265625 0.07109375 0.06875
1 0.3140625 0.58359375 0.06640625 0.06171875
3 0.8625 0.9515625 0.0609375 0.08125
0 0.55625 0.04453125 0.0515625 0.0890625