0 0.40859375 0.140625 0.0390625 0.059375
1 0.678125 0.459375 0.065625 0.09375
3 0.121875 0.86015625 0.07109375 0.1109375
0 0.37421875 0.5 0.05390625 0.1109375
0 0.615625 0.778125 0.06953125 0.1484375
0 0.61640625 0.940625 0.0640625 0.11875
0 0.92421875 0.70703125 0.10390625 0.1359375
3 0.1890625 0.57265625 0.071875 0.11875
0 0.590625 0.18671875 0.04140625 0.071875
0 0.36015625 0.325 0.040625 0.0765625
2 0.33828125 0.6484375 0.0265625 0.03671875
3 0.309375 0.43671875 0.05859375 0.08359375
1 0.559375 0.7015625 0.0359375 0.0984375
3 0.5578125 0.8515625 0.0515625 0.10859375
1 0.17578125 0.76171875 0.1015625 0.09140625
1 0.13203125 0.93984375 0.046875 0.10625