1 0.7609375 0.565625 0.096875 0.1875
3 0.828125 0.54296875 0.05859375 0.059375
3 0.78671875 0.7875 0.090625 0.11875
3 0.90234375 0.5875 0.10703125 0.14296875
0 0.30078125 0.93828125 0.084375 0.10859375
0 0.4546875 0.946875 0.07109375 0.10625
0 0.55703125 0.83125 0.0859375 0.1359375
0 0.684375 0.41953125 0.065625 0.13828125
0 0.58515625 0.38046875 0.0515625 0.07890625
0 0.6234375 0.32734375 0.05546875 0.0765625
0 0.56328125 0.27421875 0.0484375 0.059375
0 0.44921875 0.25078125 0.02890625 0.046875
0 0.340625 0.2515625 0.0390625 0.07890625
0 0.2140625 0.59609375 0.1109375 0.165625
3 0.68984375 0.30859375 0.05390625 0.06875