3 0.42265625 0.23203125 0.0265625 0.04296875
0 0.859375 0.8953125 0.1140625 0.19453125
0 0.8234375 0.38828125 0.0734375 0.08828125
0 0.6703125 0.32421875 0.04296875 0.05546875
0 0.55546875 0.24921875 0.05 0.0765625
0 0.53828125 0.22734375 0.04140625 0.06953125
0 0.5125 0.31328125 0.04375 0.07421875
0 0.4046875 0.43984375 0.059375 0.08828125
0 0.4125 0.5609375 0.0828125 0.1296875
0 0.15 0.559375 0.06640625 0.103125
0 0.10625 0.60078125 0.06484375 0.09296875
0 0.1375 0.46328125 0.0453125 0.0640625
0 0.08125 0.4578125 0.05703125 0.0671875
3 0.6171875 0.29296875 0.04609375 0.0390625
3 0.94453125 0.46484375 0.0640625 0.06953125
3 0.021875 0.953125 0.04375 0.09375