1 0.6984375 0.1296875 0.0390625 0.071875
1 0.61171875 0.11015625 0.04296875 0.06171875
1 0.5828125 0.1890625 0.034375 0.08671875
1 0.975 0.10625 0.05 0.08359375
3 0.846875 0.9515625 0.06640625 0.09609375
3 0.71328125 0.8296875 0.1015625 0.1484375
3 0.778125 0.6953125 0.059375 0.09140625
3 0.76796875 0.4015625 0.05 0.08125
3 0.66953125 0.38046875 0.05 0.08359375
0 0.7765625 0.153125 0.04453125 0.06875
0 0.346875 0.84453125 0.0859375 0.22734375
0 0.41875 0.09140625 0.04296875 0.06875
0 0.30703125 0.12578125 0.046875 0.0546875
1 0.42890625 0.26171875 0.08046875 0.0640625