0 0.7625 0.846875 0.03828125 0.0484375
0 0.740625 0.90390625 0.034375 0.07109375
0 0.59609375 0.825 0.0421875 0.06484375
0 0.38125 0.9640625 0.05859375 0.071875
0 0.55 0.83125 0.05234375 0.0609375
0 0.0328125 0.68359375 0.065625 0.0796875
3 0.8546875 0.96328125 0.0453125 0.07265625
3 0.24453125 0.76328125 0.06796875 0.08359375
3 0.2828125 0.71171875 0.03828125 0.053125
3 0.77421875 0.91796875 0.03671875 0.0921875
3 0.725 0.9625 0.040625 0.075
3 0.66640625 0.93515625 0.04296875 0.071875
3 0.07421875 0.96640625 0.0671875 0.0671875
3 0.3171875 0.85390625 0.05 0.09375
3 0.225 0.834375 0.0484375 0.059375
3 0.18125 0.78828125 0.05859375 0.06953125