0 0.92109375 0.34453125 0.053125 0.09609375
0 0.61640625 0.28046875 0.0390625 0.0765625
0 0.34296875 0.5953125 0.04453125 0.0890625
0 0.4796875 0.1015625 0.034375 0.07890625
0 0.365625 0.23828125 0.0390625 0.08125
0 0.36796875 0.91015625 0.103125 0.175
0 0.4921875 0.89296875 0.06796875 0.12109375
0 0.55625 0.3234375 0.05390625 0.09375
0 0.74609375 0.08359375 0.03046875 0.04921875
0 0.7171875 0.29140625 0.0625 0.1234375
0 0.709375 0.521875 0.0609375 0.10625
0 0.6140625 0.9 0.0890625 0.1703125
0 0.77734375 0.9046875 0.08203125 0.16015625
0 0.87890625 0.9046875 0.10859375 0.18046875