0 0.69609375 0.13203125 0.053125 0.09140625
0 0.2046875 0.51875 0.0734375 0.128125
0 0.27421875 0.75703125 0.09296875 0.16015625
0 0.8234375 0.87265625 0.0859375 0.13125
3 0.08203125 0.23671875 0.071875 0.08359375
3 0.20859375 0.33359375 0.05 0.04921875
3 0.515625 0.1484375 0.05 0.08359375
3 0.66796875 0.4484375 0.0359375 0.09609375
0 0.71796875 0.39375 0.046875 0.08671875
0 0.82421875 0.16640625 0.03203125 0.0515625
0 0.884375 0.13984375 0.040625 0.06640625
0 0.73046875 0.05546875 0.03359375 0.05703125