1 0.084375 0.63203125 0.075 0.10390625
3 0.21875 0.340625 0.040625 0.03984375
3 0.12109375 0.27421875 0.05 0.06875
0 0.73359375 0.225 0.03046875 0.04921875
0 0.615625 0.18984375 0.0484375 0.0546875
0 0.62421875 0.3984375 0.034375 0.08671875
0 0.68046875 0.7359375 0.0640625 0.0890625
0 0.27265625 0.60859375 0.0765625 0.09609375
0 0.1109375 0.8046875 0.11953125 0.1234375
0 0.21953125 0.4828125 0.06640625 0.08671875
3 0.57578125 0.43125 0.034375 0.09609375
3 0.453125 0.1953125 0.04140625 0.07890625
0 0.78359375 0.2046875 0.0359375 0.0640625
0 0.659375 0.13984375 0.02890625 0.05703125