0 0.5203125 0.0640625 0.04609375 0.06875
0 0.6484375 0.25078125 0.04140625 0.05703125
0 0.66015625 0.35078125 0.05703125 0.08359375
0 0.559375 0.22734375 0.0515625 0.0984375
0 0.4640625 0.32109375 0.0609375 0.10390625
0 0.7375 0.13359375 0.046875 0.07890625
0 0.72890625 0.23828125 0.04140625 0.0765625
0 0.8015625 0.36328125 0.053125 0.07890625
0 0.82421875 0.421875 0.0484375 0.07890625
0 0.76015625 0.60625 0.05390625 0.09609375
0 0.69296875 0.565625 0.0609375 0.0984375
0 0.62109375 0.52734375 0.0640625 0.11640625
0 0.54765625 0.51953125 0.065625 0.12578125
0 0.5390625 0.6546875 0.071875 0.1234375
0 0.42265625 0.78671875 0.08203125 0.165625
1 0.61953125 0.7703125 0.0609375 0.08359375