3 0.49453125 0.03671875 0.0390625 0.0734375
0 0.6328125 0.1421875 0.0515625 0.09140625
0 0.67421875 0.0765625 0.02890625 0.04453125
3 0.390625 0.9234375 0.0375 0.08359375
0 0.809375 0.14921875 0.03046875 0.071875
0 0.75546875 0.18046875 0.0359375 0.07890625
0 0.64921875 0.378125 0.040625 0.09375
0 0.03984375 0.94765625 0.0734375 0.1046875
0 0.73125 0.7875 0.07109375 0.11328125
0 0.2328125 0.68046875 0.09296875 0.1453125
0 0.17109375 0.49375 0.075 0.11328125
3 0.04765625 0.24921875 0.0734375 0.07421875
3 0.1734375 0.3234375 0.05 0.0546875
3 0.4515625 0.1453125 0.05859375 0.08359375
3 0.59921875 0.43359375 0.0375 0.09140625
2 0.6484375 0.9453125 0.053125 0.10859375