0 0.796875 0.3359375 0.03203125 0.059375
0 0.73515625 0.225 0.03203125 0.059375
1 0.84765625 0.91484375 0.059375 0.12109375
3 0.59453125 0.95546875 0.0890625 0.0890625
3 0.80703125 0.65703125 0.06953125 0.10859375
0 0.246875 0.29609375 0.05390625 0.07890625
0 0.1 0.36015625 0.06640625 0.07890625
0 0.703125 0.2640625 0.03203125 0.06875
0 0.78984375 0.49140625 0.034375 0.06875
0 0.62734375 0.865625 0.0734375 0.10625
0 0.28203125 0.53203125 0.075 0.09140625
0 0.403125 0.34296875 0.05859375 0.0984375
0 0.4765625 0.20390625 0.06953125 0.09609375