1 0.90234375 0.546875 0.09609375 0.08671875
0 0.49765625 0.9046875 0.12890625 0.18984375
0 0.65859375 0.87265625 0.121875 0.2546875
0 0.80546875 0.9296875 0.1109375 0.140625
0 0.94921875 0.96171875 0.1015625 0.0765625
0 0.9671875 0.45703125 0.065625 0.11875
0 0.73359375 0.46640625 0.08359375 0.13359375
0 0.84296875 0.26328125 0.071875 0.13125
0 0.70703125 0.2765625 0.0609375 0.09375
0 0.53671875 0.2640625 0.0875 0.1875
0 0.484375 0.0234375 0.07109375 0.046875
0 0.334375 0.4890625 0.1125 0.20703125