1 0.45234375 0.93828125 0.065625 0.1234375
1 0.071875 0.93828125 0.0984375 0.10859375
1 0.1828125 0.93046875 0.1 0.1390625
1 0.2984375 0.934375 0.0359375 0.13125
0 0.41328125 0.5890625 0.05390625 0.1015625
0 0.35703125 0.43984375 0.0640625 0.10390625
0 0.14765625 0.6546875 0.0625 0.09375
0 0.634375 0.31953125 0.03359375 0.06640625
0 0.7734375 0.38125 0.03359375 0.071875
0 0.91796875 0.4640625 0.05 0.0640625
0 0.1640625 0.27421875 0.0609375 0.10390625
0 0.134375 0.18515625 0.0625 0.0890625
0 0.159375 0.12578125 0.05703125 0.08359375
0 0.034375 0.13359375 0.06875 0.1109375