3 0.82109375 0.23203125 0.05859375 0.07421875
3 0.07578125 0.7234375 0.1375 0.11328125
3 0.32734375 0.1453125 0.040625 0.059375
3 0.4484375 0.23203125 0.0390625 0.07421875
0 0.203125 0.55546875 0.046875 0.07421875
0 0.115625 0.16328125 0.04296875 0.07890625
0 0.20703125 0.0984375 0.0359375 0.0546875
0 0.94453125 0.0765625 0.05 0.07890625
0 0.865625 0.1484375 0.05390625 0.10859375
0 0.553125 0.2515625 0.0625 0.0984375
0 0.509375 0.42109375 0.06796875 0.10625
0 0.30078125 0.87421875 0.11796875 0.16796875
0 0.296875 0.39609375 0.053125 0.09140625