3 0.52578125 0.5953125 0.090625 0.14296875
3 0.36328125 0.79609375 0.0625 0.11640625
3 0.18828125 0.9109375 0.06796875 0.0984375
3 0.11640625 0.659375 0.125 0.19765625
0 0.578125 0.025 0.05546875 0.04921875
0 0.084375 0.36171875 0.07109375 0.09140625
0 0.021875 0.496875 0.04375 0.140625
0 0.96640625 0.665625 0.06640625 0.11640625
0 0.6609375 0.38984375 0.046875 0.07890625
0 0.4328125 0.5640625 0.07109375 0.09609375
0 0.1734375 0.38359375 0.078125 0.13125
0 0.3796875 0.0546875 0.06796875 0.10859375
0 0.45234375 0.11484375 0.065625 0.12578125
0 0.5375 0.41484375 0.06640625 0.10859375