0 0.8984375 0.58671875 0.05 0.0765625
1 0.1125 0.94921875 0.1640625 0.1015625
1 0.46484375 0.75078125 0.07890625 0.221875
3 0.840625 0.7453125 0.0984375 0.1875
0 0.225 0.46015625 0.1140625 0.2046875
0 0.3953125 0.4421875 0.084375 0.178125
0 0.63828125 0.94296875 0.1015625 0.11328125
0 0.89140625 0.46015625 0.05546875 0.1015625
0 0.746875 0.23671875 0.06953125 0.11875
0 0.675 0.240625 0.0640625 0.12109375
0 0.7359375 0.053125 0.06953125 0.10625
0 0.95546875 0.74453125 0.04453125 0.09609375
3 0.1890625 0.0515625 0.125 0.103125