0 0.0734375 0.20390625 0.04453125 0.071875
0 0.153125 0.2703125 0.090625 0.1453125
0 0.14921875 0.43203125 0.0765625 0.14296875
0 0.059375 0.61328125 0.08046875 0.1359375
0 0.1 0.775 0.096875 0.16796875
2 0.5546875 0.43828125 0.0484375 0.0765625
1 0.28203125 0.0984375 0.04140625 0.09375
1 0.265625 0.2125 0.08203125 0.0890625
1 0.27734375 0.246875 0.059375 0.07890625
1 0.28203125 0.33671875 0.096875 0.071875
1 0.4046875 0.8484375 0.0734375 0.1953125
1 0.51796875 0.87265625 0.16640625 0.10625
1 0.46171875 0.765625 0.0734375 0.153125