1 0.5296875 0.18984375 0.0484375 0.11328125
0 0.3046875 0.03828125 0.0515625 0.0765625
0 0.2296875 0.1578125 0.0765625 0.13359375
0 0.31171875 0.30703125 0.04296875 0.0765625
0 0.4078125 0.13671875 0.059375 0.09140625
0 0.38671875 0.41484375 0.09609375 0.19296875
0 0.3546875 0.63125 0.0875 0.1703125
0 0.228125 0.83828125 0.10859375 0.1703125
1 0.40078125 0.65703125 0.11796875 0.19765625
1 0.31875 0.92734375 0.0984375 0.1453125
1 0.8203125 0.1109375 0.0984375 0.13359375
1 0.52265625 0.55546875 0.0625 0.11328125
1 0.51171875 0.40859375 0.0765625 0.1359375
1 0.51328125 0.353125 0.084375 0.153125