1 0.61171875 0.76796875 0.0875 0.08359375
1 0.6375 0.5953125 0.11953125 0.11328125
1 0.76015625 0.57890625 0.09296875 0.0765625
1 0.83984375 0.73125 0.090625 0.10390625
1 0.553125 0.546875 0.1125 0.12578125
0 0.109375 0.4546875 0.0640625 0.07421875
0 0.24140625 0.3453125 0.05 0.09375
0 0.6859375 0.28046875 0.075 0.13125
0 0.475 0.32734375 0.0640625 0.11640625
0 0.48828125 0.1234375 0.040625 0.07890625
0 0.5359375 0.03203125 0.04453125 0.0640625
0 0.38828125 0.13984375 0.0484375 0.08125
0 0.45703125 0.0234375 0.046875 0.046875
0 0.27265625 0.1875 0.059375 0.07890625
0 0.3734375 0.046875 0.046875 0.08359375
0 0.94375 0.63984375 0.1125 0.17265625