3 0.63515625 0.61953125 0.05703125 0.08359375
0 0.709375 0.58046875 0.065625 0.10390625
0 0.975 0.64453125 0.05 0.06875
0 0.803125 0.5953125 0.059375 0.0984375
0 0.76484375 0.52578125 0.04609375 0.08359375
0 0.4859375 0.21875 0.05546875 0.10625
0 0.51015625 0.16171875 0.040625 0.071875
0 0.50078125 0.35703125 0.0484375 0.1015625
0 0.39609375 0.25546875 0.0390625 0.0765625
0 0.2578125 0.6484375 0.05703125 0.12109375
0 0.25234375 0.546875 0.0484375 0.10625
0 0.2796875 0.43125 0.0625 0.10625
0 0.209375 0.2109375 0.046875 0.1015625
0 0.1359375 0.1640625 0.053125 0.09140625
0 0.028125 0.140625 0.05546875 0.07890625
3 0.51875 0.58984375 0.0484375 0.0890625
3 0.65234375 0.80703125 0.065625 0.1234375
3 0.37421875 0.775 0.0984375 0.14296875
1 0.459375 0.79765625 0.08046875 0.14296875