0 0.0390625 0.38671875 0.078125 0.09609375
0 0.0390625 0.1171875 0.078125 0.12109375
0 0.18203125 0.28359375 0.046875 0.0890625
0 0.18359375 0.35546875 0.04453125 0.06875
3 0.45234375 0.659375 0.05703125 0.08359375
0 0.4890625 0.3453125 0.05546875 0.10859375
0 0.59375 0.2875 0.05703125 0.08671875
0 0.81875 0.4515625 0.084375 0.1484375
0 0.8828125 0.5765625 0.084375 0.175
0 0.353125 0.73984375 0.10859375 0.18515625
0 0.453125 0.8015625 0.0984375 0.2
1 0.6703125 0.4234375 0.06796875 0.1015625
1 0.5890625 0.61484375 0.09453125 0.10859375
1 0.15390625 0.834375 0.11640625 0.1875
1 0.0890625 0.89453125 0.05625 0.2109375