0 0.55 0.93359375 0.05546875 0.11328125
0 0.15390625 0.928125 0.13359375 0.14296875
0 0.56640625 0.5765625 0.06953125 0.1015625
0 0.284375 0.63984375 0.0859375 0.14296875
0 0.265625 0.5359375 0.0734375 0.10390625
0 0.13359375 0.1984375 0.06640625 0.10625
0 0.05703125 0.0515625 0.0671875 0.103125
0 0.39375 0.4703125 0.034375 0.05703125
0 0.35234375 0.5484375 0.05703125 0.06875
0 0.41640625 0.58515625 0.053125 0.10859375
0 0.565625 0.78515625 0.0640625 0.09375
0 0.5203125 0.38046875 0.03203125 0.0546875