0 0.5875 0.04921875 0.03359375 0.0546875
0 0.1453125 0.678125 0.0484375 0.0765625
0 0.19609375 0.64921875 0.05 0.06875
0 0.240625 0.82578125 0.0625 0.12109375
0 0.28046875 0.63828125 0.05 0.09140625
0 0.36328125 0.565625 0.0515625 0.07421875
0 0.45390625 0.334375 0.0609375 0.11640625
0 0.45625 0.475 0.065625 0.11640625
0 0.70546875 0.22734375 0.125 0.1828125
0 0.49296875 0.746875 0.08046875 0.140625
0 0.478125 0.96171875 0.090625 0.0765625
3 0.35859375 0.8578125 0.0859375 0.10625
1 0.4671875 0.6015625 0.0265625 0.1109375
3 0.86640625 0.22109375 0.146875 0.2046875
3 0.97421875 0.2515625 0.0515625 0.13828125
3 0.93671875 0.5875 0.1265625 0.23203125
1 0.88359375 0.87734375 0.2328125 0.2453125