1 0.11875 0.36328125 0.15703125 0.08359375
3 0.77890625 0.16875 0.053125 0.0765625
3 0.81640625 0.21015625 0.04453125 0.06875
0 0.84375 0.08046875 0.04609375 0.071875
0 0.484375 0.03125 0.0609375 0.06171875
0 0.56015625 0.11015625 0.05390625 0.09609375
0 0.61953125 0.0359375 0.06640625 0.071875
0 0.821875 0.153125 0.040625 0.059375
0 0.87890625 0.18984375 0.05 0.06875
0 0.8671875 0.26875 0.0515625 0.07890625
0 0.96640625 0.41875 0.0640625 0.11640625
0 0.359375 0.22734375 0.09609375 0.178125
0 0.2796875 0.2984375 0.07109375 0.11875
0 0.26640625 0.4234375 0.08359375 0.1359375
0 0.040625 0.2828125 0.08125 0.153125
3 0.5796875 0.3453125 0.10390625 0.16796875
2 0.2015625 0.53203125 0.0609375 0.08125
3 0.2828125 0.60390625 0.09296875 0.165625