1 0.3015625 0.85703125 0.1609375 0.11875
1 0.20859375 0.92578125 0.0609375 0.1484375
0 0.08125 0.48515625 0.0515625 0.12578125
0 0.55703125 0.1484375 0.03359375 0.0546875
0 0.478125 0.16015625 0.04453125 0.0640625
0 0.48984375 0.22734375 0.04296875 0.0984375
0 0.2828125 0.31640625 0.0734375 0.10859375
0 0.48359375 0.4234375 0.071875 0.12109375
0 0.659375 0.2109375 0.0625 0.09609375
0 0.51171875 0.59375 0.0625 0.11640625
0 0.4265625 0.67265625 0.06640625 0.11640625
0 0.6796875 0.90234375 0.1015625 0.18046875