0 0.41484375 0.51484375 0.04296875 0.06640625
0 0.415625 0.6890625 0.04140625 0.06875
0 0.315625 0.86015625 0.0484375 0.0765625
0 0.2890625 0.7828125 0.05 0.10390625
0 0.26328125 0.9109375 0.0515625 0.09375
0 0.37890625 0.88515625 0.046875 0.08671875
0 0.40546875 0.84921875 0.046875 0.09375
0 0.4359375 0.81484375 0.0359375 0.07890625
0 0.48671875 0.77890625 0.04296875 0.08671875
0 0.16640625 0.41015625 0.0640625 0.10390625
0 0.18671875 0.65078125 0.05390625 0.1015625
0 0.20625 0.74921875 0.05703125 0.1015625
0 0.321875 0.95546875 0.05703125 0.0890625
0 0.43671875 0.96015625 0.034375 0.07421875
0 0.609375 0.8171875 0.0390625 0.07890625
0 0.634375 0.88671875 0.04140625 0.0890625
0 0.12734375 0.89375 0.08203125 0.11875