0 0.43828125 0.16171875 0.040625 0.0765625
0 0.434375 0.3171875 0.03359375 0.06640625
0 0.45859375 0.26328125 0.01953125 0.0421875
0 0.48125 0.2578125 0.0234375 0.0421875
0 0.40078125 0.31484375 0.04609375 0.0765625
0 0.20625 0.165625 0.065625 0.06875
0 0.1484375 0.153125 0.05 0.07890625
0 0.059375 0.28359375 0.08046875 0.09375
0 0.4796875 0.5359375 0.0265625 0.06875
0 0.503125 0.56875 0.0375 0.06640625
0 0.546875 0.61484375 0.046875 0.06875
0 0.17578125 0.5296875 0.0734375 0.12578125
0 0.29296875 0.65078125 0.05859375 0.11640625
0 0.36015625 0.72734375 0.0515625 0.08671875