0 0.440625 0.07265625 0.028125 0.03671875
3 0.22265625 0.33125 0.13203125 0.07890625
3 0.56484375 0.9515625 0.090625 0.09609375
0 0.7515625 0.76171875 0.046875 0.1015625
0 0.759375 0.671875 0.0359375 0.08359375
0 0.6828125 0.59140625 0.059375 0.10625
0 0.76796875 0.371875 0.046875 0.0765625
0 0.58203125 0.3546875 0.05546875 0.09140625
0 0.55234375 0.446875 0.05703125 0.10859375
0 0.58515625 0.60703125 0.0984375 0.13828125
0 0.49765625 0.76015625 0.090625 0.14296875
0 0.4 0.72734375 0.10859375 0.16015625
0 0.315625 0.6453125 0.12109375 0.21484375