3 0.2015625 0.578125 0.08359375 0.11875
0 0.61328125 0.10234375 0.040625 0.06171875
0 0.18046875 0.09765625 0.05546875 0.06640625
0 0.09453125 0.13984375 0.0640625 0.09140625
0 0.109375 0.340625 0.096875 0.128125
0 0.2046875 0.35703125 0.09296875 0.12578125
1 0.14296875 0.29609375 0.078125 0.08359375
0 0.3703125 0.1546875 0.0484375 0.10625
0 0.41328125 0.19375 0.04609375 0.10625
0 0.4578125 0.478125 0.07109375 0.12109375
0 0.68828125 0.6828125 0.07890625 0.15078125
1 0.3515625 0.621875 0.09453125 0.17265625