0 0.8953125 0.34453125 0.04609375 0.06171875
0 0.29140625 0.21484375 0.0390625 0.07421875
1 0.278125 0.64296875 0.065625 0.13125
1 0.1890625 0.68984375 0.0890625 0.1453125
3 0.209375 0.86015625 0.07109375 0.11640625
1 0.13046875 0.846875 0.11953125 0.2125
0 0.16328125 0.065625 0.04609375 0.0765625
0 0.0546875 0.36796875 0.109375 0.1828125
0 0.17421875 0.49140625 0.06796875 0.11875
0 0.35 0.271875 0.03046875 0.07421875
0 0.37734375 0.3171875 0.0375 0.08125
0 0.428125 0.37421875 0.0609375 0.0765625
1 0.50625 0.23671875 0.07109375 0.06875