1 0.59921875 0.9109375 0.115625 0.178125
1 0.65703125 0.86328125 0.09453125 0.1703125
2 0.78125 0.51484375 0.0484375 0.0765625
1 0.45859375 0.0828125 0.04453125 0.08671875
0 0.20234375 0.03671875 0.0671875 0.0734375
0 0.2765625 0.13828125 0.0359375 0.06875
0 0.32109375 0.37265625 0.06953125 0.13359375
0 0.34453125 0.21875 0.08046875 0.1453125
0 0.23125 0.5421875 0.0734375 0.11640625
0 0.26640625 0.71015625 0.08359375 0.1703125
0 0.06015625 0.75390625 0.1203125 0.2796875
1 0.234375 0.8546875 0.14140625 0.17265625
1 0.453125 0.22109375 0.0765625 0.11640625
1 0.45546875 0.32578125 0.0890625 0.07421875