0 0.57578125 0.028125 0.0609375 0.05625
0 0.715625 0.034375 0.0484375 0.06875
1 0.775 0.46171875 0.08046875 0.1234375
1 0.8015625 0.41484375 0.11640625 0.10859375
0 0.05390625 0.93203125 0.1078125 0.1359375
3 0.3625 0.21953125 0.0890625 0.06875
0 0.41171875 0.0546875 0.0734375 0.10859375
0 0.48203125 0.07421875 0.06953125 0.11328125
0 0.271875 0.29765625 0.08359375 0.1359375
0 0.56171875 0.47265625 0.0484375 0.11640625
0 0.5984375 0.56875 0.075 0.11640625
0 0.6984375 0.70703125 0.1109375 0.15546875