1 0.68984375 0.38359375 0.07109375 0.0765625
1 0.696875 0.34453125 0.0875 0.05703125
0 0.43828125 0.121875 0.05703125 0.10625
0 0.46875 0.08515625 0.040625 0.0765625
0 0.4765625 0.02109375 0.04140625 0.0421875
0 0.49609375 0.078125 0.03046875 0.0765625
0 0.38671875 0.11875 0.05390625 0.0890625
0 0.3125 0.2640625 0.053125 0.09375
0 0.51953125 0.4359375 0.03359375 0.08671875
0 0.553125 0.48125 0.05390625 0.09375
0 0.628125 0.5421875 0.078125 0.1015625
0 0.35078125 0.79609375 0.07890625 0.1453125
0 0.19296875 0.70703125 0.1359375 0.259375
3 0.1484375 0.6015625 0.10546875 0.1109375