0 0.61171875 0.3296875 0.05390625 0.09609375
0 0.63984375 0.38046875 0.05390625 0.09375
0 0.73515625 0.33828125 0.0515625 0.10859375
0 0.2109375 0.15703125 0.04140625 0.06640625
0 0.1328125 0.3875 0.05390625 0.07421875
0 0.1890625 0.4171875 0.05546875 0.07890625
0 0.29921875 0.5703125 0.059375 0.07890625
0 0.3515625 0.63984375 0.053125 0.07421875
3 0.50390625 0.8171875 0.0640625 0.11328125
0 0.49140625 0.6875 0.05 0.1015625
0 0.55 0.553125 0.0609375 0.10859375
3 0.715625 0.59140625 0.09296875 0.12578125
3 0.3109375 0.80234375 0.09453125 0.1234375