0 0.45078125 0.153125 0.0515625 0.0890625
1 0.61484375 0.8046875 0.0734375 0.14296875
1 0.26171875 0.63671875 0.059375 0.16328125
1 0.2328125 0.5234375 0.08203125 0.1234375
3 0.15625 0.2890625 0.06796875 0.0984375
3 0.359375 0.3515625 0.078125 0.1359375
1 0.496875 0.62734375 0.05546875 0.0984375
0 0.409375 0.625 0.078125 0.128125
0 0.80390625 0.93828125 0.0859375 0.1234375
0 0.76640625 0.33828125 0.0609375 0.08359375
0 0.834375 0.31328125 0.06640625 0.09375
0 0.80703125 0.16640625 0.0640625 0.09140625
0 0.6828125 0.178125 0.04609375 0.07890625
0 0.73203125 0.0578125 0.04453125 0.0765625
1 0.35234375 0.95078125 0.11796875 0.0984375