1 0.72265625 0.08359375 0.0640625 0.1671875
1 0.3859375 0.60390625 0.103125 0.18515625
1 0.478125 0.19609375 0.046875 0.09609375
1 0.465625 0.340625 0.0734375 0.11875
1 0.46953125 0.3890625 0.08046875 0.1109375
1 0.484375 0.50703125 0.0515625 0.12109375
1 0.3234375 0.84921875 0.071875 0.16328125
0 0.28046875 0.95625 0.1046875 0.0875
0 0.2375 0.77890625 0.0890625 0.15546875
0 0.3375 0.58984375 0.06953125 0.13359375
0 0.359375 0.40390625 0.09140625 0.16015625
0 0.28984375 0.31640625 0.04296875 0.07890625
0 0.21171875 0.1890625 0.06796875 0.11640625
0 0.3640625 0.1546875 0.053125 0.071875
0 0.26328125 0.05546875 0.05390625 0.1109375
0 0.19921875 0.0359375 0.0515625 0.071875
2 0.834375 0.840625 0.0640625 0.09609375