1 0.97734375 0.7140625 0.0453125 0.215625
3 0.48203125 0.26875 0.0640625 0.10859375
0 0.328125 0.02578125 0.0375 0.0515625
0 0.3546875 0.09609375 0.04296875 0.06875
0 0.39375 0.06328125 0.0484375 0.08671875
0 0.60390625 0.128125 0.046875 0.0890625
0 0.65546875 0.2046875 0.05546875 0.0890625
0 0.6953125 0.27265625 0.04296875 0.08671875
0 0.86484375 0.13125 0.04609375 0.0890625
0 0.95390625 0.1546875 0.04453125 0.0765625
0 0.83125 0.4515625 0.040625 0.07421875
0 0.753125 0.371875 0.034375 0.06640625
0 0.72421875 0.41875 0.05390625 0.08125
0 0.3265625 0.4421875 0.05 0.11328125
0 0.35 0.53828125 0.05859375 0.1234375
0 0.1609375 0.3296875 0.05859375 0.1015625
0 0.0359375 0.359375 0.06953125 0.10625
3 0.38984375 0.9296875 0.0734375 0.12578125
3 0.40390625 0.771875 0.06640625 0.12109375
1 0.11640625 0.58984375 0.0859375 0.10390625