0 0.75 0.78359375 0.04453125 0.071875
0 0.87890625 0.8453125 0.05546875 0.09609375
3 0.40625 0.5578125 0.059375 0.09375
3 0.26953125 0.93203125 0.1359375 0.1359375
0 0.534375 0.65078125 0.046875 0.11640625
0 0.553125 0.56015625 0.040625 0.08359375
0 0.72421875 0.965625 0.05703125 0.06875
0 0.609375 0.9765625 0.04140625 0.046875
0 0.5640625 0.88046875 0.04140625 0.0765625
0 0.51640625 0.92578125 0.053125 0.08359375
0 0.4484375 0.4875 0.075 0.11640625
0 0.57421875 0.253125 0.04609375 0.0765625
0 0.3640625 0.21953125 0.0609375 0.10390625
0 0.3046875 0.3234375 0.07109375 0.11875
0 0.321875 0.5046875 0.09140625 0.16015625
0 0.2 0.7015625 0.121875 0.17265625
0 0.0640625 0.68359375 0.128125 0.221875