0 0.65390625 0.11640625 0.0390625 0.059375
1 0.515625 0.2484375 0.10390625 0.08125
1 0.6140625 0.4546875 0.103125 0.09375
0 0.7796875 0.953125 0.1125 0.09375
0 0.3546875 0.9328125 0.0875 0.134375
0 0.8375 0.2703125 0.0609375 0.10625
0 0.63984375 0.27421875 0.05703125 0.07890625
0 0.67578125 0.33828125 0.059375 0.07890625
0 0.44140625 0.18515625 0.04453125 0.059375
0 0.04921875 0.30703125 0.065625 0.11640625
0 0.05703125 0.41015625 0.053125 0.06875
0 0.209375 0.565625 0.11796875 0.19296875
0 0.159375 0.94140625 0.128125 0.1171875
3 0.12734375 0.90703125 0.08203125 0.13125