0 0.74296875 0.14296875 0.0390625 0.06875
0 0.19375 0.59296875 0.07109375 0.16796875
1 0.2 0.79296875 0.096875 0.1828125
0 0.68515625 0.95546875 0.09609375 0.0890625
0 0.771875 0.80703125 0.07890625 0.16796875
0 0.721875 0.5453125 0.0984375 0.16796875
0 0.471875 0.39609375 0.10703125 0.140625
0 0.96953125 0.26171875 0.0609375 0.13828125
0 0.88984375 0.27421875 0.0484375 0.06875
0 0.85859375 0.3125 0.05546875 0.09140625
0 0.66875 0.13125 0.0484375 0.0640625
0 0.6984375 0.18515625 0.0609375 0.0984375
0 0.70703125 0.26640625 0.04140625 0.10390625
0 0.89765625 0.17265625 0.0484375 0.06875