0 0.6640625 0.56328125 0.04140625 0.06875
0 0.41484375 0.63671875 0.040625 0.059375
0 0.62578125 0.44453125 0.034375 0.059375
0 0.63203125 0.51875 0.03046875 0.0640625
0 0.6359375 0.30390625 0.0359375 0.059375
0 0.49140625 0.2 0.03359375 0.059375
0 0.42890625 0.28515625 0.03046875 0.05703125
0 0.4 0.30859375 0.03046875 0.0546875
0 0.396875 0.26171875 0.02890625 0.0546875
0 0.371875 0.21953125 0.03046875 0.0640625
0 0.3234375 0.18984375 0.0359375 0.059375
0 0.46328125 0.36875 0.034375 0.06640625
0 0.38203125 0.50859375 0.04453125 0.07890625
3 0.45859375 0.87265625 0.05 0.09609375
3 0.590625 0.8359375 0.05 0.12109375
3 0.353125 0.46640625 0.0484375 0.10390625
3 0.4046875 0.36875 0.0375 0.05703125
0 0.21875 0.60625 0.05390625 0.09140625
0 0.175 0.59609375 0.05859375 0.1015625
3 0.15390625 0.54453125 0.075 0.071875
3 0.20078125 0.40859375 0.04296875 0.06171875
3 0.13125 0.746875 0.05390625 0.1109375
3 0.09453125 0.7828125 0.05859375 0.0984375
3 0.084375 0.63984375 0.08203125 0.1234375
0 0.015625 0.659375 0.03046875 0.07421875