1 0.47421875 0.23828125 0.08203125 0.140625
3 0.253125 0.91875 0.090625 0.1484375
3 0.046875 0.8375 0.09375 0.121875
0 0.01875 0.7109375 0.0375 0.13359375
0 0.209375 0.18046875 0.1015625 0.19765625
0 0.4375 0.40234375 0.078125 0.13359375
0 0.40078125 0.7515625 0.090625 0.13125
0 0.5078125 0.89765625 0.0625 0.13125
0 0.5609375 0.83359375 0.08046875 0.1453125
0 0.696875 0.62578125 0.06796875 0.09609375
0 0.65078125 0.55703125 0.05703125 0.06640625
0 0.74453125 0.259375 0.0359375 0.04921875
3 0.309375 0.3890625 0.0875 0.1453125
3 0.0625 0.07890625 0.125 0.1578125