1 0.45625 0.6 0.0625 0.153125
3 0.459375 0.49765625 0.059375 0.09609375
3 0.5953125 0.41328125 0.05390625 0.08125
3 0.8921875 0.1546875 0.0734375 0.13125
0 0.409375 0.034375 0.053125 0.06875
1 0.3125 0.665625 0.13046875 0.18515625
0 0.13203125 0.83828125 0.1890625 0.3234375
3 0.69921875 0.7234375 0.059375 0.09375
3 0.70546875 0.60703125 0.0640625 0.11328125
3 0.57265625 0.6765625 0.0734375 0.1234375
3 0.31328125 0.25703125 0.0734375 0.0984375
3 0.21953125 0.16796875 0.0640625 0.08359375
3 0.2671875 0.18046875 0.084375 0.0984375
3 0.05625 0.4578125 0.1125 0.2046875
3 0.0390625 0.75078125 0.078125 0.221875
0 0.8609375 0.56796875 0.0890625 0.153125
0 0.98046875 0.240625 0.0390625 0.12578125
0 0.565625 0.3171875 0.07109375 0.12109375
0 0.95 0.77890625 0.08046875 0.13125
0 0.3703125 0.96171875 0.090625 0.0765625