0 0.465625 0.41640625 0.0359375 0.0765625
0 0.28046875 0.5984375 0.04140625 0.0515625
0 0.19609375 0.6875 0.0390625 0.06640625
0 0.08359375 0.728125 0.05546875 0.07421875
0 0.046875 0.8546875 0.0625 0.09375
0 0.40859375 0.5296875 0.05 0.06171875
0 0.4453125 0.51328125 0.04296875 0.04453125
0 0.4609375 0.53984375 0.04140625 0.046875
0 0.6078125 0.2484375 0.02890625 0.0515625
0 0.55625 0.421875 0.02890625 0.0640625
0 0.66171875 0.49609375 0.04609375 0.0546875
0 0.7265625 0.56328125 0.05859375 0.08359375
0 0.9765625 0.3828125 0.046875 0.10625
0 0.778125 0.640625 0.05703125 0.1015625
0 0.46640625 0.7015625 0.0640625 0.10859375
3 0.50390625 0.640625 0.0609375 0.071875
0 0.86796875 0.89296875 0.10859375 0.15546875
3 0.9375 0.74921875 0.071875 0.1015625
3 0.85078125 0.75546875 0.0765625 0.0890625