0 0.41484375 0.84921875 0.0484375 0.0984375
0 0.1328125 0.540625 0.0515625 0.09375
0 0.42578125 0.45078125 0.03203125 0.0421875
0 0.434375 0.3828125 0.03359375 0.0640625
0 0.05 0.93046875 0.09375 0.1390625
0 0.28828125 0.6359375 0.05390625 0.09609375
0 0.51796875 0.50390625 0.03046875 0.06875
0 0.434375 0.721875 0.0375 0.08671875
0 0.8015625 0.1703125 0.06953125 0.1234375
0 0.5515625 0.2046875 0.03359375 0.0640625
0 0.146875 0.38046875 0.040625 0.06875
3 0.93046875 0.6953125 0.1390625 0.23984375
0 0.91328125 0.5578125 0.1125 0.0984375