1 0.40625 0.31875 0.09609375 0.14296875
3 0.171875 0.17890625 0.08203125 0.12109375
3 0.5171875 0.2546875 0.08203125 0.1234375
3 0.57265625 0.6296875 0.0984375 0.16796875
3 0.69765625 0.48125 0.0515625 0.0640625
0 0.05390625 0.2546875 0.1078125 0.153125
0 0.41953125 0.8296875 0.1359375 0.2421875
1 0.61796875 0.9171875 0.08359375 0.165625
1 0.7203125 0.75078125 0.0984375 0.178125
3 0.64765625 0.7453125 0.09609375 0.153125
0 0.603125 0.365625 0.071875 0.1484375
0 0.734375 0.36015625 0.0625 0.07421875
0 0.571875 0.02734375 0.07890625 0.0546875