0 0.55546875 0.23203125 0.028125 0.059375
0 0.515625 0.2984375 0.03203125 0.0546875
0 0.525 0.33828125 0.0390625 0.04453125
0 0.25 0.11875 0.04140625 0.0546875
0 0.23984375 0.20703125 0.040625 0.0640625
0 0.2765625 0.18046875 0.04453125 0.07421875
0 0.840625 0.47421875 0.046875 0.06875
0 0.465625 0.265625 0.04296875 0.071875
3 0.065625 0.671875 0.10703125 0.11328125
0 0.053125 0.5296875 0.09296875 0.1453125
0 0.384375 0.43125 0.103125 0.165625
3 0.28984375 0.6109375 0.07109375 0.1015625
0 0.403125 0.90703125 0.115625 0.18515625
0 0.16953125 0.6765625 0.1140625 0.16328125
1 0.71015625 0.4703125 0.06796875 0.10625
1 0.93203125 0.965625 0.1359375 0.06875
1 0.9515625 0.775 0.096875 0.1828125
0 0.34609375 0.57421875 0.1140625 0.18984375