3 0.42109375 0.0875 0.06640625 0.08125
3 0.63125 0.4765625 0.084375 0.153125
3 0.421875 0.4828125 0.0859375 0.18046875
0 0.05859375 0.25546875 0.11640625 0.21015625
0 0.44453125 0.20390625 0.071875 0.140625
0 0.51640625 0.51875 0.09453125 0.23203125
2 0.62890625 0.61015625 0.05546875 0.0890625
0 0.771875 0.7171875 0.1984375 0.34296875
0 0.909375 0.60234375 0.18046875 0.3015625
0 0.821875 0.38046875 0.0765625 0.1234375
0 0.75234375 0.40234375 0.0984375 0.11328125
1 0.83515625 0.2109375 0.07890625 0.1015625
1 0.8296875 0.08359375 0.06796875 0.07421875
0 0.971875 0.23671875 0.05546875 0.07421875
0 0.921875 0.146875 0.0609375 0.09140625