0 0.3640625 0.84296875 0.05 0.09140625
0 0.5078125 0.03671875 0.0234375 0.0640625
0 0.55 0.01953125 0.040625 0.0390625
0 0.50078125 0.1640625 0.04296875 0.09609375
0 0.62265625 0.17421875 0.05703125 0.1359375
0 0.4125 0.34453125 0.0390625 0.06171875
0 0.5015625 0.4515625 0.05546875 0.10390625
0 0.403125 0.49140625 0.04609375 0.06875
0 0.4390625 0.4171875 0.028125 0.059375
0 0.434375 0.6 0.0390625 0.08359375
0 0.48125 0.68125 0.05390625 0.1234375
0 0.37109375 0.6046875 0.028125 0.059375
0 0.08671875 0.940625 0.065625 0.04921875
0 0.19609375 0.94296875 0.075 0.04453125
0 0.29296875 0.96796875 0.0390625 0.04921875