0 0.390625 0.0453125 0.025 0.03671875
0 0.41171875 0.0984375 0.0265625 0.04921875
0 0.38125 0.12734375 0.0265625 0.0515625
0 0.17109375 0.83984375 0.10546875 0.19296875
0 0.98515625 0.83828125 0.02890625 0.12578125
0 0.94296875 0.759375 0.078125 0.11640625
0 0.8640625 0.83671875 0.1 0.128125
1 0.78828125 0.8828125 0.0765625 0.1359375
3 0.7515625 0.91953125 0.096875 0.12109375
3 0.5796875 0.9359375 0.06796875 0.128125
0 0.52890625 0.5453125 0.071875 0.128125
0 0.528125 0.2578125 0.0609375 0.11640625
0 0.49609375 0.346875 0.075 0.12109375
0 0.3703125 0.39765625 0.05703125 0.10390625
0 0.0859375 0.4 0.06953125 0.128125
0 0.0734375 0.11875 0.04453125 0.06875
3 0.3203125 0.36328125 0.0515625 0.0640625
1 0.575 0.7828125 0.08046875 0.16796875
1 0.6578125 0.82578125 0.0625 0.13125
1 0.940625 0.540625 0.109375 0.1578125