0 0.0734375 0.04921875 0.09140625 0.0984375
0 0.18671875 0.034375 0.0765625 0.06875
1 0.4265625 0.75703125 0.11640625 0.12109375
1 0.371875 0.49296875 0.11796875 0.12109375
1 0.1265625 0.1125 0.1140625 0.12109375
1 0.35703125 0.26640625 0.05859375 0.06875
3 0.66015625 0.625 0.05703125 0.13359375
3 0.609375 0.68984375 0.05 0.1109375
3 0.6765625 0.82109375 0.071875 0.16015625
3 0.60078125 0.825 0.07890625 0.1578125
0 0.7109375 0.33828125 0.04453125 0.09375
0 0.62265625 0.57265625 0.059375 0.10390625
0 0.540625 0.50625 0.090625 0.1828125
3 0.38671875 0.04296875 0.0546875 0.0859375
3 0.6515625 0.125 0.046875 0.11640625