3 0.896875 0.87265625 0.10546875 0.2296875
3 0.96953125 0.42109375 0.0609375 0.12578125
1 0.86328125 0.30234375 0.08203125 0.0765625
0 0.93203125 0.2125 0.05859375 0.128125
0 0.75390625 0.465625 0.11953125 0.21953125
0 0.84375 0.528125 0.0875 0.13359375
3 0.8140625 0.6890625 0.06953125 0.153125
3 0.87265625 0.60859375 0.0734375 0.12109375
3 0.80625 0.8578125 0.09296875 0.2046875
1 0.49609375 0.14453125 0.0640625 0.1015625
1 0.590625 0.8015625 0.16640625 0.15546875
1 0.546875 0.45703125 0.15 0.1484375