1 0.44453125 0.275 0.05 0.05703125
0 0.59921875 0.22734375 0.02890625 0.059375
0 0.56484375 0.2984375 0.02890625 0.059375
0 0.5140625 0.2640625 0.0390625 0.07890625
0 0.31328125 0.18046875 0.0375 0.0640625
0 0.309375 0.2578125 0.0390625 0.06640625
0 0.340625 0.22734375 0.0390625 0.06875
3 0.20234375 0.6234375 0.07109375 0.08125
0 0.884375 0.378125 0.0609375 0.059375
0 0.44296875 0.39140625 0.096875 0.1359375
0 0.41953125 0.5171875 0.103125 0.165625
0 0.478125 0.78359375 0.0734375 0.165625
1 0.725 0.37265625 0.09140625 0.0984375
1 0.95859375 0.6 0.0828125 0.153125
3 0.36875 0.58515625 0.05390625 0.09375
0 0.18125 0.5171875 0.0625 0.09140625
0 0.278125 0.62109375 0.08359375 0.12578125