0 0.09453125 0.08984375 0.05546875 0.0765625
0 0.72421875 0.075 0.04296875 0.05703125
0 0.71640625 0.30703125 0.046875 0.09140625
0 0.75546875 0.21953125 0.05 0.06875
0 0.76953125 0.29296875 0.046875 0.0765625
0 0.9796875 0.58984375 0.040625 0.10390625
3 0.50078125 0.49140625 0.065625 0.07890625
3 0.70546875 0.91640625 0.103125 0.13828125
3 0.49453125 0.93203125 0.09453125 0.1359375
3 0.04453125 0.234375 0.0890625 0.0984375
3 0.1296875 0.26015625 0.0765625 0.0765625
0 0.02421875 0.334375 0.0484375 0.1453125
0 0.33828125 0.175 0.04296875 0.10390625
0 0.20234375 0.36171875 0.07109375 0.12578125
0 0.1484375 0.69296875 0.125 0.18515625
0 0.515625 0.63125 0.05703125 0.13125
0 0.57890625 0.95078125 0.096875 0.0984375
0 0.83125 0.8984375 0.07890625 0.128125
0 0.9109375 0.921875 0.11640625 0.15078125