1 0.40703125 0.69609375 0.078125 0.06875
1 0.42734375 0.853125 0.0765625 0.0765625
0 0.3515625 0.059375 0.04140625 0.0640625
0 0.23515625 0.23671875 0.040625 0.059375
0 0.23671875 0.521875 0.0484375 0.09140625
0 0.26484375 0.4 0.04296875 0.07421875
0 0.29921875 0.48046875 0.04609375 0.08125
0 0.515625 0.69140625 0.0609375 0.10859375
0 0.653125 0.60390625 0.0375 0.08671875
0 0.590625 0.75546875 0.046875 0.0890625
3 0.58046875 0.90625 0.071875 0.09375
3 0.64296875 0.89609375 0.05546875 0.0984375
3 0.590625 0.8296875 0.0484375 0.07421875
3 0.6265625 0.7875 0.053125 0.08359375