1 0.5609375 0.528125 0.08046875 0.07890625
1 0.57890625 0.6890625 0.08359375 0.07890625
0 0.37890625 0.03125 0.0390625 0.06171875
0 0.153125 0.02734375 0.03203125 0.0546875
0 0.090625 0.075 0.05703125 0.09609375
0 0.415625 0.2046875 0.0515625 0.07890625
0 0.3875 0.33359375 0.053125 0.0890625
0 0.4453125 0.29140625 0.04296875 0.07890625
0 0.528125 0.28125 0.05546875 0.0890625
0 0.8375 0.42578125 0.0390625 0.06640625
0 0.6765625 0.52578125 0.0640625 0.10390625
0 0.7359375 0.9578125 0.096875 0.08359375
0 0.7546875 0.58984375 0.0515625 0.07890625
3 0.74921875 0.765625 0.0875 0.11328125
3 0.8203125 0.7765625 0.0765625 0.12578125
3 0.75859375 0.68125 0.0609375 0.08359375
3 0.79765625 0.63828125 0.05703125 0.1015625
3 0.03671875 0.8703125 0.0734375 0.13125