0 0.871875 0.11015625 0.05859375 0.09140625
1 0.815625 0.19296875 0.071875 0.07421875
1 0.77890625 0.08671875 0.0609375 0.0640625
1 0.30546875 0.23125 0.09453125 0.09140625
0 0.109375 0.28046875 0.1 0.16015625
0 0.153125 0.5015625 0.10703125 0.221875
0 0.80703125 0.34921875 0.1 0.12109375
0 0.87109375 0.265625 0.0890625 0.1453125
0 0.9703125 0.284375 0.059375 0.175
0 0.92109375 0.525 0.1578125 0.315625
0 0.4859375 0.2953125 0.06640625 0.1109375
0 0.62421875 0.528125 0.109375 0.23671875
3 0.54296875 0.51640625 0.09140625 0.1484375
2 0.72265625 0.6046875 0.0625 0.07890625
3 0.69453125 0.48984375 0.08046875 0.11640625