0 0.5109375 0.20703125 0.06640625 0.10859375
0 0.34609375 0.06875 0.053125 0.0890625
0 0.421875 0.9125 0.090625 0.175
0 0.21484375 0.34921875 0.0515625 0.1015625
0 0.1328125 0.37265625 0.0625 0.11328125
0 0.10703125 0.19765625 0.075 0.0984375
3 0.0390625 0.06875 0.078125 0.07890625
3 0.04453125 0.1578125 0.075 0.0984375
1 0.18828125 0.19609375 0.0734375 0.12578125
1 0.22734375 0.52109375 0.090625 0.11328125
1 0.44296875 0.734375 0.053125 0.1453125
3 0.73515625 0.64921875 0.090625 0.13359375
3 0.57578125 0.8046875 0.07890625 0.17265625
1 0.53515625 0.928125 0.0984375 0.11875