3 0.60390625 0.4640625 0.046875 0.06875
3 0.434375 0.27265625 0.0875 0.13125
3 0.49296875 0.61640625 0.09140625 0.15078125
3 0.56015625 0.7125 0.0765625 0.140625
3 0.09609375 0.24296875 0.08359375 0.12578125
0 0.47421875 0.0453125 0.0703125 0.090625
0 0.5125 0.3765625 0.075 0.13125
0 0.634375 0.346875 0.05703125 0.09140625
1 0.61484375 0.69609375 0.06796875 0.1484375
1 0.32578125 0.359375 0.0875 0.1359375
0 0.35 0.8359375 0.1359375 0.21015625
0 0.50234375 0.9765625 0.07890625 0.046875
0 0.790625 0.9625 0.121875 0.075
1 0.83515625 0.8890625 0.059375 0.13828125
0 0.91484375 0.18828125 0.1703125 0.1953125