0 0.2796875 0.08671875 0.03203125 0.0640625
0 0.0640625 0.1828125 0.046875 0.0890625
0 0.0296875 0.2875 0.059375 0.09140625
1 0.53125 0.39765625 0.06796875 0.07421875
1 0.575 0.5234375 0.078125 0.06875
3 0.346875 0.33984375 0.04609375 0.08125
3 0.346875 0.2171875 0.04296875 0.06875
3 0.3875 0.28359375 0.046875 0.07890625
3 0.7546875 0.1828125 0.0375 0.06875
3 0.6375 0.346875 0.05859375 0.1015625
3 0.70859375 0.365625 0.0390625 0.07890625
3 0.73046875 0.50625 0.075 0.07421875
3 0.78203125 0.471875 0.071875 0.0890625
3 0.728125 0.42578125 0.0640625 0.06640625
3 0.7578125 0.38125 0.06796875 0.06640625
0 0.746875 0.6453125 0.09453125 0.1109375
3 0.1265625 0.9515625 0.08046875 0.09609375