1 0.67109375 0.4 0.05546875 0.09375
1 0.90078125 0.6703125 0.12890625 0.15078125
0 0.0390625 0.1125 0.04453125 0.0765625
0 0.30546875 0.234375 0.0390625 0.06875
0 0.309375 0.159375 0.03359375 0.06171875
0 0.334375 0.20625 0.0359375 0.06640625
3 0.1875 0.546875 0.0640625 0.0765625
0 0.17109375 0.45546875 0.05546875 0.08125
0 0.25703125 0.559375 0.071875 0.12578125
0 0.49921875 0.2765625 0.03203125 0.0640625
0 0.54453125 0.31015625 0.025 0.05703125
0 0.8359375 0.4484375 0.05 0.0515625
0 0.82890625 0.975 0.096875 0.04921875
0 0.97734375 0.96171875 0.0453125 0.0765625
0 0.92109375 0.9359375 0.0859375 0.128125
0 0.434375 0.7421875 0.07890625 0.16015625
0 0.42734375 0.38671875 0.0734375 0.1359375
0 0.39140625 0.4984375 0.0890625 0.1578125
0 0.58515625 0.2546875 0.0265625 0.0546875