3 0.65703125 0.875 0.08359375 0.1359375
3 0.7296875 0.87890625 0.07890625 0.1578125
3 0.67265625 0.759375 0.05390625 0.09609375
3 0.7171875 0.7125 0.0625 0.11640625
0 0.60234375 0.60234375 0.07109375 0.1234375
0 0.275 0.2953125 0.0640625 0.09609375
0 0.3125 0.14453125 0.05859375 0.09140625
0 0.346875 0.25546875 0.0515625 0.09609375
0 0.7640625 0.47890625 0.0390625 0.09375
0 0.671875 0.665625 0.04609375 0.09140625
1 0.46953125 0.57890625 0.09140625 0.08125
1 0.48046875 0.7953125 0.09140625 0.0984375