1 0.7609375 0.79609375 0.04453125 0.13125
3 0.559375 0.52109375 0.034375 0.04453125
3 0.92265625 0.50625 0.05703125 0.0890625
3 0.86171875 0.67421875 0.065625 0.07421875
3 0.696875 0.61015625 0.053125 0.06875
0 0.834375 0.0875 0.03359375 0.0421875
0 0.70859375 0.12109375 0.025 0.04921875
0 0.478125 0.20859375 0.025 0.03203125
0 0.2328125 0.9453125 0.065625 0.07890625
0 0.1140625 0.86015625 0.04453125 0.06640625
0 0.4109375 0.7953125 0.046875 0.08359375
0 0.49765625 0.48359375 0.0375 0.07890625
0 0.42109375 0.34296875 0.03359375 0.04921875