0 0.67890625 0.5375 0.02890625 0.04921875
0 0.56875 0.56796875 0.03984375 0.065625
0 0.546875 0.50390625 0.034375 0.04453125
0 0.52265625 0.59375 0.0359375 0.0453125
0 0.7296875 0.72421875 0.04765625 0.0765625
0 0.60859375 0.6953125 0.0546875 0.06953125
0 0.55546875 0.69609375 0.0515625 0.078125
0 0.50078125 0.6828125 0.03359375 0.078125
0 0.49375 0.6078125 0.02890625 0.06640625
0 0.48984375 0.85 0.0390625 0.0828125
0 0.16640625 0.41484375 0.03203125 0.04453125
3 0.63515625 0.59296875 0.03125 0.03984375
3 0.14609375 0.9078125 0.04921875 0.0515625
0 0.1234375 0.96015625 0.06875 0.0796875