3 0.571875 0.81484375 0.02265625 0.03828125
0 0.54921875 0.87578125 0.0296875 0.05390625
0 0.471875 0.26328125 0.02890625 0.04296875
0 0.540625 0.3234375 0.0234375 0.05
0 0.70859375 0.284375 0.02265625 0.04609375
0 0.75234375 0.27109375 0.0265625 0.04921875
0 0.73828125 0.20859375 0.02421875 0.05234375
0 0.93203125 0.75703125 0.04140625 0.0734375
0 0.8890625 0.69296875 0.03046875 0.0421875
0 0.7890625 0.96875 0.0546875 0.06171875
0 0.6296875 0.89375 0.04375 0.0703125
0 0.66953125 0.728125 0.03671875 0.0578125
0 0.2671875 0.84140625 0.03046875 0.0609375
0 0.90390625 0.13828125 0.02421875 0.05078125
3 0.28515625 0.846875 0.02265625 0.03359375
3 0.74296875 0.66484375 0.04296875 0.05546875
3 0.83125 0.8171875 0.0453125 0.0703125
3 0.9515625 0.94921875 0.0375 0.06796875
3 0.88984375 0.7375 0.04765625 0.08203125
3 0.5171875 0.3390625 0.03359375 0.05546875
0 0.16328125 0.340625 0.0296875 0.03984375
0 0.19609375 0.3359375 0.0265625 0.0484375