1 0.88671875 0.41875 0.05703125 0.18515625
1 0.96328125 0.5890625 0.07109375 0.08125
3 0.87578125 0.78671875 0.04609375 0.08125
3 0.6078125 0.271875 0.0875 0.1234375
3 0.15859375 0.39140625 0.075 0.10625
0 0.75078125 0.81875 0.10390625 0.1953125
0 0.75390625 0.19140625 0.03359375 0.0765625
0 0.68046875 0.03828125 0.0359375 0.06640625
0 0.9265625 0.2984375 0.053125 0.07421875
0 0.67109375 0.18359375 0.071875 0.1359375
0 0.33359375 0.30703125 0.071875 0.15078125
0 0.38984375 0.0578125 0.0625 0.09609375