3 0.29765625 0.140625 0.04296875 0.059375
0 0.1078125 0.42578125 0.0765625 0.071875
0 0.4203125 0.2515625 0.06796875 0.13359375
0 0.61484375 0.07890625 0.06796875 0.153125
0 0.7125 0.61875 0.10859375 0.18984375
0 0.9140625 0.9453125 0.0859375 0.10859375
0 0.2640625 0.6984375 0.09140625 0.11875
3 0.17734375 0.69140625 0.065625 0.04921875
3 0.35234375 0.64921875 0.04296875 0.08359375
3 0.41796875 0.67265625 0.103125 0.18046875
3 0.37109375 0.82578125 0.078125 0.15546875
3 0.33828125 0.378125 0.04296875 0.0890625