1 0.69296875 0.5765625 0.06640625 0.05703125
3 0.68203125 0.4046875 0.04453125 0.07421875
3 0.621875 0.8515625 0.0609375 0.07421875
3 0.034375 0.97421875 0.0640625 0.0515625
3 0.090625 0.70859375 0.046875 0.04453125
0 0.34453125 0.93359375 0.046875 0.06875
0 0.26875 0.86640625 0.0375 0.0546875
0 0.18828125 0.81484375 0.0375 0.0640625
0 0.41953125 0.74453125 0.0390625 0.071875
0 0.796875 0.221875 0.0375 0.07421875
0 0.74765625 0.20859375 0.034375 0.06171875
0 0.7109375 0.34453125 0.0390625 0.071875
0 0.6359375 0.453125 0.04453125 0.071875
0 0.5703125 0.5296875 0.04296875 0.0765625
0 0.55234375 0.4125 0.059375 0.09375
0 0.38515625 0.30625 0.0375 0.06875
3 0.6296875 0.3828125 0.0375 0.0640625