1 0.41484375 0.7828125 0.03203125 0.11875
3 0.803125 0.1109375 0.04140625 0.034375
3 0.8828125 0.1 0.040625 0.0421875
3 0.45390625 0.6890625 0.03359375 0.0640625
3 0.328125 0.84453125 0.0609375 0.11875
0 0.940625 0.03828125 0.04453125 0.0421875
0 0.665625 0.3875 0.03359375 0.06875
0 0.68125 0.3171875 0.0375 0.046875
0 0.62890625 0.2875 0.025 0.03671875
0 0.496875 0.49609375 0.03046875 0.08359375
0 0.3546875 0.959375 0.07890625 0.08125
0 0.41484375 0.88046875 0.04296875 0.09140625
0 0.21015625 0.19765625 0.10703125 0.16796875