1 0.42578125 0.7359375 0.115625 0.059375
0 0.35390625 0.63359375 0.05 0.0765625
0 0.3828125 0.46796875 0.03203125 0.0515625
0 0.35390625 0.07890625 0.0359375 0.04921875
0 0.115625 0.64296875 0.075 0.08671875
0 0.18359375 0.50859375 0.05 0.07421875
0 0.240625 0.4015625 0.034375 0.071875
0 0.51484375 0.8640625 0.065625 0.11328125
0 0.82734375 0.57265625 0.07109375 0.11875
0 0.66015625 0.1578125 0.0234375 0.03984375
3 0.296875 0.76640625 0.09296875 0.10625
3 0.384375 0.6828125 0.05703125 0.071875
3 0.54609375 0.21015625 0.06640625 0.0890625
3 0.625 0.41484375 0.0359375 0.07421875
3 0.16875 0.371875 0.04609375 0.05703125
3 0.28984375 0.2765625 0.04609375 0.0890625
0 0.878125 0.4578125 0.05 0.0765625
1 0.78515625 0.79375 0.0625 0.1359375