0 0.66875 0.04296875 0.0265625 0.0515625
3 0.26640625 0.1234375 0.04140625 0.07421875
0 0.34453125 0.028125 0.03046875 0.0421875
0 0.453125 0.28125 0.028125 0.0546875
0 0.49921875 0.0421875 0.02890625 0.04921875
0 0.55859375 0.04921875 0.03359375 0.04453125
0 0.784375 0.265625 0.04609375 0.071875
0 0.8109375 0.41875 0.04140625 0.071875
0 0.7640625 0.35078125 0.0390625 0.06875
0 0.575 0.58671875 0.04140625 0.071875
0 0.665625 0.6296875 0.0390625 0.07421875
0 0.8515625 0.8015625 0.075 0.09609375
0 0.33984375 0.775 0.059375 0.128125
0 0.359375 0.5453125 0.04296875 0.059375
0 0.275 0.5546875 0.053125 0.071875
0 0.159375 0.29609375 0.028125 0.04921875
0 0.11171875 0.1828125 0.040625 0.06875