2 0.475 0.925 0.078125 0.1109375
0 0.33671875 0.3515625 0.04609375 0.08125
0 0.415625 0.2015625 0.0265625 0.0421875
0 0.5640625 0.246875 0.03359375 0.04921875
0 0.68125 0.334375 0.0265625 0.0515625
0 0.709375 0.37890625 0.0234375 0.046875
0 0.57890625 0.46328125 0.03046875 0.0515625
0 0.63515625 0.521875 0.0375 0.06171875
0 0.65078125 0.62109375 0.034375 0.06171875
0 0.54609375 0.80390625 0.053125 0.09140625
0 0.265625 0.32734375 0.028125 0.0515625
0 0.2875 0.38671875 0.028125 0.05703125
3 0.2828125 0.73203125 0.05703125 0.06171875
1 0.61875 0.91328125 0.0734375 0.06875