3 0.734375 0.8359375 0.09140625 0.12578125
3 0.90625 0.63671875 0.0984375 0.0890625
3 0.75703125 0.60625 0.071875 0.08125
0 0.15078125 0.16015625 0.03203125 0.04453125
0 0.37890625 0.434375 0.04140625 0.059375
0 0.309375 0.94921875 0.12109375 0.1015625
0 0.57421875 0.61953125 0.0484375 0.07421875
0 0.63359375 0.46796875 0.05859375 0.09609375
0 0.05859375 0.5515625 0.06953125 0.06640625
0 0.334375 0.51328125 0.0640625 0.0984375
0 0.27109375 0.671875 0.071875 0.10390625
1 0.88046875 0.69375 0.0609375 0.0890625
1 0.703125 0.7515625 0.065625 0.09609375
1 0.65234375 0.66640625 0.0375 0.10390625
1 0.265625 0.41484375 0.0609375 0.03984375
1 0.146875 0.6578125 0.115625 0.0765625
1 0.153125 0.5015625 0.07109375 0.0546875