0 0.90703125 0.05546875 0.08046875 0.1109375
1 0.96015625 0.221875 0.07890625 0.10390625
1 0.61328125 0.40859375 0.06796875 0.13125
0 0.5390625 0.17265625 0.10859375 0.1828125
0 0.27265625 0.5640625 0.134375 0.225
0 0.38515625 0.93984375 0.0765625 0.11640625
0 0.85 0.571875 0.03359375 0.05703125
0 0.91875 0.69609375 0.04296875 0.059375
3 0.08828125 0.87421875 0.0765625 0.10390625
3 0.1734375 0.871875 0.05859375 0.07421875
3 0.259375 0.8890625 0.08046875 0.09375
3 0.61640625 0.959375 0.071875 0.08125
3 0.878125 0.265625 0.065625 0.10625
3 0.6015625 0.6984375 0.03359375 0.0546875
1 0.5359375 0.95625 0.046875 0.0875