1 0.19609375 0.81484375 0.071875 0.0984375
1 0.1953125 0.71328125 0.03203125 0.07421875
1 0.228125 0.6125 0.084375 0.04453125
2 0.61171875 0.93671875 0.02109375 0.03671875
2 0.61953125 0.7421875 0.01640625 0.03203125
3 0.86015625 0.31015625 0.0515625 0.0515625
3 0.68203125 0.47265625 0.05 0.071875
3 0.57890625 0.3828125 0.04140625 0.059375
0 0.9234375 0.12734375 0.046875 0.046875
0 0.809375 0.07421875 0.0375 0.0546875
0 0.665625 0.234375 0.03046875 0.04453125
0 0.496875 0.1984375 0.02890625 0.046875
0 0.43046875 0.83828125 0.071875 0.13125
0 0.2453125 0.06640625 0.0375 0.034375
0 0.16484375 0.09296875 0.0515625 0.06171875