1 0.2203125 0.68984375 0.09296875 0.071875
0 0.20625 0.35703125 0.040625 0.05703125
0 0.153125 0.55703125 0.06640625 0.1015625
0 0.26328125 0.86328125 0.06796875 0.1015625
0 0.209375 0.8046875 0.065625 0.04921875
0 0.59453125 0.578125 0.05859375 0.11875
0 0.66484375 0.45078125 0.0484375 0.08671875
0 0.76640625 0.86015625 0.08046875 0.12109375
0 0.021875 0.275 0.04296875 0.06640625
0 0.02109375 0.7015625 0.0390625 0.0640625
0 0.48984375 0.0875 0.0265625 0.046875
3 0.03125 0.778125 0.0625 0.0890625
3 0.103125 0.59765625 0.04453125 0.06875
3 0.178125 0.61953125 0.0625 0.07421875
3 0.0875 0.13671875 0.046875 0.06171875
3 0.3640625 0.11015625 0.075 0.1015625
3 0.7890625 0.36171875 0.05546875 0.06640625
3 0.91796875 0.465625 0.0890625 0.08125
3 0.6484375 0.56171875 0.05 0.08671875
3 0.8421875 0.21875 0.0515625 0.05703125
3 0.440625 0.36328125 0.04453125 0.06875
1 0.5359375 0.7828125 0.05859375 0.153125
1 0.946875 0.4421875 0.1 0.1484375
1 0.88125 0.8828125 0.08203125 0.1953125