0 0.70546875 0.3828125 0.0359375 0.04921875
0 0.14296875 0.34921875 0.11640625 0.1703125
0 0.325 0.94453125 0.06640625 0.1109375
0 0.9171875 0.50234375 0.059375 0.08125
0 0.759375 0.93671875 0.08203125 0.11640625
0 0.7765625 0.740625 0.06640625 0.10390625
0 0.59921875 0.3765625 0.03203125 0.0765625
3 0.42578125 0.18984375 0.0625 0.09375
3 0.46640625 0.13203125 0.06640625 0.09609375
3 0.66953125 0.3875 0.0359375 0.059375
1 0.465625 0.9234375 0.0859375 0.153125
0 0.790625 0.3015625 0.0359375 0.0640625