3 0.60859375 0.53671875 0.028125 0.046875
3 0.06796875 0.828125 0.04453125 0.05703125
3 0.17578125 0.83671875 0.04609375 0.04453125
3 0.29296875 0.61015625 0.04140625 0.06875
3 0.2875 0.7703125 0.04453125 0.0640625
3 0.628125 0.91484375 0.02890625 0.06640625
3 0.69375 0.665625 0.0515625 0.08125
3 0.853125 0.4109375 0.03203125 0.03671875
3 0.853125 0.5296875 0.0484375 0.06640625
3 0.740625 0.44296875 0.0375 0.046875
0 0.69921875 0.559375 0.034375 0.046875
0 0.8125 0.340625 0.0359375 0.04921875
0 0.590625 0.93359375 0.0265625 0.0640625
0 0.559375 0.85703125 0.02890625 0.04921875
0 0.42265625 0.78515625 0.02109375 0.04453125
0 0.490625 0.71484375 0.0359375 0.05703125
0 0.2484375 0.79765625 0.03046875 0.03984375
0 0.23828125 0.63359375 0.034375 0.06640625
0 0.253125 0.48359375 0.028125 0.04921875
0 0.21875 0.40234375 0.03203125 0.04453125