3 0.0890625 0.834375 0.05546875 0.09375
3 0.65078125 0.77890625 0.0625 0.10625
3 0.84453125 0.5984375 0.053125 0.08125
3 0.825 0.43671875 0.0390625 0.04453125
3 0.69453125 0.49296875 0.0390625 0.05703125
3 0.53671875 0.6296875 0.03203125 0.0546875
3 0.37734375 0.63359375 0.03203125 0.046875
0 0.7625 0.3453125 0.03359375 0.0546875
0 0.63984375 0.6359375 0.0265625 0.0421875
0 0.42734375 0.82578125 0.02109375 0.05703125
0 0.39140625 0.9296875 0.04140625 0.0765625
0 0.034375 0.66015625 0.040625 0.06640625