0 0.8125 0.31015625 0.025 0.03203125
0 0.91796875 0.23828125 0.01953125 0.0421875
0 0.9 0.375 0.03359375 0.04921875
0 0.878125 0.31953125 0.065625 0.071875
0 0.05078125 0.94453125 0.04296875 0.0765625
0 0.23046875 0.55078125 0.028125 0.03984375
0 0.2671875 0.5875 0.0265625 0.04453125
0 0.140625 0.7453125 0.02890625 0.04453125
0 0.271875 0.76796875 0.03359375 0.04921875
0 0.821875 0.68671875 0.03046875 0.0546875
0 0.8140625 0.546875 0.03046875 0.05703125
0 0.69609375 0.9796875 0.0359375 0.040625
0 0.6453125 0.9828125 0.034375 0.034375
0 0.546875 0.9703125 0.04296875 0.059375