3 0.303125 0.6953125 0.05859375 0.12109375
3 0.4125 0.39140625 0.0859375 0.1015625
3 0.571875 0.2515625 0.05 0.10859375
3 0.703125 0.2765625 0.0625 0.0890625
3 0.7375 0.40859375 0.05859375 0.08125
3 0.8578125 0.2890625 0.059375 0.07890625
3 0.796875 0.9578125 0.07109375 0.08359375
0 0.29609375 0.43828125 0.075 0.1453125
1 0.62890625 0.7 0.096875 0.11640625
1 0.7140625 0.53984375 0.078125 0.18046875
1 0.46875 0.90234375 0.065625 0.1703125
1 0.55078125 0.89375 0.09609375 0.178125
2 0.29453125 0.7515625 0.03046875 0.046875
2 0.60234375 0.18984375 0.02890625 0.07421875