2 0.10078125 0.84296875 0.0234375 0.03203125
2 0.146875 0.959375 0.03046875 0.071875
1 0.6515625 0.6453125 0.0640625 0.09609375
1 0.58359375 0.6421875 0.06640625 0.1484375
1 0.959375 0.36640625 0.08046875 0.08671875
1 0.93984375 0.675 0.1203125 0.2
1 0.34765625 0.11015625 0.07109375 0.10625
3 0.5234375 0.38984375 0.0390625 0.059375
0 0.32109375 0.653125 0.05546875 0.071875
3 0.2765625 0.7234375 0.04453125 0.0546875
3 0.71796875 0.471875 0.046875 0.0640625
3 0.6953125 0.88125 0.084375 0.07890625
3 0.55625 0.66328125 0.065625 0.10625
3 0.46171875 0.5453125 0.065625 0.06875
3 0.2640625 0.81953125 0.0640625 0.11875
3 0.05234375 0.56328125 0.0625 0.10390625
0 0.7890625 0.41953125 0.03359375 0.0890625
0 0.1984375 0.8578125 0.06953125 0.1453125
0 0.67421875 0.76875 0.07890625 0.13125
0 0.8203125 0.071875 0.04609375 0.059375
0 0.77109375 0.15546875 0.028125 0.0546875
0 0.89296875 0.24296875 0.053125 0.071875
0 0.7484375 0.28125 0.028125 0.07421875
0 0.44765625 0.06328125 0.04296875 0.071875
0 0.134375 0.2234375 0.02890625 0.046875