0 0.28359375 0.31875 0.06640625 0.09375
0 0.5734375 0.1546875 0.0390625 0.0765625
0 0.6890625 0.31640625 0.053125 0.13828125
0 0.73515625 0.38125 0.05390625 0.08125
0 0.71640625 0.7359375 0.05546875 0.13828125
3 0.39296875 0.93828125 0.14140625 0.1234375
3 0.54375 0.359375 0.05390625 0.071875
3 0.171875 0.6125 0.1109375 0.10390625
1 0.09453125 0.771875 0.1640625 0.12109375
1 0.08828125 0.9015625 0.109375 0.1828125
1 0.2234375 0.528125 0.13359375 0.06875
1 0.13984375 0.7484375 0.12109375 0.0984375
1 0.3609375 0.375 0.09453125 0.07421875