3 0.54140625 0.4 0.04453125 0.0640625
3 0.603125 0.471875 0.04140625 0.0546875
3 0.3828125 0.63359375 0.0484375 0.06640625
3 0.33828125 0.6875 0.0484375 0.06171875
0 0.5421875 0.28125 0.02109375 0.0296875
0 0.571875 0.22578125 0.01640625 0.03203125
0 0.97890625 0.36171875 0.04140625 0.08671875
0 0.9484375 0.2234375 0.04140625 0.06640625
0 0.8671875 0.8359375 0.059375 0.10625
0 0.7609375 0.71875 0.05 0.10390625
0 0.7734375 0.58984375 0.0640625 0.09375
0 0.6875 0.6109375 0.04453125 0.08125
0 0.62578125 0.3640625 0.040625 0.06640625
0 0.44453125 0.90703125 0.04140625 0.08671875
0 0.38984375 0.79140625 0.0265625 0.06640625
0 0.42265625 0.5453125 0.03203125 0.0546875
0 0.33984375 0.5421875 0.0265625 0.06171875
0 0.15859375 0.778125 0.04140625 0.0546875