0 0.4796875 0.13203125 0.02890625 0.0421875
3 0.803125 0.93125 0.0390625 0.07421875
1 0.67421875 0.43828125 0.09296875 0.175
3 0.4703125 0.9703125 0.0515625 0.059375
3 0.22109375 0.9421875 0.046875 0.08125
3 0.16953125 0.8953125 0.05859375 0.08125
3 0.36015625 0.81953125 0.04296875 0.0640625
3 0.553125 0.571875 0.0515625 0.09140625
3 0.43125 0.3296875 0.0625 0.10625
3 0.059375 0.66015625 0.06796875 0.1015625
0 0.59375 0.91015625 0.059375 0.1109375
0 0.3375 0.734375 0.053125 0.071875
0 0.846875 0.92109375 0.0515625 0.0890625
0 0.61171875 0.16640625 0.02890625 0.0515625
0 0.64921875 0.61953125 0.0484375 0.0984375
0 0.521875 0.3703125 0.05546875 0.09375
0 0.23515625 0.32109375 0.05390625 0.07890625