0 0.16875 0.63984375 0.10390625 0.1578125
0 0.74296875 0.49296875 0.0890625 0.1703125
0 0.87421875 0.76015625 0.065625 0.11328125
0 0.46171875 0.14453125 0.0515625 0.06640625
0 0.35 0.1359375 0.03046875 0.0640625
0 0.39765625 0.0296875 0.02890625 0.04921875
3 0.28359375 0.3234375 0.05 0.06875
3 0.0265625 0.50234375 0.04453125 0.12109375
3 0.16875 0.78515625 0.090625 0.0890625
1 0.4375 0.58515625 0.096875 0.17265625
1 0.51875 0.25546875 0.140625 0.08125
1 0.059375 0.46796875 0.09296875 0.18515625
1 0.16328125 0.49609375 0.084375 0.1234375
3 0.6109375 0.30859375 0.05859375 0.06875
1 0.609375 0.48671875 0.0515625 0.13828125
1 0.81875 0.7703125 0.034375 0.19296875