0 0.76171875 0.9625 0.0734375 0.075
0 0.778125 0.88515625 0.05703125 0.09140625
0 0.3453125 0.425 0.06796875 0.13359375
0 0.54296875 0.10625 0.04140625 0.0640625
0 0.5171875 0.1890625 0.034375 0.071875
0 0.8921875 0.70234375 0.05390625 0.06640625
0 0.6390625 0.56796875 0.028125 0.06875
0 0.421875 0.8890625 0.04609375 0.09375
0 0.8171875 0.56015625 0.034375 0.0546875
0 0.73203125 0.59609375 0.03046875 0.0421875
3 0.5171875 0.38046875 0.04609375 0.08359375
3 0.55078125 0.33984375 0.0484375 0.0765625