1 0.7359375 0.33203125 0.08359375 0.1453125
3 0.203125 0.5421875 0.053125 0.0515625
3 0.61953125 0.440625 0.04453125 0.0765625
3 0.51484375 0.24453125 0.05390625 0.08359375
3 0.54296875 0.921875 0.04453125 0.05703125
3 0.5515625 0.83125 0.046875 0.09140625
3 0.42421875 0.90390625 0.05703125 0.07421875
0 0.82265625 0.7171875 0.040625 0.0765625
0 0.896875 0.76796875 0.04609375 0.0640625
0 0.66484375 0.7546875 0.0515625 0.08671875
0 0.7859375 0.8875 0.05 0.09609375
0 0.43125 0.59609375 0.0484375 0.06640625
0 0.7140625 0.48515625 0.04453125 0.0765625
0 0.68125 0.08125 0.03203125 0.059375
0 0.59375 0.27421875 0.04609375 0.0890625
0 0.34296875 0.2484375 0.05 0.071875