3 0.17265625 0.30234375 0.07109375 0.1109375
3 0.13828125 0.2703125 0.0734375 0.09609375
3 0.040625 0.11953125 0.071875 0.11640625
3 0.925 0.51953125 0.03359375 0.0515625
3 0.78203125 0.765625 0.0609375 0.0890625
3 0.5671875 0.49609375 0.06796875 0.059375
3 0.59296875 0.59765625 0.0390625 0.0546875
3 0.49140625 0.646875 0.053125 0.0890625
0 0.41328125 0.94765625 0.0765625 0.1046875
0 0.540625 0.5828125 0.05546875 0.07890625
0 0.83046875 0.37421875 0.05 0.071875
0 0.590625 0.28671875 0.04296875 0.07890625
0 0.1140625 0.046875 0.06640625 0.0640625