3 0.759375 0.37421875 0.053125 0.03203125
3 0.82421875 0.60234375 0.0375 0.059375
3 0.63203125 0.3171875 0.0359375 0.0515625
0 0.7140625 0.959375 0.0609375 0.08125
0 0.70546875 0.828125 0.0390625 0.09609375
0 0.6484375 0.8 0.04140625 0.07421875
0 0.08203125 0.7890625 0.053125 0.08125
0 0.15390625 0.68515625 0.04453125 0.071875
0 0.3734375 0.83359375 0.04453125 0.0765625
0 0.41640625 0.31328125 0.03046875 0.07890625
0 0.35859375 0.0765625 0.021875 0.04453125
0 0.315625 0.0453125 0.0375 0.06640625
0 0.11953125 0.234375 0.0390625 0.059375