3 0.31796875 0.571875 0.03359375 0.0421875
3 0.3734375 0.68984375 0.028125 0.0515625
0 0.53515625 0.23203125 0.03203125 0.0640625
0 0.4765625 0.19609375 0.03046875 0.05703125
0 0.70234375 0.753125 0.040625 0.08359375
0 0.74140625 0.73203125 0.03359375 0.0765625
0 0.2625 0.49765625 0.028125 0.03671875
0 0.39140625 0.46640625 0.025 0.059375
0 0.34140625 0.41328125 0.03359375 0.0515625
0 0.190625 0.80234375 0.03359375 0.04453125
0 0.396875 0.91328125 0.0375 0.07421875
0 0.42421875 0.7421875 0.040625 0.08125
0 0.25546875 0.71875 0.0390625 0.06875
0 0.053125 0.721875 0.05546875 0.06640625
3 0.05625 0.92109375 0.0765625 0.0890625