1 0.109375 0.73125 0.14296875 0.16796875
0 0.5140625 0.48046875 0.03046875 0.0515625
3 0.634375 0.70625 0.046875 0.04921875
3 0.49296875 0.775 0.053125 0.0640625
3 0.44296875 0.740625 0.05546875 0.07890625
3 0.2765625 0.76328125 0.05 0.07421875
3 0.225 0.58359375 0.06953125 0.1109375
3 0.209375 0.3359375 0.13203125 0.178125
0 0.3328125 0.878125 0.07109375 0.1359375
0 0.39375 0.628125 0.059375 0.1359375
0 0.371875 0.4046875 0.05 0.0890625
0 0.42578125 0.32578125 0.0625 0.09375
0 0.1828125 0.02109375 0.05703125 0.03671875
0 0.121875 0.1015625 0.059375 0.07421875