1 0.7484375 0.7546875 0.10546875 0.13125
3 0.30703125 0.30625 0.0890625 0.10859375
3 0.659375 0.26015625 0.05703125 0.071875
3 0.7515625 0.275 0.075 0.1109375
3 0.659375 0.76875 0.07890625 0.1453125
3 0.72421875 0.59140625 0.07890625 0.1359375
0 0.60234375 0.5984375 0.05703125 0.1109375
0 0.6796875 0.16171875 0.0484375 0.071875
0 0.63828125 0.16328125 0.0484375 0.08359375
0 0.434375 0.03984375 0.04140625 0.06875
0 0.43359375 0.29609375 0.05859375 0.09375
0 0.20546875 0.3171875 0.071875 0.09609375