3 0.60625 0.77265625 0.04609375 0.059375
3 0.44296875 0.76015625 0.04140625 0.04921875
3 0.16015625 0.34921875 0.04296875 0.06171875
3 0.12578125 0.26796875 0.040625 0.0515625
0 0.5921875 0.51953125 0.0234375 0.05703125
0 0.59296875 0.39609375 0.0359375 0.0515625
0 0.49921875 0.4171875 0.02890625 0.03984375
0 0.46953125 0.4578125 0.03359375 0.046875
0 0.409375 0.43203125 0.03046875 0.0640625
0 0.8078125 0.865625 0.08203125 0.1359375
0 0.62734375 0.8953125 0.0484375 0.071875
0 0.3859375 0.9421875 0.053125 0.08671875
0 0.41171875 0.83984375 0.040625 0.0546875
0 0.33984375 0.671875 0.04609375 0.07890625
0 0.2453125 0.46796875 0.04609375 0.05703125