0 0.196875 0.4546875 0.05703125 0.0984375
0 0.1484375 0.89765625 0.05859375 0.09609375
0 0.4828125 0.31953125 0.0515625 0.09140625
0 0.7125 0.6171875 0.075 0.11875
0 0.690625 0.753125 0.08359375 0.1484375
0 0.42734375 0.43203125 0.0515625 0.07421875
0 0.465625 0.96640625 0.06640625 0.06640625
3 0.4234375 0.328125 0.053125 0.07421875
3 0.56953125 0.19609375 0.05 0.06640625
3 0.8578125 0.640625 0.109375 0.140625
3 0.3546875 0.653125 0.0484375 0.05703125
3 0.24453125 0.35078125 0.0390625 0.059375
0 0.2984375 0.5453125 0.0359375 0.06875