0 0.078125 0.7546875 0.0484375 0.09140625
0 0.2109375 0.61015625 0.03359375 0.07890625
0 0.140625 0.7015625 0.04296875 0.08359375
0 0.62421875 0.59375 0.0515625 0.09609375
0 0.91015625 0.32578125 0.06796875 0.09375
0 0.853125 0.21640625 0.0359375 0.08671875
0 0.30703125 0.02578125 0.028125 0.0421875
0 0.39921875 0.06328125 0.0765625 0.09609375
0 0.5984375 0.025 0.0359375 0.04921875
0 0.6578125 0.1765625 0.05390625 0.08671875
0 0.58515625 0.26640625 0.0375 0.0890625
0 0.515625 0.16796875 0.04296875 0.059375
0 0.4203125 0.15078125 0.040625 0.06875
0 0.3046875 0.378125 0.034375 0.06875
0 0.30390625 0.58984375 0.04453125 0.059375