0 0.01953125 0.5109375 0.0359375 0.08359375
0 0.36875 0.33984375 0.05390625 0.1109375
0 0.68203125 0.153125 0.03359375 0.059375
0 0.63046875 0.0515625 0.03359375 0.059375
0 0.1125 0.2578125 0.08046875 0.12109375
0 0.27578125 0.51953125 0.05390625 0.08125
0 0.8234375 0.928125 0.075 0.10859375
0 0.71875 0.32734375 0.040625 0.06640625
3 0.165625 0.56015625 0.06796875 0.07890625
3 0.515625 0.778125 0.0734375 0.0984375
3 0.63359375 0.44453125 0.03359375 0.0546875
0 0.821875 0.21328125 0.04140625 0.0515625
0 0.87265625 0.1953125 0.02890625 0.0546875
1 0.7640625 0.76171875 0.078125 0.046875
1 0.7765625 0.83203125 0.05859375 0.0640625
3 0.92265625 0.80703125 0.05703125 0.07421875