0 0.85625 0.11640625 0.0984375 0.13828125
0 0.39296875 0.43828125 0.05 0.09140625
0 0.4296875 0.64453125 0.07109375 0.09375
0 0.45859375 0.5125 0.05 0.09140625
0 0.51640625 0.5234375 0.05859375 0.07890625
0 0.52890625 0.2953125 0.046875 0.09140625
0 0.55546875 0.3875 0.06640625 0.0984375
0 0.6 0.54453125 0.071875 0.09140625
0 0.69453125 0.40390625 0.09453125 0.140625
0 0.65859375 0.16640625 0.05859375 0.12578125
0 0.8640625 0.24296875 0.0890625 0.13125
0 0.584375 0.65546875 0.075 0.12109375
0 0.459375 0.9453125 0.08046875 0.10859375
0 0.56953125 0.86640625 0.071875 0.1578125
0 0.659375 0.8765625 0.09453125 0.16796875
0 0.76171875 0.95625 0.0890625 0.0875
0 0.878125 0.6640625 0.11640625 0.20234375
0 0.9578125 0.55703125 0.084375 0.1953125
0 0.95859375 0.82734375 0.0828125 0.2140625
1 0.5015625 0.6953125 0.09140625 0.09140625
1 0.7 0.69765625 0.0609375 0.12578125