0 0.3875 0.3015625 0.0640625 0.11328125
1 0.740625 0.759375 0.146875 0.1703125
1 0.60390625 0.6234375 0.0609375 0.21953125
3 0.8171875 0.04453125 0.1125 0.0890625
3 0.54375 0.325 0.1265625 0.2046875
0 0.85390625 0.66875 0.1 0.16328125
0 0.659375 0.41484375 0.09453125 0.1578125
0 0.940625 0.3359375 0.11796875 0.2171875
0 0.76171875 0.0953125 0.0515625 0.1109375
0 0.71015625 0.23671875 0.0734375 0.128125
0 0.634375 0.09296875 0.09296875 0.16015625
0 0.3984375 0.9296875 0.0859375 0.1359375
0 0.4140625 0.77421875 0.10859375 0.175