3 0.53828125 0.5578125 0.0875 0.13359375
0 0.8578125 0.50703125 0.10390625 0.15546875
0 0.76875 0.51484375 0.08203125 0.15546875
0 0.80859375 0.365625 0.06640625 0.1234375
0 0.73359375 0.3359375 0.06640625 0.0984375
0 0.6546875 0.38515625 0.0765625 0.11875
0 0.60390625 0.475 0.0890625 0.16015625
0 0.609375 0.7484375 0.07109375 0.1484375
0 0.53828125 0.84921875 0.09609375 0.14296875
0 0.18359375 0.834375 0.09140625 0.13359375
0 0.3875 0.93828125 0.0890625 0.1234375
0 0.39296875 0.7703125 0.0890625 0.13359375
0 0.4796875 0.6359375 0.0875 0.12109375
0 0.490625 0.42734375 0.075 0.1234375
0 0.65390625 0.25703125 0.05546875 0.11328125
0 0.53515625 0.3 0.07109375 0.1015625
0 0.4375 0.2546875 0.0640625 0.11328125
0 0.9078125 0.19375 0.04609375 0.1015625
0 0.721875 0.13125 0.04609375 0.07421875
0 0.61015625 0.06796875 0.05390625 0.1015625
0 0.459375 0.1015625 0.0515625 0.10390625
0 0.3625 0.15078125 0.06953125 0.10390625