3 0.159375 0.19765625 0.078125 0.1234375
3 0.15234375 0.7828125 0.14296875 0.26640625
0 0.3546875 0.034375 0.0515625 0.06875
0 0.23515625 0.68515625 0.06796875 0.1015625
0 0.24140625 0.50703125 0.08359375 0.10625
0 0.2828125 0.4 0.07109375 0.11328125
0 0.503125 0.47421875 0.06953125 0.09375
0 0.34375 0.5234375 0.06796875 0.11328125
0 0.43671875 0.31640625 0.06796875 0.128125
0 0.52578125 0.1296875 0.059375 0.11640625
0 0.359375 0.321875 0.04453125 0.09609375
0 0.29375 0.25078125 0.07890625 0.1359375
0 0.2125 0.31640625 0.0609375 0.10390625