3 0.24375 0.525 0.084375 0.09609375
3 0.94296875 0.71015625 0.096875 0.15078125
1 0.5703125 0.64921875 0.065625 0.19765625
3 0.3515625 0.38515625 0.05546875 0.059375
3 0.13671875 0.63984375 0.07109375 0.08359375
3 0.46640625 0.83203125 0.1140625 0.14296875
3 0.33984375 0.87265625 0.109375 0.1703125
0 0.5015625 0.9328125 0.115625 0.134375
3 0.378125 0.69765625 0.0875 0.140625
3 0.27578125 0.4 0.0625 0.08359375
0 0.4671875 0.1984375 0.04609375 0.10625
0 0.63515625 0.07421875 0.059375 0.06875
0 0.58125 0.13828125 0.0515625 0.0640625
0 0.24609375 0.13359375 0.05859375 0.0890625
0 0.621875 0.328125 0.06953125 0.09375
0 0.52578125 0.31015625 0.0734375 0.1109375
0 0.93203125 0.88125 0.11640625 0.19765625
0 0.81953125 0.65703125 0.10546875 0.153125
0 0.615625 0.446875 0.075 0.11875
0 0.434375 0.49765625 0.0734375 0.1015625
0 0.07890625 0.54296875 0.11953125 0.1484375
0 0.178125 0.28671875 0.06796875 0.06875
0 0.08359375 0.3828125 0.0859375 0.11328125