0 0.409375 0.37421875 0.0609375 0.11640625
0 0.1203125 0.6359375 0.115625 0.18046875
0 0.325 0.44921875 0.09140625 0.13359375
0 0.30859375 0.58125 0.08359375 0.140625
0 0.4046875 0.58671875 0.0625 0.10625
0 0.434375 0.728125 0.078125 0.13828125
0 0.57734375 0.86875 0.07890625 0.13359375
0 0.35859375 0.9234375 0.0859375 0.153125
0 0.234375 0.95078125 0.0984375 0.0984375
0 0.790625 0.70703125 0.07109375 0.12109375
0 0.85 0.7703125 0.06640625 0.13359375
1 0.665625 0.46640625 0.0625 0.25703125
0 0.040625 0.26328125 0.0734375 0.165625
0 0.103125 0.29609375 0.05546875 0.14296875
3 0.7171875 0.64921875 0.08203125 0.11875
2 0.465625 0.96875 0.01953125 0.046875