1 0.94921875 0.778125 0.1015625 0.128125
1 0.465625 0.471875 0.09296875 0.128125
1 0.37578125 0.42578125 0.040625 0.12109375
1 0.66640625 0.52109375 0.103125 0.246875
1 0.521875 0.81015625 0.171875 0.10390625
3 0.453125 0.94296875 0.1 0.11328125
0 0.25078125 0.26640625 0.0515625 0.09375
0 0.28203125 0.71953125 0.075 0.140625
0 0.24140625 0.50859375 0.09140625 0.11328125
0 0.409375 0.2703125 0.07109375 0.09609375
0 0.43125 0.159375 0.04609375 0.08671875
0 0.546875 0.50390625 0.053125 0.13359375
0 0.50546875 0.33671875 0.046875 0.09609375
0 0.56953125 0.31015625 0.071875 0.140625
0 0.52890625 0.121875 0.06953125 0.11640625
0 0.4375 0.03984375 0.0359375 0.059375
0 0.37421875 0.0890625 0.0515625 0.0890625