0 0.03984375 0.9 0.0734375 0.2
0 0.959375 0.5421875 0.08046875 0.15546875
0 0.50390625 0.1484375 0.071875 0.11328125
0 0.396875 0.11015625 0.07890625 0.1359375
1 0.490625 0.68046875 0.15859375 0.13125
3 0.63125 0.73671875 0.12109375 0.2
3 0.2421875 0.48984375 0.08203125 0.11640625
3 0.190625 0.659375 0.11796875 0.153125
0 0.35078125 0.728125 0.0984375 0.16328125
0 0.73671875 0.63359375 0.08203125 0.15078125
0 0.6546875 0.4546875 0.08203125 0.13828125
0 0.48828125 0.26640625 0.065625 0.11875
0 0.303125 0.3015625 0.071875 0.11328125
1 0.43125 0.43203125 0.0625 0.17265625