1 0.78671875 0.40703125 0.159375 0.1234375
1 0.7359375 0.28515625 0.15546875 0.08125
0 0.81953125 0.08125 0.0765625 0.1625
0 0.74375 0.16796875 0.0984375 0.16796875
0 0.346875 0.3015625 0.1125 0.1578125
0 0.403125 0.43828125 0.10546875 0.12578125
0 0.278125 0.2359375 0.071875 0.1359375
0 0.5703125 0.9515625 0.10390625 0.09609375
0 0.409375 0.6125 0.13046875 0.26640625
0 0.55625 0.5296875 0.08203125 0.1453125
0 0.61015625 0.7125 0.11796875 0.21484375
0 0.33125 0.91953125 0.12890625 0.16015625
0 0.25078125 0.478125 0.084375 0.10625
0 0.184375 0.659375 0.14609375 0.221875
0 0.46640625 0.23828125 0.0890625 0.140625
0 0.3765625 0.146875 0.08046875 0.13125
0 0.26875 0.0703125 0.0734375 0.1359375
0 0.18203125 0.17421875 0.09140625 0.140625
0 0.10390625 0.39375 0.1109375 0.13125