3 0.2234375 0.4765625 0.146875 0.1578125
0 0.546875 0.1 0.06953125 0.09609375
0 0.66328125 0.159375 0.0734375 0.12578125
0 0.82734375 0.1421875 0.07109375 0.10625
0 0.5265625 0.4578125 0.0890625 0.140625
0 0.69140625 0.80234375 0.08046875 0.17265625
0 0.89296875 0.33984375 0.075 0.11640625
0 0.89375 0.47265625 0.06796875 0.09609375
0 0.87265625 0.60625 0.059375 0.1109375
0 0.825 0.61328125 0.0640625 0.10625
0 0.78046875 0.6875 0.0890625 0.11640625
0 0.81171875 0.8171875 0.065625 0.1578125
0 0.8625 0.78984375 0.053125 0.11875
1 0.16171875 0.24453125 0.09296875 0.11328125
1 0.7078125 0.59375 0.0875 0.27421875