3 0.09453125 0.825 0.06953125 0.0984375
3 0.46875 0.9 0.0984375 0.1953125
2 0.5203125 0.12734375 0.0265625 0.0421875
2 0.78671875 0.28984375 0.04296875 0.1109375
3 0.58671875 0.77265625 0.1265625 0.2125
3 0.72734375 0.671875 0.109375 0.20234375
3 0.503125 0.4296875 0.08359375 0.153125
0 0.39609375 0.9640625 0.08359375 0.071875
0 0.01953125 0.81328125 0.0390625 0.15546875
0 0.24609375 0.834375 0.09453125 0.14296875
0 0.428125 0.78671875 0.071875 0.12109375
0 0.34921875 0.69140625 0.09609375 0.13828125
0 0.315625 0.55703125 0.09140625 0.1453125