0 0.3 0.13671875 0.06953125 0.13125
0 0.421875 0.059375 0.0625 0.11328125
0 0.4984375 0.04921875 0.0609375 0.09375
0 0.37890625 0.25078125 0.06953125 0.1453125
0 0.34296875 0.4 0.08359375 0.13828125
0 0.49375 0.54921875 0.115625 0.18046875
0 0.49140625 0.18046875 0.06953125 0.13359375
0 0.58515625 0.18125 0.0734375 0.13125
0 0.690625 0.23125 0.07109375 0.12578125
0 0.703125 0.55546875 0.09296875 0.20234375
0 0.83359375 0.725 0.1109375 0.18515625
3 0.7875 0.46171875 0.121875 0.19765625
3 0.6 0.39375 0.08359375 0.1015625
3 0.415625 0.934375 0.1109375 0.13125
1 0.65234375 0.7578125 0.190625 0.1875
1 0.684375 0.334375 0.121875 0.10625
1 0.590625 0.28671875 0.06796875 0.0984375