2 0.88984375 0.371875 0.04296875 0.046875
2 0.340625 0.57890625 0.0390625 0.03671875
2 0.31640625 0.6125 0.021875 0.03984375
2 0.5046875 0.58046875 0.0265625 0.0296875
2 0.375 0.30625 0.05546875 0.0546875
2 0.4 0.2765625 0.0390625 0.04453125
0 0.790625 0.76328125 0.10703125 0.16328125
0 0.7546875 0.60859375 0.1015625 0.18515625
0 0.728125 0.4359375 0.1125 0.15546875
0 0.66171875 0.525 0.090625 0.1359375
0 0.85859375 0.51015625 0.121875 0.165625
0 0.8125 0.33828125 0.06953125 0.10859375
0 0.80546875 0.21015625 0.06953125 0.13828125
0 0.7359375 0.13125 0.05859375 0.11328125
0 0.6296875 0.21953125 0.07109375 0.10390625
0 0.465625 0.18359375 0.05859375 0.1015625
0 0.296875 0.9109375 0.0875 0.178125
0 0.578125 0.8109375 0.07109375 0.1453125
0 0.42578125 0.93828125 0.09609375 0.1234375
0 0.4890625 0.7484375 0.078125 0.16796875
0 0.4109375 0.771875 0.06640625 0.1359375
0 0.35703125 0.50703125 0.05859375 0.09140625
0 0.2890625 0.52109375 0.071875 0.10390625
0 0.5 0.36796875 0.078125 0.11328125
0 0.378125 0.3828125 0.0640625 0.08359375
0 0.425 0.49296875 0.075 0.071875
0 0.409375 0.5765625 0.0765625 0.09609375
0 0.259375 0.6421875 0.0734375 0.10390625