3 0.89140625 0.528125 0.071875 0.09375
3 0.528125 0.9328125 0.125 0.134375
0 0.72109375 0.20703125 0.08046875 0.128125
0 0.69921875 0.0640625 0.06796875 0.09375
0 0.6328125 0.2875 0.07109375 0.12578125
1 0.67109375 0.58359375 0.121875 0.2046875
3 0.53984375 0.221875 0.0625 0.09375
3 0.49921875 0.321875 0.09296875 0.13125
1 0.26875 0.28359375 0.18203125 0.10390625
3 0.3703125 0.4359375 0.090625 0.1359375
3 0.20390625 0.1953125 0.10546875 0.11875
0 0.734375 0.91328125 0.08359375 0.16796875
0 0.04140625 0.53125 0.075 0.11875
0 0.1578125 0.77421875 0.1125 0.1953125
0 0.17734375 0.55078125 0.09296875 0.1484375
0 0.10859375 0.3640625 0.08046875 0.10625
0 0.5484375 0.0515625 0.10546875 0.0984375
0 0.37265625 0.08359375 0.09296875 0.14296875
0 0.184375 0.05078125 0.0875 0.08125
0 0.0984375 0.19375 0.0859375 0.1109375