0 0.03125 0.5171875 0.0625 0.1359375
3 0.953125 0.63671875 0.09296875 0.13828125
1 0.61875 0.61015625 0.1375 0.1875
3 0.940625 0.3015625 0.1140625 0.17265625
3 0.8765625 0.19765625 0.09453125 0.128125
3 0.74921875 0.753125 0.0984375 0.1484375
3 0.61015625 0.9046875 0.12890625 0.18984375
3 0.4625 0.43671875 0.1 0.20703125
3 0.70859375 0.3234375 0.09453125 0.1234375
3 0.67109375 0.2015625 0.10546875 0.16015625
0 0.959375 0.4484375 0.08046875 0.225
0 0.44375 0.81953125 0.090625 0.178125
0 0.3453125 0.3984375 0.065625 0.140625
0 0.26875 0.5421875 0.09609375 0.1359375
0 0.23203125 0.359375 0.08359375 0.13125
0 0.13046875 0.33984375 0.078125 0.1109375
0 0.5453125 0.38125 0.05703125 0.10625
0 0.37890625 0.1890625 0.09140625 0.18046875
0 0.2671875 0.19609375 0.090625 0.15078125
0 0.103125 0.17421875 0.1 0.13125