2 0.97734375 0.03203125 0.04296875 0.0546875
0 0.68203125 0.0703125 0.08359375 0.1359375
1 0.65234375 0.19375 0.12109375 0.13125
3 0.3296875 0.7171875 0.14296875 0.21953125
3 0.46875 0.7359375 0.0984375 0.16328125
3 0.59296875 0.61953125 0.10859375 0.2171875
3 0.56484375 0.42109375 0.1015625 0.165625
3 0.34921875 0.21875 0.134375 0.18515625
0 0.95390625 0.34921875 0.09140625 0.1359375
0 0.8796875 0.4453125 0.09296875 0.11640625
0 0.6703125 0.7984375 0.10390625 0.15078125
0 0.51953125 0.1703125 0.096875 0.153125
0 0.46875 0.3484375 0.08203125 0.14296875
0 0.30703125 0.50703125 0.10546875 0.15078125
0 0.034375 0.0515625 0.06875 0.103125