3 0.84765625 0.0515625 0.09609375 0.0984375
1 0.57890625 0.15546875 0.13046875 0.23671875
1 0.59296875 0.41875 0.0890625 0.18046875
1 0.56015625 0.775 0.0875 0.23203125
1 0.45390625 0.68671875 0.1109375 0.13359375
1 0.4046875 0.5453125 0.10703125 0.07890625
1 0.23046875 0.3578125 0.1140625 0.09375
0 0.77734375 0.9390625 0.0890625 0.121875
0 0.684375 0.83828125 0.078125 0.18515625
0 0.40078125 0.86171875 0.07890625 0.13828125
0 0.27890625 0.6984375 0.09453125 0.1484375
0 0.28203125 0.27265625 0.0890625 0.140625
0 0.3109375 0.125 0.0609375 0.1109375