0 0.17421875 0.43984375 0.12890625 0.1875
0 0.5109375 0.4125 0.0890625 0.16328125
0 0.675 0.48515625 0.0859375 0.1359375
0 0.509375 0.63125 0.1015625 0.1703125
0 0.45546875 0.840625 0.10546875 0.175
0 0.9265625 0.89375 0.10859375 0.1484375
0 0.6953125 0.24453125 0.0875 0.14296875
0 0.51171875 0.04296875 0.0703125 0.0859375
0 0.771875 0.16796875 0.0765625 0.09375
0 0.821875 0.27265625 0.0609375 0.12109375
0 0.8796875 0.2546875 0.05390625 0.1234375
0 0.8171875 0.1234375 0.0515625 0.07890625
3 0.321875 0.7015625 0.14453125 0.23203125
3 0.56171875 0.90078125 0.1140625 0.1984375
3 0.58515625 0.4 0.059375 0.10859375
3 0.3078125 0.1234375 0.0875 0.0984375
1 0.6375 0.63203125 0.175 0.1234375
3 0.85234375 0.7765625 0.07109375 0.09140625