1 0.875 0.1703125 0.13359375 0.14296875
3 0.6984375 0.50703125 0.10546875 0.1703125
3 0.7359375 0.21875 0.1 0.18046875
3 0.71640625 0.053125 0.09453125 0.10625
3 0.6234375 0.2484375 0.08359375 0.1703125
3 0.521875 0.18671875 0.10390625 0.18515625
0 0.27265625 0.9578125 0.11796875 0.08359375
0 0.07265625 0.9125 0.1453125 0.171875
0 0.31640625 0.76796875 0.128125 0.19296875
0 0.47421875 0.7 0.09296875 0.16015625
0 0.8140625 0.76796875 0.0859375 0.153125
0 0.7234375 0.83203125 0.078125 0.14296875
0 0.7453125 0.63359375 0.0765625 0.13125
0 0.56796875 0.54921875 0.09140625 0.1953125
0 0.4765625 0.46171875 0.08359375 0.1578125
0 0.378125 0.55703125 0.10390625 0.175
0 0.23046875 0.57890625 0.10546875 0.175
0 0.78984375 0.371875 0.1015625 0.11640625
0 0.515625 0.034375 0.05546875 0.06875
0 0.253125 0.13828125 0.09453125 0.10859375
0 0.03359375 0.2546875 0.0640625 0.1578125