1 0.778125 0.5484375 0.10703125 0.128125
1 0.309375 0.59765625 0.11796875 0.16328125
1 0.13671875 0.6484375 0.10703125 0.1109375
3 0.703125 0.31953125 0.09296875 0.08125
3 0.746875 0.23203125 0.05 0.0890625
3 0.678125 0.26015625 0.0640625 0.0515625
3 0.715625 0.4125 0.0640625 0.08359375
3 0.5625 0.33359375 0.053125 0.09375
3 0.56328125 0.19609375 0.0515625 0.08671875
3 0.50234375 0.2296875 0.0515625 0.08359375
3 0.4265625 0.11328125 0.053125 0.07421875
3 0.36953125 0.20625 0.046875 0.08671875
3 0.48828125 0.5515625 0.05390625 0.09140625
3 0.35234375 0.953125 0.0625 0.09375
3 0.32890625 0.76640625 0.0890625 0.15078125
3 0.26015625 0.425 0.06796875 0.11875
3 0.3359375 0.35703125 0.05546875 0.09609375
3 0.24765625 0.32734375 0.0625 0.0765625