0 0.415625 0.48359375 0.0640625 0.128125
0 0.21015625 0.02734375 0.05703125 0.0546875
0 0.3140625 0.06015625 0.04140625 0.0765625
0 0.20078125 0.2828125 0.0625 0.1015625
0 0.284375 0.3703125 0.08359375 0.10859375
0 0.40078125 0.31875 0.05703125 0.0890625
0 0.11015625 0.39140625 0.109375 0.13125
0 0.11875 0.53984375 0.10703125 0.1703125
0 0.2609375 0.55703125 0.08359375 0.13125
0 0.53046875 0.4046875 0.05859375 0.0984375
0 0.546875 0.16875 0.04609375 0.09140625
0 0.59375 0.18046875 0.04296875 0.08359375
0 0.7203125 0.2984375 0.0625 0.08359375
0 0.47109375 0.51953125 0.05 0.11640625
0 0.36328125 0.78984375 0.109375 0.17265625
0 0.24140625 0.91953125 0.13046875 0.16015625
0 0.60703125 0.49609375 0.06640625 0.10390625
0 0.68203125 0.46171875 0.06953125 0.10859375
0 0.73046875 0.41875 0.0609375 0.10625
0 0.81796875 0.48515625 0.0640625 0.09140625
0 0.690625 0.571875 0.06796875 0.12578125
0 0.771875 0.70859375 0.0859375 0.13828125
0 0.778125 0.54921875 0.0984375 0.18515625
0 0.890625 0.94453125 0.1 0.1109375
3 0.271875 0.73203125 0.109375 0.15078125
3 0.86015625 0.64921875 0.10390625 0.1828125
1 0.61015625 0.65703125 0.1125 0.28125