0 0.08046875 0.29296875 0.08359375 0.09609375
0 0.465625 0.540625 0.0875 0.14296875
0 0.42578125 0.28984375 0.04609375 0.05703125
0 0.475 0.34921875 0.0640625 0.10625
0 0.590625 0.6640625 0.09296875 0.16328125
0 0.459375 0.91953125 0.109375 0.16015625
0 0.665625 0.54921875 0.09140625 0.140625
0 0.68984375 0.771875 0.0875 0.08125
0 0.53828125 0.13984375 0.05390625 0.0765625
0 0.54609375 0.2171875 0.06640625 0.09375
0 0.60625 0.16171875 0.0515625 0.08125
0 0.6328125 0.27421875 0.0734375 0.0890625
0 0.64921875 0.38984375 0.0875 0.153125
1 0.3125 0.48046875 0.08359375 0.21484375