2 0.790625 0.76171875 0.10703125 0.21015625
0 0.03515625 0.12734375 0.0625 0.1015625
0 0.084375 0.265625 0.09296875 0.10625
0 0.20546875 0.121875 0.06640625 0.09609375
0 0.33984375 0.09140625 0.05703125 0.0890625
0 0.34453125 0.165625 0.053125 0.08359375
0 0.27890625 0.225 0.06640625 0.0984375
0 0.23046875 0.346875 0.071875 0.11640625
0 0.45 0.4546875 0.06640625 0.11328125
0 0.33125 0.4296875 0.08203125 0.11875
0 0.37265625 0.28671875 0.08203125 0.11328125
0 0.30234375 0.3421875 0.08203125 0.1359375
0 0.4109375 0.378125 0.05 0.04921875
0 0.18203125 0.8125 0.125 0.1828125
0 0.1546875 0.52109375 0.06796875 0.0890625
0 0.0515625 0.5296875 0.09453125 0.15078125
0 0.02890625 0.771875 0.053125 0.11640625
0 0.040625 0.8875 0.08046875 0.15078125
0 0.2828125 0.0515625 0.0375 0.06875
3 0.44296875 0.18359375 0.08359375 0.12109375
3 0.509375 0.234375 0.0640625 0.11328125
3 0.63125 0.3359375 0.07109375 0.128125
3 0.78828125 0.32109375 0.07890625 0.10859375
3 0.690625 0.59140625 0.1015625 0.18515625
3 0.78671875 0.1546875 0.109375 0.1359375
1 0.68359375 0.80390625 0.071875 0.234375
2 0.825 0.428125 0.0859375 0.13125
0 0.54140625 0.9125 0.10859375 0.175
2 0.4703125 0.33125 0.02109375 0.034375