3 0.765625 0.478125 0.065625 0.0765625
3 0.559375 0.86796875 0.09296875 0.1703125
3 0.578125 0.61328125 0.0734375 0.1359375
3 0.56171875 0.453125 0.0625 0.11640625
1 0.671875 0.56875 0.0859375 0.10625
1 0.615625 0.31484375 0.090625 0.1109375
1 0.14921875 0.26640625 0.1234375 0.11328125
0 0.60234375 0.95625 0.0609375 0.0875
0 0.62265625 0.73125 0.0734375 0.10390625
0 0.34921875 0.940625 0.115625 0.11875
0 0.43984375 0.90703125 0.090625 0.15546875
0 0.35234375 0.80859375 0.06796875 0.1109375
0 0.24765625 0.90625 0.090625 0.153125
0 0.1015625 0.93828125 0.10546875 0.1234375
0 0.85 0.478125 0.053125 0.09609375
0 0.79375 0.540625 0.059375 0.07890625
0 0.8203125 0.1171875 0.034375 0.09140625
0 0.7765625 0.12578125 0.05546875 0.0890625
0 0.68359375 0.08125 0.05546875 0.0984375
0 0.65 0.225 0.05546875 0.10859375
0 0.540625 0.1546875 0.0625 0.140625
0 0.53359375 0.28046875 0.0640625 0.1109375
0 0.4921875 0.38359375 0.065625 0.1109375
0 0.3859375 0.43828125 0.06640625 0.11640625
0 0.15703125 0.54453125 0.0890625 0.08671875
0 0.3234375 0.09609375 0.078125 0.11328125
0 0.225 0.11875 0.053125 0.07890625
0 0.121875 0.1703125 0.090625 0.1234375