0 0.1234375 0.5703125 0.09140625 0.13828125
0 0.215625 0.61640625 0.08203125 0.140625
0 0.09765625 0.7765625 0.084375 0.10625
0 0.365625 0.94296875 0.11953125 0.11328125
0 0.17421875 0.92578125 0.1375 0.1484375
2 0.14140625 0.3453125 0.071875 0.0984375
2 0.4890625 0.5171875 0.08046875 0.12109375
2 0.60234375 0.61484375 0.0625 0.11328125
2 0.69609375 0.80703125 0.05546875 0.11328125
1 0.7875 0.559375 0.125 0.15546875
1 0.75078125 0.67890625 0.084375 0.221875
3 0.56015625 0.7171875 0.0625 0.1015625