1 0.71796875 0.46015625 0.053125 0.05703125
0 0.25234375 0.2171875 0.0734375 0.0890625
0 0.4890625 0.259375 0.046875 0.0984375
0 0.5375 0.28984375 0.053125 0.071875
0 0.5640625 0.165625 0.04453125 0.0640625
0 0.4515625 0.41328125 0.053125 0.12109375
0 0.565625 0.58359375 0.0734375 0.140625
0 0.3953125 0.6953125 0.0765625 0.12578125
0 0.52265625 0.8296875 0.0515625 0.10859375
3 0.11171875 0.33359375 0.0734375 0.0640625
1 0.94140625 0.51015625 0.1109375 0.12109375
1 0.31171875 0.1640625 0.05390625 0.0515625