1 0.51796875 0.4421875 0.03359375 0.16328125
3 0.59765625 0.6421875 0.0625 0.07890625
3 0.4796875 0.79609375 0.115625 0.1453125
1 0.8328125 0.2484375 0.11796875 0.09609375
1 0.6640625 0.6765625 0.10859375 0.1578125
0 0.70546875 0.2421875 0.05546875 0.06875
0 0.70390625 0.38984375 0.06953125 0.08359375
0 0.64765625 0.3828125 0.0515625 0.06875
0 0.61328125 0.43984375 0.04609375 0.07890625
0 0.615625 0.521875 0.06640625 0.09609375
0 0.71875 0.5046875 0.0734375 0.1015625
0 0.6984375 0.621875 0.06953125 0.11328125
0 0.7078125 0.82578125 0.07890625 0.13125
0 0.525 0.9453125 0.071875 0.10859375
0 0.41171875 0.940625 0.090625 0.11875
0 0.559375 0.4109375 0.05 0.09140625
0 0.4609375 0.40859375 0.05546875 0.09140625
0 0.50078125 0.62578125 0.0625 0.10625
0 0.4109375 0.66015625 0.06953125 0.1109375
0 0.26953125 0.58125 0.0859375 0.13125
0 0.44453125 0.2875 0.0640625 0.10625
0 0.2640625 0.3484375 0.0609375 0.0890625