0 0.33359375 0.375 0.08359375 0.0890625
0 0.3453125 0.48515625 0.04296875 0.071875
0 0.5421875 0.28515625 0.065625 0.12109375
0 0.5109375 0.4546875 0.046875 0.0984375
0 0.096875 0.75703125 0.0515625 0.09140625
0 0.2 0.828125 0.08046875 0.1109375
0 0.32890625 0.7875 0.0609375 0.09375
0 0.41640625 0.821875 0.05859375 0.10390625
0 0.48046875 0.734375 0.08046875 0.1015625
0 0.5109375 0.8703125 0.0890625 0.1359375
0 0.65234375 0.8171875 0.0875 0.0890625
0 0.66953125 0.91875 0.1109375 0.14296875
3 0.67421875 0.61953125 0.09296875 0.17265625
3 0.91640625 0.73359375 0.1640625 0.20703125
3 0.41875 0.53671875 0.0625 0.10625
2 0.54921875 0.428125 0.04296875 0.12578125
2 0.603125 0.4015625 0.06640625 0.1359375
1 0.59921875 0.065625 0.0984375 0.1109375