0 0.14375 0.7453125 0.10390625 0.1578125
0 0.321875 0.71328125 0.084375 0.128125
0 0.52734375 0.8515625 0.084375 0.13828125
0 0.6828125 0.43125 0.07890625 0.12109375
0 0.70703125 0.19765625 0.05546875 0.0890625
0 0.2234375 0.428125 0.0640625 0.09140625
0 0.309375 0.53671875 0.084375 0.12109375
0 0.31875 0.3984375 0.084375 0.15078125
0 0.43671875 0.42109375 0.07109375 0.1359375
0 0.528125 0.46796875 0.05859375 0.13125
0 0.5 0.22734375 0.05 0.07421875
0 0.528125 0.32109375 0.09140625 0.10390625
0 0.57578125 0.265625 0.0484375 0.1015625
0 0.2046875 0.128125 0.065625 0.09375
0 0.38984375 0.040625 0.065625 0.0765625
0 0.48984375 0.09296875 0.05390625 0.09140625
0 0.5484375 0.09609375 0.053125 0.0984375
0 0.69609375 0.09140625 0.05859375 0.07421875
3 0.584375 0.5703125 0.06953125 0.08359375