2 0.8171875 0.86875 0.140625 0.23203125
0 0.0953125 0.1453125 0.06796875 0.13359375
0 0.2140625 0.265625 0.0609375 0.13125
0 0.27265625 0.3359375 0.065625 0.0984375
0 0.28984375 0.20390625 0.0625 0.12109375
0 0.3640625 0.140625 0.05 0.0984375
0 0.24140625 0.13671875 0.053125 0.09140625
0 0.20390625 0.09296875 0.071875 0.10625
0 0.3171875 0.03828125 0.04296875 0.0765625
0 0.415625 0.0296875 0.0734375 0.0546875
0 0.553125 0.353125 0.090625 0.153125
0 0.2765625 0.95546875 0.0890625 0.0890625
1 0.484375 0.58125 0.14296875 0.18515625
1 0.50390625 0.76328125 0.23046875 0.1828125
2 0.70234375 0.89375 0.0765625 0.1234375
2 0.7984375 0.48984375 0.09453125 0.1453125
2 0.31796875 0.4765625 0.09453125 0.13359375