0 0.28671875 0.06796875 0.05703125 0.09609375
0 0.33125 0.2421875 0.05703125 0.10859375
0 0.40859375 0.1890625 0.04453125 0.08671875
0 0.46015625 0.24296875 0.04609375 0.0765625
0 0.515625 0.20625 0.04140625 0.08671875
0 0.603125 0.18046875 0.04140625 0.0640625
0 0.59453125 0.30234375 0.046875 0.08125
0 0.4234375 0.04296875 0.04453125 0.0765625
0 0.346875 0.840625 0.090625 0.12109375
0 0.46015625 0.8046875 0.065625 0.10859375
0 0.5734375 0.83125 0.05546875 0.09140625
0 0.634375 0.95546875 0.08359375 0.0890625
0 0.946875 0.359375 0.04140625 0.0765625