3 0.840625 0.07890625 0.10703125 0.1578125
3 0.73046875 0.08515625 0.10546875 0.1359375
3 0.6640625 0.21484375 0.1109375 0.1875
3 0.596875 0.4109375 0.134375 0.26875
1 0.95625 0.2171875 0.0875 0.31640625
1 0.71015625 0.84296875 0.134375 0.27421875
1 0.559375 0.77265625 0.1765625 0.1828125
1 0.3328125 0.41640625 0.07109375 0.2546875
0 0.25 0.95625 0.10625 0.0875
0 0.39609375 0.909375 0.1171875 0.18125
0 0.534375 0.9296875 0.09140625 0.1359375
0 0.65390625 0.68984375 0.13046875 0.1703125
0 0.88125 0.60703125 0.12890625 0.20703125
0 0.703125 0.5046875 0.09609375 0.16015625
0 0.475 0.340625 0.10546875 0.1828125
0 0.490625 0.59765625 0.084375 0.1484375
0 0.29296875 0.6578125 0.153125 0.225
0 0.21875 0.48984375 0.115625 0.1703125
0 0.08046875 0.67421875 0.128125 0.221875