3 0.884375 0.625 0.09296875 0.10859375
0 0.13125 0.35703125 0.07109375 0.10625
0 0.51640625 0.18046875 0.046875 0.0640625
0 0.03359375 0.72578125 0.0640625 0.0890625
0 0.1296875 0.95546875 0.08203125 0.0890625
0 0.81953125 0.93828125 0.14140625 0.1234375
0 0.790625 0.6109375 0.07890625 0.11640625
0 0.94765625 0.29765625 0.05390625 0.08125
0 0.88046875 0.28046875 0.071875 0.0765625
0 0.91015625 0.38984375 0.07890625 0.08359375
0 0.775 0.38515625 0.0609375 0.0890625
0 0.6609375 0.43359375 0.053125 0.06171875
0 0.659375 0.5 0.0390625 0.06171875
0 0.57578125 0.48359375 0.0515625 0.0640625
0 0.56171875 0.621875 0.09296875 0.11875
0 0.42734375 0.7953125 0.084375 0.11328125
0 0.246875 0.7453125 0.08046875 0.0890625