2 0.11484375 0.61015625 0.05703125 0.10859375
3 0.6453125 0.6578125 0.084375 0.12578125
3 0.7546875 0.57890625 0.12109375 0.21484375
3 0.6609375 0.4359375 0.103125 0.16015625
0 0.9390625 0.05078125 0.11640625 0.09140625
0 0.64765625 0.07265625 0.084375 0.09609375
0 0.58359375 0.1453125 0.053125 0.0640625
0 0.78515625 0.91953125 0.1265625 0.16015625
0 0.640625 0.8828125 0.090625 0.18046875
0 0.56328125 0.77421875 0.0875 0.15078125
0 0.90859375 0.42734375 0.1359375 0.25703125
0 0.553125 0.27421875 0.071875 0.178125
0 0.20859375 0.85703125 0.078125 0.128125
0 0.221875 0.69609375 0.07890625 0.1234375
0 0.54921875 0.5421875 0.0765625 0.13125
0 0.4109375 0.55703125 0.071875 0.12578125
0 0.4265625 0.33984375 0.06953125 0.12578125
0 0.259375 0.33359375 0.05859375 0.10390625
0 0.3953125 0.06328125 0.065625 0.09140625