0 0.7984375 0.225 0.0859375 0.1484375
0 0.33671875 0.80625 0.084375 0.175
0 0.36640625 0.0953125 0.075 0.11640625
0 0.4984375 0.09296875 0.06953125 0.11640625
0 0.56328125 0.18671875 0.04296875 0.09140625
0 0.434375 0.33125 0.06953125 0.1234375
0 0.52109375 0.5296875 0.06640625 0.1453125
0 0.82578125 0.51015625 0.090625 0.1703125
0 0.890625 0.75703125 0.09296875 0.18515625
0 0.77890625 0.8421875 0.09453125 0.153125
0 0.621875 0.67890625 0.08359375 0.1484375
3 0.409375 0.49296875 0.06640625 0.10625
1 0.92578125 0.37421875 0.1484375 0.12109375
3 0.6046875 0.36015625 0.06796875 0.10390625
3 0.478125 0.928125 0.065625 0.11328125