0 0.41171875 0.69375 0.0625 0.10390625
0 0.5296875 0.8109375 0.07890625 0.1359375
0 0.49296875 0.571875 0.05546875 0.08671875
0 0.59375 0.65703125 0.059375 0.13359375
0 0.74140625 0.66640625 0.06640625 0.14296875
0 0.68125 0.49375 0.0625 0.10859375
0 0.6046875 0.34453125 0.07109375 0.140625
0 0.796875 0.41953125 0.06953125 0.128125
0 0.87890625 0.8546875 0.1109375 0.19765625
0 0.975 0.734375 0.05 0.1453125
0 0.52421875 0.0765625 0.0484375 0.07421875
0 0.6265625 0.1296875 0.046875 0.06171875
0 0.7578125 0.20390625 0.05390625 0.09140625
0 0.9328125 0.1890625 0.06796875 0.12578125
0 0.7046875 0.04453125 0.090625 0.0890625
0 0.80390625 0.12578125 0.05859375 0.0890625
3 0.95390625 0.3984375 0.046875 0.071875
3 0.6734375 0.7890625 0.1109375 0.165625