3 0.4875 0.3953125 0.0390625 0.0640625
3 0.09609375 0.53203125 0.09140625 0.12109375
3 0.14375 0.88125 0.109375 0.1484375
3 0.38125 0.91015625 0.10390625 0.165625
1 0.4484375 0.5171875 0.04140625 0.1703125
1 0.584375 0.73984375 0.090625 0.13125
1 0.76953125 0.30625 0.10546875 0.08359375
0 0.55 0.6015625 0.071875 0.1109375
0 0.54453125 0.50234375 0.046875 0.06640625
0 0.58515625 0.434375 0.0484375 0.08359375
0 0.6421875 0.28125 0.05703125 0.09375
0 0.64609375 0.4515625 0.0609375 0.09375
0 0.66015625 0.5703125 0.0765625 0.10859375
0 0.6359375 0.7015625 0.071875 0.13359375
0 0.646875 0.934375 0.08359375 0.13125
0 0.4890625 0.46875 0.05546875 0.0984375
0 0.42421875 0.721875 0.0625 0.1109375
0 0.32890625 0.76796875 0.075 0.13828125
0 0.159375 0.68046875 0.09140625 0.1453125
0 0.38359375 0.4640625 0.0640625 0.10859375
0 0.37421875 0.29296875 0.0484375 0.0515625
0 0.36015625 0.3515625 0.05703125 0.0765625
0 0.1546875 0.4125 0.06796875 0.128125