1 0.63046875 0.55546875 0.1 0.17265625
1 0.4921875 0.71875 0.10390625 0.10859375
0 0.49609375 0.97421875 0.06640625 0.0515625
0 0.4171875 0.89296875 0.06796875 0.1015625
0 0.51796875 0.825 0.09140625 0.153125
0 0.778125 0.9296875 0.1 0.1359375
0 0.6609375 0.859375 0.10546875 0.16328125
0 0.78203125 0.740625 0.096875 0.11875
0 0.840625 0.62109375 0.090625 0.12578125
0 0.734375 0.58125 0.084375 0.10625
0 0.72421875 0.359375 0.06796875 0.1015625
0 0.80625 0.32734375 0.059375 0.09609375
0 0.928125 0.2015625 0.0734375 0.140625
0 0.86953125 0.128125 0.0609375 0.10859375
0 0.759375 0.13359375 0.05859375 0.0984375
0 0.734375 0.04453125 0.059375 0.0890625
0 0.57421875 0.10625 0.0515625 0.08359375
0 0.596875 0.29609375 0.07109375 0.11328125
0 0.40078125 0.48515625 0.065625 0.1015625
0 0.06328125 0.51875 0.08203125 0.11328125
0 0.21953125 0.525 0.09140625 0.12109375