2 0.5546875 0.8515625 0.10703125 0.1875
3 0.69140625 0.63828125 0.078125 0.13125
1 0.55078125 0.08359375 0.0484375 0.10390625
1 0.6421875 0.06796875 0.05703125 0.1109375
1 0.69296875 0.13828125 0.0640625 0.10859375
1 0.596875 0.1546875 0.0515625 0.08671875
1 0.41171875 0.14921875 0.065625 0.08671875
1 0.48359375 0.21875 0.053125 0.08125
1 0.51328125 0.3234375 0.0625 0.09375
1 0.32265625 0.41953125 0.07890625 0.09375
1 0.45078125 0.53671875 0.0625 0.12109375
1 0.5203125 0.68125 0.084375 0.128125
1 0.3078125 0.66875 0.0765625 0.0984375
1 0.365625 0.575 0.0625 0.11328125
1 0.1890625 0.5953125 0.0890625 0.11328125
1 0.7359375 0.34296875 0.16953125 0.1578125