2 0.3890625 0.9046875 0.11953125 0.18515625
0 0.2453125 0.05546875 0.09296875 0.1109375
0 0.5453125 0.0484375 0.1015625 0.09609375
0 0.71328125 0.0546875 0.0875 0.10390625
0 0.91484375 0.10625 0.1015625 0.14296875
0 0.68359375 0.246875 0.125 0.19765625
0 0.834375 0.271875 0.121875 0.1828125
0 0.94140625 0.49765625 0.11640625 0.18515625
0 0.6234375 0.621875 0.071875 0.13828125
0 0.375 0.5546875 0.10859375 0.16015625
0 0.74453125 0.9578125 0.06640625 0.08359375
0 0.24765625 0.60859375 0.08203125 0.1109375
0 0.1453125 0.63125 0.090625 0.140625
0 0.8390625 0.61484375 0.071875 0.11328125
0 0.0328125 0.61484375 0.0625 0.13828125