0 0.20234375 0.69296875 0.04296875 0.0765625
0 0.0765625 0.86171875 0.0609375 0.11328125
0 0.0484375 0.71484375 0.0609375 0.1015625
0 0.484375 0.3875 0.040625 0.07421875
0 0.86328125 0.8015625 0.11796875 0.18046875
0 0.421875 0.54296875 0.03359375 0.059375
0 0.4546875 0.5828125 0.034375 0.08359375
0 0.471875 0.81328125 0.05546875 0.10625
0 0.53515625 0.8 0.0734375 0.11875
0 0.628125 0.878125 0.08203125 0.15078125
0 0.478125 0.9421875 0.06640625 0.1109375
0 0.546875 0.9296875 0.08359375 0.12578125
1 0.5734375 0.32578125 0.071875 0.10390625
1 0.70625 0.3 0.1484375 0.11640625
1 0.5375 0.62578125 0.0609375 0.18515625
1 0.73203125 0.0484375 0.053125 0.09140625