3 0.8546875 0.359375 0.05703125 0.08671875
3 0.60859375 0.60234375 0.08359375 0.11328125
0 0.1734375 0.29765625 0.04140625 0.08125
0 0.259375 0.378125 0.0515625 0.09375
0 0.225 0.28984375 0.05546875 0.09140625
0 0.253125 0.06640625 0.06953125 0.1234375
0 0.98125 0.23671875 0.0375 0.07890625
0 0.971875 0.1515625 0.05546875 0.08125
0 0.93984375 0.06171875 0.07109375 0.08359375
0 0.87265625 0.16015625 0.059375 0.0890625
0 0.8015625 0.18359375 0.0609375 0.09140625
0 0.71015625 0.11640625 0.04609375 0.0640625
0 0.68359375 0.23359375 0.04140625 0.06171875
0 0.6296875 0.21015625 0.0515625 0.08359375
0 0.58125 0.2046875 0.0484375 0.08359375
0 0.61796875 0.32578125 0.0640625 0.09375
0 0.503125 0.365625 0.0515625 0.10390625
0 0.4078125 0.45546875 0.0515625 0.0765625
0 0.3203125 0.57890625 0.05390625 0.08125
0 0.396875 0.58515625 0.046875 0.0890625
0 0.70859375 0.771875 0.09140625 0.1453125
0 0.52734375 0.66171875 0.07109375 0.1234375
0 0.2984375 0.828125 0.096875 0.15078125