0 0.20390625 0.8421875 0.08359375 0.13359375
0 0.33359375 0.3015625 0.071875 0.1234375
0 0.11484375 0.4171875 0.07109375 0.10390625
0 0.04765625 0.4 0.0625 0.10390625
0 0.1140625 0.32578125 0.06953125 0.07890625
0 0.07734375 0.11328125 0.0625 0.08359375
0 0.17421875 0.2515625 0.05703125 0.08359375
0 0.18984375 0.1296875 0.05703125 0.08671875
2 0.5375 0.46875 0.0859375 0.128125
1 0.33984375 0.5578125 0.1125 0.178125
3 0.67265625 0.43203125 0.10390625 0.1484375
1 0.68671875 0.71015625 0.065625 0.2890625