0 0.08046875 0.39375 0.11953125 0.175
0 0.2171875 0.334375 0.07890625 0.1109375
0 0.30625 0.39140625 0.0984375 0.1359375
0 0.428125 0.43984375 0.0890625 0.14296875
0 0.5625 0.4875 0.0859375 0.1453125
0 0.403125 0.58984375 0.065625 0.0984375
0 0.175 0.521875 0.10546875 0.165625
0 0.021875 0.54375 0.04375 0.165625
3 0.303125 0.21640625 0.07109375 0.10625
3 0.38203125 0.31640625 0.10859375 0.13828125
3 0.278125 0.5546875 0.09296875 0.1453125
3 0.4234375 0.82734375 0.1609375 0.25703125
3 0.5453125 0.6515625 0.1234375 0.19765625
3 0.2421875 0.94140625 0.134375 0.1171875
1 0.665625 0.10625 0.0984375 0.1578125
1 0.496875 0.2984375 0.1125 0.0984375
1 0.6859375 0.659375 0.14140625 0.17265625
1 0.76328125 0.93671875 0.109375 0.12578125
3 0.646875 0.41015625 0.1125 0.1484375
1 0.453125 0.05546875 0.08359375 0.09140625