0 0.39140625 0.21640625 0.05859375 0.08671875
0 0.36484375 0.4875 0.065625 0.10625
0 0.371875 0.63125 0.05859375 0.1109375
0 0.47109375 0.3640625 0.06640625 0.1015625
0 0.4859375 0.4875 0.08359375 0.12578125
0 0.47734375 0.6359375 0.0734375 0.12109375
0 0.63359375 0.22578125 0.0640625 0.1109375
0 0.88828125 0.2421875 0.0734375 0.13359375
0 0.81171875 0.36171875 0.0765625 0.11640625
0 0.9609375 0.31640625 0.078125 0.14296875
0 0.94453125 0.53671875 0.10859375 0.16015625
0 0.7984375 0.56328125 0.103125 0.16328125
0 0.78828125 0.9453125 0.1015625 0.10859375
0 0.528125 0.94453125 0.05703125 0.09140625
3 0.3640625 0.85078125 0.09140625 0.13125
3 0.5359375 0.81328125 0.05 0.09140625
3 0.73359375 0.6703125 0.078125 0.1453125
3 0.88515625 0.79609375 0.0765625 0.140625
3 0.73359375 0.453125 0.06640625 0.10625
1 0.4046875 0.7109375 0.09609375 0.06875
0 0.19765625 0.53984375 0.09609375 0.11640625
3 0.38046875 0.3484375 0.05546875 0.09375
1 0.6234375 0.35078125 0.0640625 0.07890625