3 0.75078125 0.5421875 0.040625 0.08125
3 0.70390625 0.52109375 0.046875 0.0546875
1 0.63125 0.85078125 0.07109375 0.09140625
3 0.70703125 0.9109375 0.075 0.16328125
3 0.6078125 0.459375 0.06796875 0.11875
1 0.453125 0.39140625 0.06796875 0.09140625
3 0.390625 0.38125 0.046875 0.08671875
3 0.29375 0.425 0.0765625 0.09375
0 0.615625 0.2125 0.06953125 0.128125
0 0.709375 0.43984375 0.05859375 0.0890625
0 0.6671875 0.334375 0.05703125 0.09140625
0 0.58125 0.33671875 0.059375 0.09140625
0 0.51796875 0.36171875 0.046875 0.1015625
0 0.50078125 0.271875 0.059375 0.09375
0 0.21640625 0.0875 0.06640625 0.10625