0 0.05546875 0.6234375 0.0890625 0.1109375
0 0.21875 0.8875 0.084375 0.16015625
0 0.39765625 0.9171875 0.090625 0.15546875
0 0.6 0.89296875 0.08046875 0.140625
0 0.8234375 0.67890625 0.09140625 0.1578125
0 0.69609375 0.475 0.075 0.12109375
0 0.5609375 0.35703125 0.071875 0.1015625
0 0.35078125 0.36796875 0.07109375 0.11328125
0 0.334375 0.5578125 0.08359375 0.14296875
0 0.43671875 0.49375 0.07890625 0.13359375
0 0.465625 0.640625 0.0875 0.140625
0 0.559375 0.1515625 0.06953125 0.09140625
0 0.52578125 0.4984375 0.04296875 0.08359375
0 0.575 0.60234375 0.078125 0.1578125
0 0.6359375 0.1015625 0.053125 0.09375
2 0.54921875 0.23984375 0.02890625 0.04921875