3 0.19609375 0.425 0.046875 0.07890625
0 0.4203125 0.2890625 0.05703125 0.0984375
0 0.44609375 0.44453125 0.06953125 0.128125
0 0.528125 0.53828125 0.0609375 0.07890625
0 0.45 0.71640625 0.09140625 0.13828125
0 0.57578125 0.79296875 0.1015625 0.19765625
0 0.634375 0.6578125 0.06953125 0.1453125
0 0.63984375 0.959375 0.07890625 0.08125
0 0.45625 0.90703125 0.09296875 0.165625
3 0.77578125 0.578125 0.10390625 0.13359375
3 0.671875 0.5515625 0.05859375 0.08125
1 0.3421875 0.79765625 0.06796875 0.28125
1 0.57734375 0.2015625 0.07890625 0.0765625