0 0.03671875 0.36875 0.05390625 0.08125
0 0.22734375 0.31328125 0.040625 0.08359375
0 0.38125 0.5015625 0.0625 0.10859375
0 0.55234375 0.5546875 0.065625 0.1015625
0 0.1515625 0.26171875 0.04453125 0.0546875
0 0.47734375 0.19375 0.059375 0.09609375
0 0.56484375 0.2765625 0.0515625 0.1234375
0 0.590625 0.175 0.04609375 0.07890625
0 0.63125 0.146875 0.04296875 0.08671875
0 0.6109375 0.3515625 0.05 0.08125
0 0.67265625 0.346875 0.0515625 0.071875
0 0.290625 0.36796875 0.04609375 0.059375
0 0.2921875 0.925 0.084375 0.1453125
0 0.21796875 0.8359375 0.06953125 0.1359375
0 0.31328125 0.7125 0.06796875 0.1359375
3 0.56875 0.671875 0.059375 0.09375
3 0.54765625 0.86171875 0.06796875 0.11328125
3 0.3921875 0.91640625 0.07890625 0.1578125