0 0.19609375 0.040625 0.1109375 0.08125
0 0.071875 0.065625 0.12890625 0.12109375
0 0.125 0.9 0.0859375 0.15546875
0 0.19453125 0.94453125 0.078125 0.09140625
0 0.30234375 0.94921875 0.08203125 0.1015625
0 0.396875 0.91328125 0.08359375 0.16796875
0 0.5015625 0.778125 0.0890625 0.16796875
0 0.3890625 0.69140625 0.08359375 0.14296875
0 0.715625 0.56015625 0.09140625 0.13359375
0 0.40234375 0.1875 0.134375 0.178125
0 0.203125 0.20703125 0.115625 0.153125
0 0.11484375 0.4109375 0.0765625 0.11640625
0 0.125 0.28515625 0.078125 0.1015625
0 0.06953125 0.2125 0.071875 0.1234375
0 0.18828125 0.371875 0.0734375 0.10625
0 0.259375 0.334375 0.0859375 0.1015625
0 0.340625 0.33359375 0.0984375 0.128125
0 0.278125 0.48671875 0.0625 0.11328125
0 0.4609375 0.3578125 0.1 0.1234375
0 0.603125 0.28125 0.14609375 0.19296875
0 0.725 0.053125 0.08046875 0.10625
3 0.615625 0.11640625 0.20859375 0.23203125
3 0.14453125 0.625 0.075 0.128125
3 0.04375 0.83671875 0.06796875 0.19765625
3 0.6328125 0.64921875 0.084375 0.1578125
3 0.68046875 0.88359375 0.125 0.221875
3 0.540625 0.9125 0.084375 0.16015625
3 0.290625 0.61640625 0.05546875 0.1015625
1 0.49140625 0.4828125 0.11640625 0.10625
1 0.5671875 0.4875 0.0765625 0.21484375
1 0.21796875 0.8453125 0.053125 0.1453125