0 0.05234375 0.06640625 0.1046875 0.1328125
0 0.59296875 0.1953125 0.1109375 0.20234375
0 0.7078125 0.31484375 0.090625 0.18984375
0 0.80390625 0.3171875 0.0890625 0.15078125
0 0.28203125 0.7109375 0.10546875 0.20234375
0 0.3296875 0.93671875 0.10703125 0.12578125
0 0.4734375 0.9328125 0.103125 0.134375
3 0.10078125 0.35546875 0.1734375 0.20234375
3 0.465625 0.56640625 0.1515625 0.2546875
3 0.55390625 0.78671875 0.08359375 0.15546875
3 0.7265625 0.59296875 0.05546875 0.09375
1 0.6828125 0.54296875 0.05703125 0.2515625
3 0.88515625 0.18984375 0.059375 0.11328125
3 0.1125 0.5890625 0.121875 0.18984375
3 0.87890625 0.3546875 0.05 0.10625