0 0.04765625 0.52109375 0.07109375 0.08359375
0 0.14609375 0.50859375 0.0859375 0.09375
0 0.24375 0.46171875 0.065625 0.0890625
0 0.17421875 0.26328125 0.05703125 0.09609375
0 0.1515625 0.38984375 0.071875 0.10390625
0 0.35546875 0.56328125 0.078125 0.1578125
0 0.42421875 0.4765625 0.0765625 0.1234375
0 0.5203125 0.478125 0.065625 0.11640625
0 0.471875 0.58515625 0.09609375 0.16328125
0 0.55 0.66640625 0.09140625 0.16796875
0 0.43125 0.83359375 0.10390625 0.18515625
0 0.21484375 0.628125 0.115625 0.12109375
0 0.1078125 0.7015625 0.09296875 0.14296875
0 0.15703125 0.89140625 0.1 0.1828125
0 0.28125 0.953125 0.1015625 0.09375
0 0.65625 0.83359375 0.090625 0.12578125
3 0.321875 0.240625 0.05546875 0.1109375
3 0.240625 0.32578125 0.06953125 0.13828125
3 0.296875 0.71953125 0.09609375 0.15546875
1 0.546875 0.821875 0.109375 0.14296875
2 0.8171875 0.30234375 0.06796875 0.1015625