1 0.7828125 0.92734375 0.07890625 0.140625
3 0.80078125 0.76328125 0.09296875 0.17265625
0 0.825 0.2296875 0.0890625 0.1578125
0 0.5015625 0.9703125 0.06640625 0.059375
0 0.57890625 0.934375 0.0859375 0.13125
0 0.67109375 0.8875 0.0890625 0.13125
0 0.671875 0.7015625 0.09296875 0.16796875
0 0.71875 0.5 0.0765625 0.1453125
0 0.609375 0.59375 0.07109375 0.140625
0 0.4359375 0.04453125 0.05546875 0.08359375
0 0.47734375 0.6953125 0.065625 0.1109375
0 0.14765625 0.71015625 0.084375 0.16015625
0 0.1515625 0.43984375 0.071875 0.0890625