0 0.66796875 0.653125 0.1109375 0.2046875
0 0.503125 0.2 0.06796875 0.11875
0 0.25703125 0.3484375 0.0859375 0.11328125
0 0.45390625 0.5234375 0.075 0.0984375
0 0.371875 0.6125 0.08359375 0.14296875
0 0.48671875 0.78515625 0.08203125 0.16328125
0 0.3859375 0.90625 0.09453125 0.16796875
0 0.24453125 0.9484375 0.075 0.0984375
0 0.77734375 0.83125 0.10703125 0.175
0 0.846875 0.534375 0.1015625 0.15546875
3 0.4 0.10390625 0.0640625 0.153125
3 0.71171875 0.36171875 0.09296875 0.2
3 0.6953125 0.075 0.06796875 0.1359375
3 0.878125 0.1984375 0.153125 0.18515625
3 0.903125 0.08359375 0.1234375 0.13359375
3 0.80625 0.0546875 0.1265625 0.10859375
3 0.7375 0.50625 0.09140625 0.10859375
3 0.78984375 0.40859375 0.09296875 0.12578125
1 0.40703125 0.4125 0.04453125 0.178125
3 0.565625 0.8171875 0.06640625 0.1484375
3 0.54375 0.675 0.059375 0.10625