3 0.76484375 0.0640625 0.08203125 0.128125
0 0.12734375 0.140625 0.1484375 0.20234375
0 0.76875 0.446875 0.159375 0.33125
0 0.0265625 0.16171875 0.053125 0.1703125
0 0.140625 0.3984375 0.13359375 0.175
0 0.03359375 0.30859375 0.05546875 0.0890625
0 0.31171875 0.578125 0.1875 0.221875
0 0.32265625 0.90859375 0.09296875 0.14296875
0 0.55546875 0.8015625 0.20859375 0.175
3 0.5625 0.59296875 0.30546875 0.44921875
3 0.11953125 0.678125 0.075 0.1359375
3 0.24296875 0.765625 0.053125 0.11328125
1 0.14921875 0.92578125 0.05390625 0.1484375
0 0.0578125 0.946875 0.084375 0.10625
0 0.71796875 0.94453125 0.09140625 0.1109375