1 0.25625 0.39140625 0.0515625 0.10625
3 0.35078125 0.3484375 0.07890625 0.10859375
3 0.29296875 0.84921875 0.171875 0.2421875
3 0.7265625 0.8921875 0.096875 0.215625
0 0.121875 0.88515625 0.2 0.2296875
0 0.090625 0.6546875 0.13046875 0.1578125
0 0.33671875 0.64453125 0.115625 0.16796875
0 0.5734375 0.48359375 0.0640625 0.10390625
0 0.48671875 0.48984375 0.07890625 0.12109375
0 0.378125 0.48125 0.08203125 0.14296875
0 0.1390625 0.3765625 0.078125 0.09609375
0 0.0296875 0.40703125 0.05390625 0.14296875