2 0.63671875 0.18125 0.0625 0.12578125
0 0.0484375 0.76015625 0.0859375 0.153125
0 0.025 0.05703125 0.046875 0.11328125
0 0.1625 0.06640625 0.0890625 0.11328125
0 0.29609375 0.0875 0.05859375 0.1015625
0 0.3625 0.14921875 0.05 0.1015625
0 0.39453125 0.28515625 0.06953125 0.11640625
0 0.428125 0.44296875 0.0734375 0.15546875
0 0.50859375 0.4703125 0.05859375 0.08671875
3 0.83515625 0.9125 0.065625 0.12578125
1 0.05625 0.48046875 0.084375 0.21953125
1 0.28515625 0.46875 0.084375 0.16796875
2 0.51171875 0.39375 0.03203125 0.06640625
2 0.3453125 0.0484375 0.0265625 0.06171875