0 0.440625 0.5046875 0.0609375 0.10625
0 0.471875 0.7421875 0.090625 0.1453125
0 0.5765625 0.90625 0.071875 0.11328125
3 0.17578125 0.625 0.06796875 0.0890625
3 0.13515625 0.9046875 0.06796875 0.09140625
3 0.4859375 0.41484375 0.05859375 0.0890625
3 0.56015625 0.39375 0.05703125 0.09140625
3 0.68828125 0.4640625 0.0625 0.08359375
3 0.5015625 0.871875 0.05546875 0.11328125
3 0.353125 0.89296875 0.0515625 0.08125
2 0.93515625 0.840625 0.0875 0.12109375
1 0.6234375 0.428125 0.08359375 0.06640625
1 0.39296875 0.440625 0.05546875 0.06640625