2 0.046875 0.21328125 0.02890625 0.021875
2 0.071875 0.21953125 0.028125 0.01953125
1 0.915625 0.46640625 0.05 0.246875
3 0.44765625 0.19375 0.090625 0.1359375
3 0.41640625 0.0421875 0.08046875 0.08359375
3 0.33828125 0.125 0.0734375 0.15546875
3 0.87421875 0.79296875 0.07890625 0.1875
3 0.70703125 0.62578125 0.10859375 0.2
3 0.3203125 0.734375 0.1234375 0.33359375
3 0.23984375 0.54921875 0.0765625 0.175
3 0.1484375 0.62734375 0.14140625 0.246875
0 0.6703125 0.94765625 0.128125 0.1046875
0 0.57890625 0.621875 0.0859375 0.14296875
0 0.446875 0.58359375 0.08046875 0.140625
0 0.37578125 0.43671875 0.11796875 0.19296875
0 0.2171875 0.2578125 0.1015625 0.24921875
0 0.08203125 0.11640625 0.121875 0.16328125
0 0.05390625 0.44375 0.1078125 0.30625
1 0.8828125 0.26875 0.0515625 0.1875
1 0.56484375 0.71484375 0.10390625 0.1359375