1 0.46796875 0.728125 0.11953125 0.128125
1 0.2984375 0.2640625 0.046875 0.1484375
3 0.95625 0.70703125 0.0875 0.21015625
3 0.421875 0.921875 0.10546875 0.15546875
3 0.65859375 0.81328125 0.06640625 0.12578125
3 0.4484375 0.19140625 0.06953125 0.1453125
3 0.359375 0.66640625 0.0640625 0.10859375
0 0.56796875 0.57890625 0.08359375 0.1359375
0 0.5796875 0.4015625 0.09296875 0.140625
0 0.575 0.2171875 0.1109375 0.178125
0 0.4375 0.59609375 0.075 0.1453125
0 0.43828125 0.3765625 0.08203125 0.1453125
0 0.4546875 0.03359375 0.0765625 0.06171875
0 0.228125 0.50234375 0.0859375 0.11640625
0 0.02421875 0.5953125 0.04609375 0.0984375