1 0.434375 0.02734375 0.1015625 0.0546875
1 0.603125 0.3453125 0.12109375 0.16796875
1 0.68046875 0.5234375 0.1609375 0.13359375
3 0.55625 0.8046875 0.0625 0.1484375
3 0.784375 0.89609375 0.165625 0.20703125
3 0.628125 0.68125 0.10703125 0.17265625
3 0.58203125 0.13125 0.09140625 0.153125
3 0.471875 0.31953125 0.11796875 0.175
3 0.35703125 0.45546875 0.14140625 0.259375
3 0.17734375 0.57265625 0.134375 0.22734375
0 0.33515625 0.259375 0.07109375 0.10390625
0 0.4953125 0.165625 0.084375 0.1578125
0 0.35703125 0.1125 0.09453125 0.15078125
0 0.23359375 0.07421875 0.1109375 0.1484375
0 0.090625 0.1515625 0.11796875 0.165625