0 0.16953125 0.3578125 0.1109375 0.16796875
0 0.28125 0.78671875 0.1515625 0.234375
0 0.19140625 0.034375 0.08046875 0.06875
0 0.35625 0.1296875 0.0765625 0.11640625
0 0.4984375 0.0953125 0.08359375 0.12578125
0 0.64765625 0.06796875 0.0734375 0.13125
0 0.73125 0.1578125 0.06796875 0.1234375
0 0.7625 0.3515625 0.1109375 0.21015625
0 0.809375 0.58515625 0.10703125 0.1828125
0 0.93984375 0.64453125 0.10390625 0.153125
3 0.2984375 0.29375 0.11953125 0.19765625
3 0.41484375 0.8125 0.0984375 0.178125
1 0.39375 0.60859375 0.0765625 0.18984375
3 0.82265625 0.77265625 0.0734375 0.153125