1 0.7765625 0.06171875 0.1390625 0.11875
2 0.190625 0.59609375 0.04609375 0.1109375
1 0.53671875 0.63359375 0.10390625 0.15078125
1 0.56328125 0.50859375 0.08203125 0.09375
1 0.40546875 0.2125 0.0359375 0.19765625
1 0.4734375 0.4046875 0.075 0.153125
3 0.68984375 0.3359375 0.05703125 0.0984375
3 0.60859375 0.2015625 0.08359375 0.16015625
3 0.3640625 0.8234375 0.075 0.15078125
0 0.521875 0.0703125 0.078125 0.140625
0 0.415625 0.0484375 0.08203125 0.09140625
0 0.31328125 0.33359375 0.0875 0.11328125