0 0.109375 0.20234375 0.0625 0.11328125
0 0.4046875 0.21953125 0.065625 0.0984375
0 0.57578125 0.034375 0.05703125 0.0640625
0 0.18515625 0.4015625 0.06796875 0.1015625
3 0.4546875 0.4703125 0.059375 0.08671875
1 0.58515625 0.4703125 0.0484375 0.15546875
1 0.546875 0.23984375 0.046875 0.0984375
1 0.58828125 0.3109375 0.0875 0.07890625
1 0.86796875 0.6125 0.196875 0.11328125
1 0.6953125 0.71015625 0.115625 0.29375
1 0.50390625 0.70390625 0.071875 0.3015625
0 0.190625 0.69765625 0.08359375 0.1453125