0 0.159375 0.07890625 0.06953125 0.07421875
0 0.18359375 0.128125 0.06953125 0.11875
0 0.1828125 0.31953125 0.109375 0.18046875
0 0.209375 0.63984375 0.17890625 0.2515625
0 0.453125 0.56171875 0.071875 0.12578125
0 0.30625 0.8921875 0.084375 0.215625
3 0.434375 0.29375 0.08046875 0.1234375
3 0.3296875 0.3640625 0.07109375 0.1015625
3 0.34140625 0.5171875 0.10859375 0.1703125
3 0.246875 0.05078125 0.0609375 0.071875
3 0.409375 0.72578125 0.10703125 0.1875
3 0.44453125 0.44296875 0.096875 0.09609375
1 0.67578125 0.70703125 0.059375 0.2890625
1 0.55 0.6828125 0.05546875 0.234375
1 0.634375 0.46328125 0.0859375 0.10625
2 0.3390625 0.6578125 0.03359375 0.0421875
2 0.584375 0.69609375 0.025 0.0546875