0 0.52578125 0.73203125 0.084375 0.15546875
0 0.21171875 0.05546875 0.04296875 0.0765625
0 0.37578125 0.33671875 0.059375 0.12109375
0 0.23984375 0.7125 0.08203125 0.1453125
0 0.32421875 0.63125 0.06796875 0.10625
0 0.3625 0.8875 0.0890625 0.140625
0 0.25 0.96171875 0.09453125 0.0765625
0 0.63359375 0.8890625 0.09453125 0.1828125
0 0.675 0.61015625 0.08046875 0.13359375
0 0.8265625 0.48984375 0.103125 0.15546875
0 0.9640625 0.55390625 0.071875 0.1953125
0 0.94375 0.82109375 0.1125 0.2046875
0 0.67890625 0.08359375 0.09140625 0.13359375
0 0.8828125 0.08984375 0.12890625 0.16015625
3 0.6140625 0.18671875 0.09453125 0.1359375
3 0.7 0.21640625 0.09140625 0.13125
3 0.68515625 0.31875 0.1015625 0.1234375
3 0.55859375 0.46171875 0.071875 0.1484375
3 0.628125 0.4984375 0.08203125 0.10390625
3 0.4359375 0.921875 0.06640625 0.1453125
3 0.2765625 0.259375 0.05546875 0.13828125
3 0.54140625 0.2171875 0.05546875 0.10859375
3 0.95546875 0.178125 0.0890625 0.11328125
3 0.275 0.3984375 0.05 0.08671875
0 0.11171875 0.48984375 0.084375 0.140625