0 0.49921875 0.03984375 0.06796875 0.07421875
0 0.90234375 0.1109375 0.11796875 0.17265625
0 0.9734375 0.2296875 0.053125 0.178125
0 0.615625 0.40234375 0.07109375 0.16328125
0 0.7484375 0.68046875 0.09140625 0.15546875
0 0.51171875 0.66171875 0.0734375 0.14296875
0 0.6171875 0.7578125 0.1125 0.153125
0 0.6296875 0.60390625 0.090625 0.1453125
3 0.7546875 0.3953125 0.1265625 0.19765625
3 0.8296875 0.59140625 0.084375 0.1359375
3 0.515625 0.2703125 0.06953125 0.09609375
3 0.5140625 0.165625 0.10546875 0.0984375
3 0.7953125 0.7875 0.10703125 0.153125
1 0.36171875 0.5578125 0.14609375 0.19765625
1 0.40703125 0.3890625 0.06640625 0.140625