2 0.67109375 0.2296875 0.025 0.034375
3 0.20859375 0.940625 0.14453125 0.11875
3 0.90078125 0.2046875 0.090625 0.1578125
1 0.7 0.66796875 0.16953125 0.2
1 0.578125 0.38125 0.1515625 0.1109375
1 0.57265625 0.17421875 0.10703125 0.09140625
3 0.04765625 0.19140625 0.09296875 0.24453125
3 0.459375 0.0546875 0.10546875 0.10390625
3 0.52421875 0.73984375 0.1234375 0.21015625
3 0.40859375 0.54453125 0.1 0.1703125
3 0.3046875 0.59296875 0.090625 0.178125
0 0.06328125 0.88984375 0.1265625 0.21953125
0 0.34375 0.35078125 0.084375 0.153125