0 0.9578125 0.05546875 0.084375 0.1015625
2 0.83515625 0.0984375 0.0515625 0.08359375
3 0.70546875 0.06875 0.0953125 0.1375
0 0.24921875 0.29375 0.05703125 0.10859375
0 0.028125 0.5359375 0.05546875 0.13828125
0 0.371875 0.4953125 0.06796875 0.165625
0 0.6109375 0.765625 0.103125 0.16328125
0 0.7015625 0.54921875 0.096875 0.1703125
0 0.8 0.71015625 0.11953125 0.18984375
0 0.5859375 0.96171875 0.11640625 0.0765625
0 0.3875 0.20234375 0.08046875 0.1484375
3 0.653125 0.253125 0.09453125 0.1953125
3 0.53671875 0.340625 0.0625 0.11875
0 0.1671875 0.69765625 0.15390625 0.175