0 0.07265625 0.89140625 0.1015625 0.19296875
0 0.4609375 0.89140625 0.121875 0.2125
0 0.80078125 0.79609375 0.134375 0.18984375
0 0.74453125 0.58046875 0.08046875 0.16328125
0 0.9375 0.4515625 0.125 0.178125
0 0.83984375 0.19296875 0.109375 0.17265625
0 0.60546875 0.34453125 0.10546875 0.15546875
0 0.41171875 0.5765625 0.115625 0.15078125
3 0.55625 0.8484375 0.0765625 0.21015625
1 0.159375 0.87890625 0.059375 0.23203125
3 0.19375 0.625 0.09609375 0.17265625
2 0.434375 0.1984375 0.046875 0.08671875
0 0.0921875 0.38984375 0.065625 0.0984375