1 0.759375 0.3640625 0.12109375 0.08671875
0 0.12421875 0.346875 0.07109375 0.11640625
0 0.196875 0.4296875 0.07109375 0.10390625
0 0.25859375 0.40859375 0.05546875 0.1109375
0 0.18046875 0.31640625 0.05859375 0.0890625
0 0.33671875 0.575 0.09296875 0.11875
0 0.6859375 0.88671875 0.1 0.16328125
0 0.378125 0.95078125 0.09140625 0.0984375
3 0.4546875 0.625 0.10703125 0.16796875
3 0.58828125 0.61640625 0.1125 0.2
3 0.71015625 0.71015625 0.10703125 0.16015625
1 0.240625 0.90234375 0.14140625 0.1953125
3 0.84453125 0.909375 0.1328125 0.18125