0 0.15546875 0.30859375 0.0609375 0.10390625
0 0.40703125 0.228125 0.08046875 0.140625
0 0.4109375 0.0453125 0.06875 0.090625
0 0.48515625 0.4359375 0.06796875 0.15546875
0 0.30546875 0.66015625 0.1140625 0.21015625
0 0.3796875 0.82109375 0.1015625 0.16015625
0 0.39921875 0.64921875 0.07109375 0.0984375
3 0.7515625 0.18515625 0.1109375 0.17265625
3 0.64453125 0.43828125 0.078125 0.12109375
3 0.65 0.61484375 0.09453125 0.153125
3 0.5796875 0.7546875 0.10703125 0.15078125
1 0.55703125 0.52578125 0.0609375 0.1875
1 0.76171875 0.578125 0.07890625 0.2421875