0 0.2484375 0.928125 0.1109375 0.14296875
0 0.034375 0.53671875 0.065625 0.2046875
0 0.1421875 0.0703125 0.07890625 0.11640625
0 0.18671875 0.41640625 0.0984375 0.165625
0 0.3171875 0.48125 0.090625 0.14296875
0 0.48125 0.38046875 0.0875 0.13359375
0 0.37734375 0.73359375 0.12109375 0.20234375
0 0.678125 0.70390625 0.10390625 0.178125
3 0.25859375 0.178125 0.1140625 0.1484375
3 0.4015625 0.17890625 0.11640625 0.18515625
3 0.5078125 0.240625 0.0765625 0.12109375
3 0.5953125 0.48046875 0.140625 0.2046875
3 0.765625 0.53203125 0.10859375 0.1703125
3 0.5234375 0.66171875 0.121875 0.10859375
3 0.1515625 0.665625 0.1359375 0.165625
3 0.2578125 0.60234375 0.10703125 0.1578125
3 0.0359375 0.746875 0.06640625 0.15078125
2 0.909375 0.79375 0.0625 0.1109375
1 0.815625 0.63203125 0.096875 0.19765625