3 0.20390625 0.5875 0.0671875 0.10859375
3 0.2546875 0.5125 0.05234375 0.04140625
3 0.34140625 0.5140625 0.04921875 0.07890625
3 0.49453125 0.421875 0.0578125 0.09453125
0 0.371875 0.521875 0.07890625 0.07421875
0 0.56796875 0.38671875 0.0796875 0.11953125
0 0.653125 0.36953125 0.0890625 0.12578125
0 0.68125 0.4609375 0.05 0.0984375
0 0.74375 0.33125 0.06328125 0.084375
0 0.93984375 0.6984375 0.1203125 0.25546875
0 0.5453125 0.8875 0.1265625 0.22421875
0 0.3734375 0.69609375 0.0890625 0.17578125