0 0.3703125 0.8765625 0.07109375 0.14296875
0 0.17890625 0.92578125 0.11640625 0.1484375
0 0.153125 0.46015625 0.0609375 0.08671875
0 0.23671875 0.42109375 0.04296875 0.06640625
0 0.34453125 0.3875 0.03359375 0.0546875
0 0.35 0.44453125 0.03359375 0.04921875
0 0.36640625 0.5015625 0.028125 0.0546875
0 0.371875 0.634375 0.0359375 0.07421875
0 0.1390625 0.2640625 0.04453125 0.0546875
0 0.10625 0.29296875 0.04296875 0.08125
3 0.44765625 0.6359375 0.0484375 0.08671875
3 0.40234375 0.7125 0.0515625 0.071875
3 0.0546875 0.6890625 0.084375 0.09375