0 0.134375 0.60859375 0.05390625 0.06640625
0 0.1609375 0.6640625 0.05546875 0.0640625
0 0.31015625 0.621875 0.04609375 0.07421875
0 0.35859375 0.63359375 0.06953125 0.09140625
0 0.4234375 0.5703125 0.053125 0.07421875
0 0.5203125 0.62578125 0.0484375 0.08125
0 0.58046875 0.53125 0.053125 0.07421875
0 0.53359375 0.78515625 0.08046875 0.13828125
0 0.3953125 0.771875 0.0375 0.08125
0 0.57734375 0.4015625 0.04609375 0.071875
0 0.640625 0.3015625 0.05546875 0.07421875
0 0.8609375 0.2109375 0.05546875 0.09609375