0 0.221875 0.575 0.06796875 0.1234375
0 0.3421875 0.634375 0.065625 0.11328125
0 0.51796875 0.2046875 0.05 0.08359375
0 0.596875 0.2359375 0.04453125 0.08125
0 0.853125 0.5890625 0.059375 0.13125
0 0.9328125 0.66796875 0.05390625 0.08671875
3 0.96484375 0.58125 0.05703125 0.1015625
3 0.77578125 0.89609375 0.0484375 0.09375
3 0.065625 0.61328125 0.090625 0.1015625
3 0.24375 0.28046875 0.059375 0.1015625
3 0.33359375 0.78515625 0.053125 0.0984375
3 0.58046875 0.61875 0.03046875 0.08125
3 0.696875 0.69765625 0.02890625 0.06640625