0 0.234375 0.38671875 0.059375 0.10625
0 0.52109375 0.45546875 0.05859375 0.09140625
0 0.603125 0.09296875 0.05703125 0.09609375
0 0.6140625 0.2875 0.05546875 0.08671875
0 0.88515625 0.33984375 0.0375 0.05703125
0 0.9171875 0.6234375 0.0515625 0.1015625
3 0.28671875 0.9171875 0.0734375 0.09609375
3 0.33203125 0.72734375 0.05 0.071875
3 0.48984375 0.8109375 0.059375 0.06640625
3 0.50546875 0.8828125 0.05546875 0.0765625
3 0.540625 0.934375 0.046875 0.08125
3 0.70390625 0.54296875 0.05859375 0.08359375
3 0.80390625 0.52734375 0.04453125 0.06171875
3 0.44765625 0.040625 0.0484375 0.05703125
3 0.1578125 0.45546875 0.0625 0.08671875