0 0.334375 0.571875 0.115625 0.21953125
0 0.55 0.1984375 0.075 0.15078125
1 0.31484375 0.25703125 0.065625 0.153125
1 0.690625 0.67421875 0.05703125 0.2125
1 0.571875 0.553125 0.0625 0.11328125
1 0.484375 0.76796875 0.09453125 0.20234375
1 0.58359375 0.41875 0.05859375 0.12578125
1 0.18984375 0.63359375 0.115625 0.1109375
3 0.221875 0.4546875 0.09453125 0.11328125
3 0.471875 0.39609375 0.06796875 0.11640625
3 0.66484375 0.51484375 0.06796875 0.09140625
3 0.4921875 0.653125 0.05703125 0.1109375
3 0.0765625 0.95546875 0.11953125 0.0890625