0 0.41796875 0.5453125 0.06953125 0.08359375
0 0.640625 0.5640625 0.0625 0.11640625
0 0.65859375 0.36875 0.046875 0.11640625
0 0.096875 0.04453125 0.06953125 0.08359375
0 0.65703125 0.240625 0.03359375 0.09140625
1 0.490625 0.6703125 0.11796875 0.1453125
3 0.6296875 0.89765625 0.06796875 0.1453125
3 0.725 0.91953125 0.08046875 0.15078125
3 0.75703125 0.79375 0.078125 0.15078125
3 0.84296875 0.4875 0.05 0.09609375
3 0.0671875 0.68125 0.1015625 0.1234375
3 0.19296875 0.728125 0.06640625 0.10859375