0 0.08359375 0.31953125 0.06640625 0.1109375
0 0.125 0.2484375 0.04453125 0.08125
0 0.221875 0.275 0.05703125 0.1109375
0 0.384375 0.8828125 0.078125 0.1109375
0 0.63515625 0.90625 0.07890625 0.16328125
0 0.640625 0.6578125 0.04296875 0.11640625
0 0.6390625 0.53125 0.04453125 0.10390625
0 0.58515625 0.15078125 0.0515625 0.10390625
0 0.6703125 0.1703125 0.04296875 0.07890625
0 0.7125 0.30625 0.04453125 0.0984375
0 0.9546875 0.3125 0.04609375 0.08125
1 0.30390625 0.940625 0.11953125 0.11875
1 0.95703125 0.66640625 0.078125 0.128125
1 0.559375 0.7234375 0.04453125 0.10859375
1 0.87421875 0.5234375 0.0765625 0.11328125
3 0.8421875 0.8109375 0.0625 0.09609375
3 0.97578125 0.86015625 0.0484375 0.1015625