2 0.90625 0.79296875 0.0265625 0.04921875
3 0.7734375 0.8953125 0.04453125 0.0765625
3 0.6578125 0.86015625 0.05703125 0.1109375
3 0.37578125 0.72734375 0.059375 0.09609375
0 0.10234375 0.8828125 0.0984375 0.13125
0 0.340625 0.075 0.03046875 0.046875
0 0.47109375 0.08671875 0.04140625 0.06875
0 0.346875 0.59609375 0.05546875 0.0765625
0 0.878125 0.68671875 0.04453125 0.0890625
0 0.7984375 0.80703125 0.05546875 0.11875
0 0.56640625 0.58671875 0.046875 0.10625
0 0.346875 0.378125 0.053125 0.0984375