0 0.234375 0.2234375 0.05390625 0.1015625
0 0.2484375 0.44453125 0.06953125 0.11328125
0 0.29375 0.5453125 0.0734375 0.13359375
0 0.3484375 0.621875 0.05859375 0.1484375
0 0.4046875 0.5578125 0.07890625 0.1234375
0 0.38125 0.45078125 0.065625 0.09609375
0 0.5953125 0.521875 0.0765625 0.13125
0 0.653125 0.48125 0.07890625 0.13828125
0 0.4921875 0.63203125 0.0765625 0.14296875
0 0.175 0.85703125 0.1109375 0.1828125
0 0.81640625 0.9453125 0.09140625 0.10859375
0 0.30234375 0.26875 0.05390625 0.11875
0 0.35546875 0.2703125 0.0640625 0.140625
0 0.60859375 0.19140625 0.053125 0.11640625
3 0.40625 0.8578125 0.09609375 0.175