0 0.02890625 0.1390625 0.0578125 0.209375
0 0.14375 0.48125 0.1125 0.1828125
0 0.2734375 0.50625 0.1 0.178125
0 0.38359375 0.53125 0.103125 0.19765625
0 0.50859375 0.57265625 0.10546875 0.19296875
0 0.64140625 0.56171875 0.13359375 0.18515625
0 0.68828125 0.2546875 0.10703125 0.1875
0 0.446875 0.3984375 0.109375 0.1953125
0 0.353125 0.37890625 0.090625 0.15546875
0 0.61640625 0.9390625 0.1171875 0.121875
3 0.234375 0.646875 0.06640625 0.128125
3 0.190625 0.84453125 0.09609375 0.1875
3 0.69609375 0.834375 0.09140625 0.1875
3 0.6734375 0.65078125 0.06640625 0.09609375
3 0.78984375 0.73671875 0.15703125 0.27890625
3 0.77265625 0.940625 0.1125 0.11328125
3 0.271875 0.1546875 0.11796875 0.16015625