3 0.11640625 0.41875 0.053125 0.05703125
3 0.39140625 0.7125 0.04453125 0.071875
0 0.05546875 0.14921875 0.0359375 0.046875
0 0.278125 0.253125 0.01953125 0.02734375
0 0.296875 0.28984375 0.021875 0.03203125
0 0.3125 0.33671875 0.028125 0.03671875
0 0.33671875 0.421875 0.02890625 0.059375
0 0.36015625 0.559375 0.04609375 0.08671875
0 0.34765625 0.65078125 0.05390625 0.08671875
0 0.33984375 0.81640625 0.0734375 0.13125
0 0.3140625 0.6828125 0.053125 0.09140625
0 0.14140625 0.8359375 0.071875 0.10625
0 0.08828125 0.72578125 0.0734375 0.0890625
0 0.2359375 0.57421875 0.0609375 0.09609375
0 0.1984375 0.259375 0.03046875 0.04453125
0 0.14296875 0.2890625 0.04453125 0.059375