0 0.23359375 0.5109375 0.06953125 0.09375
0 0.403125 0.29375 0.05859375 0.09375
0 0.31953125 0.165625 0.0609375 0.0890625
0 0.47265625 0.2765625 0.05390625 0.0984375
0 0.52734375 0.26171875 0.05703125 0.11875
0 0.5890625 0.3109375 0.053125 0.0890625
0 0.65859375 0.31015625 0.05859375 0.08671875
0 0.69140625 0.221875 0.05859375 0.0890625
0 0.50703125 0.471875 0.096875 0.11875
0 0.46015625 0.58984375 0.05703125 0.0890625
0 0.5203125 0.7296875 0.065625 0.12109375
0 0.634375 0.79140625 0.09140625 0.1359375
0 0.58828125 0.67265625 0.0765625 0.1359375
3 0.31796875 0.63984375 0.0640625 0.09375