0 0.371875 0.60625 0.07109375 0.12578125
0 0.4484375 0.61953125 0.0609375 0.11875
0 0.484375 0.5640625 0.08203125 0.12109375
0 0.55078125 0.48046875 0.059375 0.1015625
0 0.5859375 0.43984375 0.075 0.128125
0 0.63984375 0.5421875 0.05390625 0.1015625
0 0.67578125 0.58984375 0.065625 0.08359375
0 0.721875 0.6890625 0.09296875 0.14296875
0 0.7515625 0.8171875 0.09453125 0.1484375
0 0.803125 0.95390625 0.06875 0.0921875
0 0.6625 0.94296875 0.1140625 0.10390625
0 0.54921875 0.9640625 0.090625 0.071875
0 0.4265625 0.88515625 0.128125 0.1953125
3 0.45390625 0.73828125 0.08359375 0.08359375
3 0.6109375 0.81875 0.0859375 0.12578125
3 0.6640625 0.675 0.05546875 0.08671875