0 0.075 0.52734375 0.1359375 0.2046875
0 0.20859375 0.23203125 0.09453125 0.153125
0 0.11640625 0.140625 0.096875 0.1484375
0 0.25234375 0.0984375 0.11796875 0.17265625
0 0.378125 0.175 0.10859375 0.19765625
0 0.253125 0.8546875 0.10703125 0.1828125
0 0.4140625 0.728125 0.08359375 0.1828125
0 0.35625 0.9171875 0.084375 0.165625
0 0.4515625 0.934375 0.09453125 0.13125
0 0.503125 0.7765625 0.10703125 0.21953125
0 0.56796875 0.93984375 0.103125 0.11640625
0 0.70625 0.91953125 0.11796875 0.16015625
0 0.75078125 0.55546875 0.115625 0.20234375
2 0.68359375 0.24296875 0.08046875 0.16015625
3 0.321875 0.471875 0.11796875 0.1875
3 0.49140625 0.0515625 0.06640625 0.09375