0 0.17890625 0.5 0.1 0.140625
0 0.58515625 0.39609375 0.11796875 0.23984375
0 0.66484375 0.5359375 0.12109375 0.22734375
0 0.76640625 0.41875 0.125 0.225
0 0.94296875 0.32734375 0.1140625 0.27890625
0 0.56015625 0.75546875 0.159375 0.28125
0 0.73828125 0.825 0.1375 0.28671875
0 0.609375 0.9515625 0.1234375 0.09609375
3 0.31171875 0.80703125 0.0875 0.16328125
3 0.47734375 0.21875 0.08203125 0.165625
3 0.49765625 0.0546875 0.059375 0.10390625
3 0.58828125 0.13125 0.109375 0.2421875
3 0.81015625 0.1890625 0.165625 0.26875