0 0.04921875 0.46171875 0.0984375 0.29609375
0 0.16640625 0.49375 0.10859375 0.23203125
0 0.25546875 0.578125 0.1109375 0.2421875
0 0.18359375 0.84921875 0.175 0.3015625
0 0.33203125 0.85625 0.1109375 0.2875
0 0.43046875 0.80625 0.1109375 0.2
0 0.503125 0.4359375 0.10703125 0.2046875
0 0.453125 0.24453125 0.09140625 0.13359375
0 0.31796875 0.2578125 0.1 0.1703125
0 0.29140625 0.08984375 0.06953125 0.15078125
0 0.91953125 0.29375 0.0859375 0.178125
2 0.77109375 0.60234375 0.0640625 0.1234375
2 0.8328125 0.378125 0.06796875 0.1484375