0 0.28203125 0.28984375 0.096875 0.1359375
0 0.0734375 0.8046875 0.0890625 0.1234375
0 0.1609375 0.0828125 0.09140625 0.12578125
0 0.68828125 0.07421875 0.090625 0.14296875
0 0.37109375 0.28515625 0.08046875 0.1453125
0 0.421875 0.19609375 0.08046875 0.09609375
0 0.45 0.28515625 0.08359375 0.12578125
0 0.49609375 0.2 0.08359375 0.128125
0 0.5421875 0.3046875 0.0765625 0.12578125
0 0.64765625 0.2875 0.10703125 0.13125
0 0.41796875 0.64453125 0.0640625 0.17265625
0 0.475 0.728125 0.0890625 0.1828125
0 0.546875 0.65078125 0.10390625 0.175
0 0.65546875 0.59375 0.1109375 0.18515625
0 0.4 0.9109375 0.1359375 0.178125
0 0.54609375 0.91796875 0.1296875 0.1640625
3 0.328125 0.51953125 0.090625 0.15078125
3 0.690625 0.471875 0.078125 0.1234375
3 0.5546875 0.50859375 0.090625 0.14296875
3 0.75703125 0.4171875 0.078125 0.1234375
3 0.359375 0.06640625 0.09453125 0.11875