0 0.3203125 0.89375 0.08203125 0.153125
0 0.42265625 0.16015625 0.17890625 0.31640625
1 0.61328125 0.77265625 0.27890625 0.365625
3 0.47734375 0.09609375 0.1171875 0.1921875
3 0.8390625 0.38359375 0.321875 0.7671875
3 0.58125 0.5015625 0.1484375 0.2765625
3 0.453125 0.49296875 0.09609375 0.165625
3 0.41953125 0.40390625 0.0609375 0.1109375
3 0.44765625 0.29609375 0.0875 0.16328125
3 0.371875 0.36328125 0.05703125 0.11875
3 0.32890625 0.57265625 0.08359375 0.1828125
3 0.20234375 0.74453125 0.07890625 0.12578125