0 0.5453125 0.11875 0.134375 0.23671875
1 0.734375 0.5765625 0.25390625 0.175
3 0.46640625 0.53828125 0.05546875 0.17265625
3 0.490625 0.665625 0.078125 0.140625
3 0.48125 0.928125 0.08203125 0.14296875
3 0.5546875 0.27890625 0.06796875 0.1234375
3 0.48046875 0.3546875 0.05859375 0.1109375
3 0.57578125 0.434375 0.065625 0.13828125
3 0.80234375 0.7578125 0.09296875 0.20703125
3 0.703125 0.7109375 0.078125 0.19296875
3 0.9078125 0.7421875 0.09296875 0.15546875
3 0.8625 0.1578125 0.25625 0.315625
3 0.590625 0.0484375 0.090625 0.09609375