0 0.53359375 0.8484375 0.1359375 0.2890625
0 0.484375 0.471875 0.09609375 0.16328125
0 0.62265625 0.475 0.10703125 0.18046875
0 0.55390625 0.359375 0.09453125 0.140625
0 0.60859375 0.23671875 0.075 0.10390625
0 0.6671875 0.2578125 0.065625 0.1015625
0 0.759375 0.371875 0.103125 0.15078125
0 0.78203125 0.51953125 0.11953125 0.15546875
0 0.90859375 0.440625 0.11953125 0.175
0 0.9015625 0.6234375 0.11953125 0.175
0 0.73828125 0.0890625 0.09296875 0.13828125
3 0.665625 0.80390625 0.115625 0.21484375
3 0.80546875 0.70390625 0.121875 0.1875