0 0.83515625 0.5234375 0.12109375 0.1875
0 0.66484375 0.44296875 0.08203125 0.1359375
0 0.58203125 0.7875 0.078125 0.128125
0 0.6375 0.8890625 0.0859375 0.1484375
0 0.47109375 0.96015625 0.05546875 0.07890625
0 0.4203125 0.9703125 0.0515625 0.059375
0 0.48359375 0.778125 0.05859375 0.11328125
0 0.52421875 0.53671875 0.05390625 0.09140625
0 0.546875 0.4453125 0.053125 0.08125
0 0.809375 0.8875 0.340625 0.225
3 0.7875 0.6453125 0.08359375 0.15078125
3 0.775 0.8765625 0.1 0.178125
3 0.89921875 0.8765625 0.10390625 0.19765625