0 0.28125 0.44921875 0.065625 0.0984375
0 0.19765625 0.3046875 0.059375 0.071875
0 0.10859375 0.4640625 0.05859375 0.0890625
0 0.8484375 0.528125 0.06640625 0.14296875
0 0.87890625 0.65546875 0.075 0.12578125
0 0.921875 0.44921875 0.10546875 0.16328125
0 0.971875 0.2828125 0.05546875 0.15078125
0 0.50546875 0.71640625 0.0390625 0.0890625
0 0.446875 0.81953125 0.046875 0.10859375
0 0.67421875 0.1484375 0.0375 0.08359375
0 0.284375 0.1828125 0.04609375 0.07421875
0 0.26328125 0.240625 0.0375 0.071875