0 0.3203125 0.16171875 0.08828125 0.15703125
0 0.21875 0.13828125 0.08125 0.16015625
0 0.24375 0.37265625 0.0796875 0.096875
0 0.62890625 0.684375 0.05 0.10703125
0 0.66015625 0.26796875 0.053125 0.11484375
0 0.54140625 0.559375 0.04765625 0.075
0 0.06953125 0.8046875 0.06953125 0.10546875
3 0.18125 0.72109375 0.0453125 0.0703125
3 0.1296875 0.94765625 0.03828125 0.07890625
1 0.34765625 0.59140625 0.0703125 0.07890625
1 0.021875 0.17421875 0.04296875 0.17890625
1 0.1546875 0.26796875 0.05234375 0.08046875
1 0.3640625 0.85390625 0.05625 0.12578125