0 0.1296875 0.13671875 0.0484375 0.071875
0 0.42421875 0.078125 0.0765625 0.1109375
0 0.290625 0.50703125 0.0734375 0.13125
0 0.5375 0.4890625 0.09453125 0.1484375
0 0.95 0.0515625 0.04453125 0.0890625
0 0.92109375 0.11875 0.04140625 0.0890625
0 0.8859375 0.19375 0.053125 0.12109375
0 0.94296875 0.453125 0.053125 0.08671875
0 0.403125 0.28359375 0.034375 0.07890625
3 0.340625 0.19296875 0.0515625 0.08359375
3 0.48984375 0.21953125 0.065625 0.0984375
3 0.63125 0.25078125 0.0875 0.12578125
3 0.53125 0.84453125 0.07109375 0.08359375
3 0.77734375 0.88515625 0.08203125 0.1109375
3 0.53359375 0.9453125 0.09140625 0.10859375
3 0.1171875 0.91015625 0.0765625 0.1109375
3 0.209375 0.5828125 0.04453125 0.08359375
3 0.15 0.6765625 0.0640625 0.08359375
3 0.228125 0.72109375 0.05390625 0.0640625