0 0.40234375 0.565625 0.0671875 0.16953125
0 0.4765625 0.25546875 0.05 0.10234375
0 0.50078125 0.12890625 0.04765625 0.06328125
0 0.421875 0.18203125 0.04921875 0.08984375
3 0.4890625 0.46484375 0.040625 0.059375
3 0.39296875 0.92265625 0.08203125 0.15390625
3 0.47578125 0.75390625 0.03203125 0.13828125
1 0.734375 0.90234375 0.084375 0.1953125
1 0.8328125 0.91875 0.04296875 0.04296875
1 0.69921875 0.54921875 0.05546875 0.078125
1 0.3828125 0.29140625 0.04609375 0.05
1 0.28203125 0.2390625 0.0375 0.08828125