0 0.3265625 0.0984375 0.071875 0.128125
1 0.36015625 0.521875 0.109375 0.08671875
1 0.32421875 0.7296875 0.07890625 0.24453125
1 0.409375 0.6640625 0.09453125 0.153125
1 0.60390625 0.240625 0.05859375 0.08671875
1 0.5984375 0.54453125 0.071875 0.09609375
1 0.86484375 0.7953125 0.08203125 0.10859375
3 0.22109375 0.728125 0.096875 0.13828125
3 0.54921875 0.3359375 0.0484375 0.059375
3 0.5984375 0.32578125 0.0609375 0.07421875
3 0.903125 0.5953125 0.09453125 0.11875
3 0.84375 0.453125 0.0734375 0.1109375
3 0.71640625 0.32734375 0.0609375 0.08125
3 0.43359375 0.0640625 0.046875 0.08359375