0 0.52265625 0.22734375 0.06796875 0.11328125
0 0.3546875 0.15078125 0.065625 0.09375
0 0.24140625 0.075 0.0734375 0.15
0 0.14375 0.27890625 0.140625 0.20234375
0 0.1046875 0.67421875 0.16796875 0.246875
0 0.240625 0.92578125 0.121875 0.1484375
1 0.38359375 0.93828125 0.096875 0.1234375
1 0.7328125 0.79375 0.1484375 0.18984375
1 0.61953125 0.478125 0.053125 0.13125
1 0.6921875 0.4421875 0.08203125 0.10859375
1 0.7859375 0.559375 0.05 0.140625
1 0.95234375 0.4828125 0.08203125 0.15078125
1 0.71328125 0.26875 0.0734375 0.0890625
1 0.62421875 0.1828125 0.065625 0.06875
3 0.17421875 0.42109375 0.1234375 0.08125
3 0.47109375 0.48671875 0.09453125 0.11328125
3 0.878125 0.44296875 0.0640625 0.09609375
3 0.26171875 0.3046875 0.0734375 0.08125