0 0.29765625 0.890625 0.03828125 0.04765625
0 0.58125 0.0671875 0.0265625 0.04609375
0 0.53671875 0.2828125 0.0390625 0.0625
0 0.6 0.35546875 0.0390625 0.078125
0 0.6546875 0.40703125 0.03515625 0.07421875
0 0.7328125 0.17421875 0.0328125 0.04609375
0 0.71796875 0.984375 0.0484375 0.03125
0 0.7703125 0.934375 0.03984375 0.08671875
0 0.7796875 0.58671875 0.0296875 0.0625
0 0.6953125 0.38828125 0.0328125 0.06484375
0 0.584375 0.19453125 0.034375 0.05234375
0 0.52265625 0.171875 0.034375 0.04375
0 0.4046875 0.203125 0.02109375 0.0484375
0 0.3515625 0.284375 0.0265625 0.05546875
0 0.13046875 0.98125 0.0484375 0.0375
0 0.2203125 0.5296875 0.03125 0.0625
0 0.2171875 0.64765625 0.02890625 0.04921875
0 0.303125 0.73125 0.0390625 0.05625
0 0.2390625 0.803125 0.0234375 0.04375
0 0.17265625 0.7640625 0.0328125 0.04609375
0 0.29375 0.9671875 0.04296875 0.05703125