0 0.265625 0.59296875 0.0640625 0.10859375
0 0.03359375 0.0828125 0.05 0.06640625
0 0.07109375 0.20625 0.053125 0.09609375
1 0.76640625 0.81015625 0.10859375 0.246875
1 0.70859375 0.5515625 0.075 0.09140625
1 0.353125 0.3546875 0.065625 0.140625
3 0.215625 0.41875 0.06796875 0.08125
3 0.184375 0.4828125 0.065625 0.09140625
3 0.71640625 0.79765625 0.06953125 0.13359375
3 0.82578125 0.77421875 0.084375 0.140625
3 0.83828125 0.9234375 0.06796875 0.10859375
3 0.84609375 0.471875 0.04140625 0.07421875
3 0.96640625 0.36640625 0.05859375 0.08671875
3 0.06171875 0.640625 0.0515625 0.0765625
3 0.04609375 0.3234375 0.04453125 0.059375