0 0.2140625 0.3015625 0.0453125 0.0625
0 0.27734375 0.30703125 0.040625 0.06953125
0 0.3328125 0.30625 0.0390625 0.07109375
0 0.0390625 0.45390625 0.0296875 0.05
0 0.06953125 0.3390625 0.02578125 0.04765625
0 0.18046875 0.2171875 0.0359375 0.05625
0 0.234375 0.1828125 0.03515625 0.0453125
0 0.36015625 0.25625 0.0296875 0.05078125
0 0.46796875 0.340625 0.02890625 0.0515625
0 0.63828125 0.11015625 0.0375 0.06796875
0 0.6953125 0.0640625 0.04375 0.05546875
0 0.540625 0.60703125 0.03984375 0.06484375
0 0.51484375 0.703125 0.04453125 0.07109375
0 0.11640625 0.90078125 0.04140625 0.046875
0 0.4515625 0.915625 0.02890625 0.0515625
0 0.6203125 0.72890625 0.02578125 0.0484375
0 0.67734375 0.72109375 0.04375 0.053125