0 0.61328125 0.0828125 0.0265625 0.05546875
0 0.815625 0.26953125 0.0265625 0.04609375
0 0.765625 0.75625 0.0421875 0.06875
0 0.95 0.66875 0.0375 0.0640625
0 0.72890625 0.56328125 0.02734375 0.0578125
0 0.55234375 0.92890625 0.03359375 0.06875
0 0.4640625 0.88125 0.03359375 0.06484375
0 0.7421875 0.3296875 0.02890625 0.071875
0 0.496875 0.0578125 0.0328125 0.05
0 0.48984375 0.12109375 0.034375 0.0640625
0 0.4171875 0.165625 0.04296875 0.0734375
0 0.32890625 0.221875 0.03203125 0.06875
0 0.29140625 0.1046875 0.040625 0.0640625
0 0.2265625 0.1859375 0.0421875 0.0765625
0 0.12578125 0.4453125 0.04140625 0.0765625
0 0.1390625 0.61015625 0.03984375 0.06875