0 0.9296875 0.4625 0.05078125 0.08125
0 0.87578125 0.253125 0.04609375 0.06875
0 0.9484375 0.63046875 0.053125 0.1
0 0.715625 0.6625 0.04765625 0.08671875
0 0.653125 0.64296875 0.03515625 0.06796875
0 0.54921875 0.75625 0.04609375 0.06875
0 0.5484375 0.5765625 0.04296875 0.08125
0 0.4375 0.97265625 0.04296875 0.0515625
0 0.34921875 0.8796875 0.03125 0.0625
0 0.24140625 0.82578125 0.04296875 0.06328125
0 0.15625 0.48984375 0.0390625 0.04375
0 0.09765625 0.3625 0.03359375 0.04609375
0 0.20703125 0.278125 0.04296875 0.07734375
0 0.19921875 0.1109375 0.0390625 0.0734375
0 0.0296875 0.165625 0.03515625 0.04296875