0 0.39140625 0.58828125 0.04609375 0.090625
0 0.60703125 0.4890625 0.0484375 0.08828125
0 0.265625 0.59453125 0.03984375 0.06015625
0 0.63828125 0.02890625 0.0484375 0.05546875
0 0.30703125 0.14453125 0.0421875 0.07265625
0 0.8125 0.69296875 0.04765625 0.0640625
0 0.8328125 0.925 0.06171875 0.12734375
0 0.71640625 0.8921875 0.06015625 0.09296875
0 0.31484375 0.253125 0.05234375 0.075
0 0.696875 0.128125 0.046875 0.08828125
0 0.55625 0.1703125 0.05703125 0.10703125
3 0.70625 0.7 0.03515625 0.05859375
3 0.6296875 0.74296875 0.0296875 0.0859375
3 0.421875 0.3578125 0.03984375 0.05
3 0.47890625 0.44140625 0.040625 0.0859375
3 0.2265625 0.9625 0.05078125 0.07265625