0 0.334375 0.340625 0.0765625 0.153125
0 0.2359375 0.1703125 0.05 0.09375
0 0.42890625 0.1546875 0.04140625 0.09140625
0 0.453125 0.41875 0.05546875 0.09609375
0 0.5765625 0.565625 0.05546875 0.11328125
0 0.4296875 0.91953125 0.059375 0.13125
0 0.471875 0.66875 0.05703125 0.13359375
0 0.4890625 0.34296875 0.03046875 0.07890625
0 0.29453125 0.5359375 0.078125 0.128125
0 0.1234375 0.75703125 0.06640625 0.12109375
0 0.5984375 0.41328125 0.03359375 0.071875
1 0.82109375 0.86875 0.075 0.059375
3 0.61171875 0.640625 0.0515625 0.09609375
3 0.928125 0.70625 0.07109375 0.0890625
3 0.83359375 0.6578125 0.046875 0.08125