2 0.7484375 0.43671875 0.0359375 0.08046875
2 0.6734375 0.38203125 0.03671875 0.05078125
0 0.09375 0.5328125 0.04453125 0.06640625
0 0.45 0.65703125 0.03984375 0.06484375
0 0.36015625 0.62734375 0.034375 0.05234375
0 0.5359375 0.45703125 0.04296875 0.0609375
0 0.5171875 0.61171875 0.046875 0.05
0 0.49921875 0.44609375 0.01953125 0.0484375
0 0.59453125 0.34453125 0.0546875 0.0859375
3 0.62890625 0.67265625 0.0265625 0.0609375
3 0.66875 0.88671875 0.046875 0.05625
3 0.8359375 0.2796875 0.04921875 0.11640625
2 0.578125 0.6328125 0.028125 0.07890625
3 0.28828125 0.5671875 0.0390625 0.06953125
0 0.6734375 0.1671875 0.0375 0.0640625
0 0.471875 0.07734375 0.03984375 0.06640625