0 0.03515625 0.72109375 0.0484375 0.09609375
0 0.0828125 0.70859375 0.05546875 0.10625
0 0.10234375 0.65234375 0.06015625 0.1015625
3 0.7859375 0.37265625 0.05078125 0.07109375
0 0.9640625 0.928125 0.071875 0.13359375
0 0.396875 0.66171875 0.12421875 0.2015625
0 0.73203125 0.33828125 0.05078125 0.08359375
3 0.4 0.2578125 0.0734375 0.06015625
3 0.490625 0.1375 0.0515625 0.090625
3 0.515625 0.35546875 0.0765625 0.08046875
3 0.73828125 0.64140625 0.0484375 0.10390625
3 0.76328125 0.7828125 0.08125 0.1234375
3 0.1890625 0.128125 0.05390625 0.08125
0 0.8484375 0.24375 0.0578125 0.06328125
0 0.66640625 0.30546875 0.04140625 0.06015625
0 0.2453125 0.3609375 0.0640625 0.09921875