3 0.590625 0.06875 0.0328125 0.0453125
3 0.08046875 0.90859375 0.06171875 0.1078125
3 0.50546875 0.946875 0.08828125 0.10625
3 0.734375 0.31875 0.05703125 0.06640625
3 0.63359375 0.246875 0.0515625 0.0640625
3 0.6125 0.2765625 0.06171875 0.0875
3 0.23125 0.50078125 0.0328125 0.0734375
0 0.26640625 0.44140625 0.04140625 0.06796875
0 0.34375 0.30390625 0.0328125 0.05625
0 0.3390625 0.2703125 0.03515625 0.05546875
0 0.30546875 0.140625 0.03203125 0.0453125
0 0.43125 0.115625 0.02734375 0.03828125
0 0.58359375 0.4015625 0.08828125 0.14296875
0 0.46015625 0.6765625 0.0890625 0.1640625
0 0.5875 0.68046875 0.10546875 0.20390625