0 0.2078125 0.0609375 0.0390625 0.08203125
3 0.58046875 0.5578125 0.01796875 0.04453125
2 0.9328125 0.7546875 0.06484375 0.0890625
3 0.5796875 0.66171875 0.04765625 0.084375
0 0.5546875 0.8 0.04375 0.08125
0 0.634375 0.934375 0.04921875 0.07890625
0 0.59921875 0.86953125 0.0421875 0.09609375
0 0.853125 0.28984375 0.05 0.096875
0 0.8734375 0.67734375 0.05234375 0.09140625
0 0.51328125 0.02421875 0.04375 0.04765625
0 0.47890625 0.41953125 0.04140625 0.084375
0 0.50078125 0.496875 0.03984375 0.06953125
0 0.3328125 0.49140625 0.04453125 0.08125
0 0.384375 0.1890625 0.040625 0.090625
0 0.24375 0.47421875 0.0296875 0.059375
0 0.13203125 0.4890625 0.04375 0.0734375