3 0.4625 0.59921875 0.0390625 0.09296875
0 0.26484375 0.93359375 0.04140625 0.0640625
0 0.7140625 0.1015625 0.02734375 0.04921875
0 0.5671875 0.25625 0.02421875 0.046875
0 0.58828125 0.2875 0.021875 0.04140625
0 0.63828125 0.19375 0.02734375 0.05390625
0 0.7765625 0.140625 0.03828125 0.03984375
0 0.7515625 0.2703125 0.0484375 0.0609375
0 0.8015625 0.6125 0.103125 0.16328125
0 0.5953125 0.65 0.109375 0.18046875
0 0.6765625 0.478125 0.08828125 0.1390625
0 0.50078125 0.5203125 0.04453125 0.08359375