3 0.703125 0.78515625 0.040625 0.05859375
0 0.4125 0.953125 0.03671875 0.07890625
0 0.778125 0.94453125 0.059375 0.096875
0 0.7203125 0.91953125 0.05078125 0.09140625
0 0.5796875 0.26953125 0.02265625 0.04609375
0 0.546875 0.396875 0.03203125 0.059375
0 0.5125 0.428125 0.03515625 0.06171875
0 0.36484375 0.21640625 0.02421875 0.040625
0 0.34375 0.2765625 0.0234375 0.04609375
0 0.29296875 0.35 0.025 0.0546875
0 0.26796875 0.3421875 0.02421875 0.0484375
0 0.24140625 0.3875 0.028125 0.04453125
0 0.471875 0.53359375 0.0296875 0.06015625
0 0.60546875 0.63046875 0.03515625 0.08125
0 0.453125 0.76796875 0.03203125 0.07734375
0 0.275 0.94296875 0.04765625 0.08203125
0 0.203125 0.5984375 0.0296875 0.059375
0 0.1890625 0.534375 0.028125 0.04453125