0 0.7125 0.8265625 0.03984375 0.0734375
0 0.55 0.4484375 0.02734375 0.046875
0 0.5859375 0.303125 0.02578125 0.04140625
0 0.56875 0.32578125 0.025 0.03203125
0 0.49609375 0.33203125 0.02734375 0.05234375
0 0.5328125 0.50625 0.0296875 0.0515625
0 0.38359375 0.7390625 0.02578125 0.0515625
0 0.34375 0.67421875 0.02890625 0.05
0 0.30703125 0.63046875 0.0203125 0.0578125
0 0.246875 0.7203125 0.021875 0.04375
0 0.2015625 0.809375 0.03125 0.05546875
0 0.1921875 0.771875 0.02578125 0.05859375
0 0.775 0.88515625 0.0671875 0.0984375
0 0.53125 0.78515625 0.0390625 0.04609375
0 0.390625 0.94140625 0.05703125 0.08125
0 0.3859375 0.86875 0.04140625 0.07109375