3 0.66875 0.45078125 0.03671875 0.04140625
3 0.61796875 0.559375 0.05 0.04296875
0 0.4203125 0.4171875 0.03046875 0.06171875
0 0.75234375 0.67109375 0.0609375 0.10390625
0 0.19375 0.5046875 0.0578125 0.0875
3 0.3546875 0.86796875 0.05390625 0.06640625
3 0.03828125 0.5015625 0.0515625 0.05390625
0 0.178125 0.0375 0.0296875 0.04140625
0 0.2875 0.04296875 0.03125 0.04375
0 0.2265625 0.03671875 0.02109375 0.02421875
0 0.2890625 0.09609375 0.0296875 0.04609375
0 0.3328125 0.13984375 0.03125 0.04140625
0 0.34140625 0.18046875 0.02890625 0.034375
0 0.421875 0.22265625 0.01796875 0.05
0 0.45078125 0.1546875 0.01796875 0.04375
0 0.3703125 0.05546875 0.02421875 0.03203125