0 0.77421875 0.40078125 0.0375 0.0484375
0 0.7046875 0.4734375 0.0453125 0.07890625
0 0.603125 0.35546875 0.03046875 0.075
0 0.68203125 0.16953125 0.02578125 0.05625
0 0.634375 0.19609375 0.0359375 0.0515625
0 0.5828125 0.0171875 0.0265625 0.03359375
0 0.64609375 0.07734375 0.0296875 0.05625
0 0.4796875 0.11484375 0.03125 0.0359375
0 0.528125 0.040625 0.025 0.03828125
0 0.52578125 0.2203125 0.0328125 0.06796875
0 0.509375 0.18203125 0.0296875 0.04765625
0 0.4671875 0.06875 0.01875 0.03984375
0 0.4328125 0.11640625 0.034375 0.05546875
0 0.4484375 0.175 0.0375 0.07265625
0 0.3765625 0.16796875 0.0296875 0.03828125
0 0.3328125 0.21015625 0.0359375 0.0625
0 0.18046875 0.66171875 0.0453125 0.0640625
0 0.4140625 0.96015625 0.090625 0.07890625