2 0.40625 0.51796875 0.03203125 0.04921875
2 0.3234375 0.54609375 0.02578125 0.05078125
3 0.26875 0.50859375 0.0484375 0.04375
0 0.078125 0.17265625 0.028125 0.03828125
0 0.08828125 0.21015625 0.034375 0.04609375
0 0.1421875 0.09609375 0.0265625 0.0484375
0 0.16796875 0.07578125 0.021875 0.04140625
0 0.19296875 0.08828125 0.02109375 0.046875
0 0.275 0.02734375 0.02109375 0.0390625
0 0.2453125 0.05546875 0.0234375 0.0484375
0 0.3234375 0.20625 0.0296875 0.0609375
0 0.365625 0.15234375 0.02890625 0.04921875
0 0.396875 0.146875 0.02578125 0.04921875
0 0.3859375 0.22890625 0.034375 0.05703125
0 0.2828125 0.334375 0.03046875 0.0640625
0 0.44453125 0.44921875 0.06171875 0.06328125
0 0.28203125 0.959375 0.078125 0.08046875