3 0.334375 0.759375 0.03984375 0.05234375
2 0.471875 0.73046875 0.02734375 0.04765625
2 0.3953125 0.77421875 0.0296875 0.053125
0 0.47734375 0.65234375 0.05625 0.07265625
0 0.25546875 0.50703125 0.03359375 0.0484375
0 0.27265625 0.36328125 0.02578125 0.059375
0 0.3359375 0.27578125 0.0296875 0.06015625
0 0.3078125 0.29609375 0.03515625 0.05625
0 0.0125 0.42890625 0.025 0.0578125
0 0.0484375 0.28046875 0.028125 0.04453125
0 0.071875 0.24375 0.025 0.034375
0 0.10625 0.25546875 0.02890625 0.04453125
0 0.159375 0.19609375 0.02578125 0.0375
0 0.18046875 0.1578125 0.0296875 0.0390625