0 0.89765625 0.53671875 0.0546875 0.05859375
0 0.8375 0.81875 0.04765625 0.07109375
0 0.68046875 0.96953125 0.04609375 0.06015625
0 0.778125 0.6328125 0.03671875 0.05625
0 0.83359375 0.734375 0.03203125 0.06796875
0 0.79375 0.7234375 0.03828125 0.07265625
0 0.70625 0.66328125 0.034375 0.065625
0 0.54453125 0.265625 0.025 0.03515625
0 0.5296875 0.30078125 0.0265625 0.04296875
0 0.4375 0.5109375 0.02734375 0.0453125
0 0.44453125 0.54453125 0.02734375 0.04609375
0 0.40859375 0.6078125 0.03203125 0.05546875
0 0.34609375 0.69375 0.025 0.05859375
0 0.31328125 0.65703125 0.03359375 0.0625
0 0.28203125 0.72578125 0.03828125 0.06015625
0 0.21328125 0.95625 0.034375 0.07109375