3 0.43984375 0.84453125 0.08671875 0.215625
0 0.521875 0.2515625 0.01875 0.04375
0 0.50234375 0.31015625 0.02578125 0.05234375
0 0.53125 0.34296875 0.0328125 0.07109375
0 0.3296875 0.9171875 0.05703125 0.11875
0 0.590625 0.21796875 0.0328125 0.0640625
0 0.671875 0.1109375 0.03046875 0.0484375
0 0.765625 0.12421875 0.03984375 0.059375
0 0.90078125 0.17578125 0.10078125 0.11484375
0 0.921875 0.8828125 0.15625 0.234375
0 0.95625 0.53828125 0.0875 0.30859375
0 0.509375 0.69140625 0.10390625 0.18984375