2 0.41484375 0.23515625 0.0296875 0.04765625
2 0.48515625 0.1921875 0.02734375 0.04609375
0 0.2828125 0.10078125 0.03125 0.0609375
0 0.4703125 0.075 0.02421875 0.0546875
0 0.53671875 0.09609375 0.0328125 0.0796875
0 0.51328125 0.03359375 0.0265625 0.05078125
0 0.54296875 0.01953125 0.021875 0.0390625
0 0.05859375 0.45703125 0.06171875 0.078125
0 0.35859375 0.62109375 0.07578125 0.12265625
0 0.321875 0.94453125 0.06953125 0.1109375
0 0.434375 0.796875 0.0703125 0.1234375
0 0.634375 0.209375 0.04140625 0.06640625
3 0.61796875 0.82578125 0.07109375 0.1125