3 0.4203125 0.89921875 0.0328125 0.04375
0 0.85859375 0.92109375 0.034375 0.05234375
0 0.8015625 0.67890625 0.0296875 0.06171875
0 0.75859375 0.67421875 0.02578125 0.0515625
0 0.6375 0.909375 0.04375 0.075
0 0.69765625 0.4359375 0.025 0.03984375
0 0.65 0.4046875 0.025 0.04453125
0 0.653125 0.3015625 0.02265625 0.05703125
0 0.64453125 0.225 0.01953125 0.0375
0 0.5921875 0.184375 0.0203125 0.04296875
0 0.60078125 0.23359375 0.021875 0.05390625
0 0.63515625 0.15859375 0.02421875 0.04375
0 0.49296875 0.25703125 0.028125 0.0625
0 0.45859375 0.49453125 0.03125 0.07421875
0 0.3015625 0.8109375 0.02734375 0.0625
0 0.3734375 0.58359375 0.0359375 0.0609375
0 0.3640625 0.9640625 0.0546875 0.07109375
0 0.1875 0.8859375 0.05546875 0.07578125
0 0.1765625 0.61484375 0.04609375 0.06640625
0 0.28828125 0.45390625 0.0453125 0.06484375
0 0.1734375 0.46328125 0.05078125 0.075
0 0.0125 0.18046875 0.025 0.0671875