0 0.32421875 0.7484375 0.04765625 0.0640625
3 0.696875 0.6125 0.06875 0.0734375
0 0.85625 0.8328125 0.09140625 0.159375
0 0.7859375 0.8515625 0.07578125 0.12890625
0 0.69140625 0.75234375 0.06875 0.0890625
0 0.17890625 0.73359375 0.05078125 0.084375
0 0.38984375 0.5734375 0.0421875 0.08046875
0 0.54609375 0.21015625 0.0390625 0.07265625
0 0.5046875 0.234375 0.03984375 0.07421875
0 0.540625 0.3734375 0.046875 0.08671875
0 0.4484375 0.325 0.040625 0.071875
0 0.38125 0.06953125 0.02734375 0.04375
0 0.3578125 0.10546875 0.02734375 0.0453125
0 0.26015625 0.16328125 0.0265625 0.03671875
0 0.23125 0.19296875 0.028125 0.0421875
0 0.15390625 0.315625 0.03125 0.05234375
0 0.16171875 0.365625 0.034375 0.05078125
0 0.053125 0.51953125 0.034375 0.05390625