0 0.82265625 0.82109375 0.02421875 0.05703125
0 0.821875 0.74765625 0.02734375 0.05625
0 0.66015625 0.240625 0.028125 0.0625
0 0.6265625 0.05078125 0.02890625 0.0515625
0 0.55859375 0.134375 0.03984375 0.07265625
0 0.39375 0.15234375 0.02578125 0.04609375
0 0.59765625 0.3375 0.03671875 0.0390625
0 0.62578125 0.3828125 0.03125 0.05546875
0 0.553125 0.53671875 0.0296875 0.065625
0 0.40234375 0.88828125 0.034375 0.08046875
0 0.325 0.39453125 0.04375 0.075
0 0.13125 0.31171875 0.0453125 0.06015625
0 0.2140625 0.48203125 0.0453125 0.0859375
0 0.0109375 0.45546875 0.02109375 0.06484375
0 0.02578125 0.3140625 0.0375 0.06796875