0 0.71640625 0.075 0.025 0.03046875
0 0.7046875 0.11015625 0.0265625 0.0484375
0 0.67109375 0.17734375 0.025 0.053125
0 0.59609375 0.24921875 0.028125 0.04296875
0 0.565625 0.2984375 0.0265625 0.04375
0 0.4875 0.459375 0.0234375 0.040625
0 0.47578125 0.53046875 0.02578125 0.0453125
0 0.42734375 0.6375 0.01796875 0.03671875
0 0.759375 0.50625 0.06484375 0.09453125
0 0.70234375 0.54296875 0.04296875 0.0984375
0 0.59140625 0.94140625 0.05078125 0.11171875
0 0.49765625 0.97109375 0.04375 0.0578125
0 0.6015625 0.68515625 0.04765625 0.09140625