0 0.11640625 0.01953125 0.0375 0.0390625
0 0.0953125 0.0578125 0.02734375 0.04609375
0 0.79140625 0.11484375 0.03828125 0.05859375
0 0.75078125 0.1828125 0.03984375 0.0640625
0 0.81796875 0.38125 0.0359375 0.0640625
0 0.715625 0.2625 0.03984375 0.0703125
0 0.6953125 0.18984375 0.034375 0.05390625
0 0.61796875 0.35703125 0.03515625 0.0625
3 0.59140625 0.0265625 0.0484375 0.053125
3 0.85234375 0.34140625 0.046875 0.07578125
0 0.4703125 0.5984375 0.04140625 0.0578125
0 0.846875 0.78359375 0.04375 0.075
0 0.49140625 0.7515625 0.04296875 0.071875
0 0.290625 0.70234375 0.05078125 0.07578125
0 0.19375 0.59296875 0.04765625 0.06796875