0 0.415625 0.5546875 0.02421875 0.04453125
0 0.54765625 0.83125 0.0296875 0.053125
0 0.4703125 0.77421875 0.02265625 0.05
0 0.3296875 0.97265625 0.05390625 0.05390625
0 0.37890625 0.88203125 0.03828125 0.075
0 0.4109375 0.34453125 0.0234375 0.05078125
0 0.31328125 0.34140625 0.0328125 0.0609375
0 0.3125 0.5359375 0.025 0.05390625
0 0.0890625 0.58984375 0.03125 0.05625
0 0.1125 0.72578125 0.04296875 0.0625
0 0.184375 0.55390625 0.0328125 0.0515625
0 0.2609375 0.63671875 0.028125 0.05859375
0 0.325 0.090625 0.0171875 0.0265625
0 0.29375 0.1109375 0.025 0.05859375
0 0.146875 0.27890625 0.03046875 0.0640625