0 0.71328125 0.96328125 0.0546875 0.07265625
0 0.9 0.6046875 0.03125 0.05
0 0.97578125 0.4453125 0.02734375 0.05
0 0.91328125 0.43515625 0.0234375 0.0484375
0 0.90859375 0.3234375 0.0265625 0.05859375
0 0.87109375 0.1921875 0.02578125 0.05390625
0 0.8390625 0.27265625 0.02734375 0.05859375
0 0.7296875 0.55859375 0.0265625 0.05625
0 0.51484375 0.70859375 0.021875 0.05
0 0.65859375 0.65859375 0.03046875 0.05703125
0 0.7046875 0.10390625 0.0265625 0.05703125
0 0.740625 0.34140625 0.03046875 0.05390625
0 0.5390625 0.3 0.03125 0.0515625
0 0.58359375 0.56328125 0.02890625 0.05234375
0 0.50078125 0.5890625 0.03046875 0.0609375
0 0.18046875 0.4578125 0.0296875 0.05234375
0 0.190625 0.74921875 0.03359375 0.05
0 0.3265625 0.8140625 0.0234375 0.05390625
0 0.3140625 0.59296875 0.028125 0.05078125
0 0.2390625 0.72265625 0.02890625 0.03359375
0 0.39453125 0.421875 0.0203125 0.03515625
0 0.23359375 0.1375 0.03203125 0.06171875
0 0.30859375 0.096875 0.02421875 0.05625
0 0.271875 0.07421875 0.03125 0.0625
0 0.0390625 0.6078125 0.034375 0.05625
0 0.00703125 0.4640625 0.0140625 0.04609375
0 0.0390625 0.43671875 0.0328125 0.04140625