3 0.22734375 0.96953125 0.04375 0.06015625
3 0.20390625 0.84453125 0.05 0.05546875
3 0.16328125 0.87109375 0.040625 0.06328125
3 0.17421875 0.94765625 0.03515625 0.04609375
0 0.63984375 0.54609375 0.02265625 0.04140625
0 0.60234375 0.58671875 0.028125 0.053125
0 0.5265625 0.58984375 0.03046875 0.05546875
0 0.55 0.5046875 0.02578125 0.05078125
0 0.4828125 0.46015625 0.02109375 0.04375
0 0.465625 0.571875 0.02734375 0.04296875
0 0.43046875 0.51484375 0.0234375 0.04140625
0 0.24296875 0.659375 0.0234375 0.04453125
0 0.13125 0.63515625 0.02734375 0.0359375
0 0.153125 0.97890625 0.03515625 0.04140625