0 0.6484375 0.0390625 0.01953125 0.046875
0 0.584375 0.11171875 0.03125 0.0515625
0 0.55078125 0.1375 0.0234375 0.0390625
0 0.471875 0.26015625 0.01796875 0.03359375
0 0.459375 0.30703125 0.01875 0.0359375
0 0.91484375 0.4140625 0.0859375 0.125
0 0.665625 0.25703125 0.04453125 0.07578125
0 0.53984375 0.3703125 0.03203125 0.05859375
0 0.6234375 0.2796875 0.02578125 0.0640625
0 0.50625 0.60234375 0.034375 0.0765625
0 0.446875 0.5875 0.03125 0.05625
0 0.72890625 0.79453125 0.08984375 0.16171875
0 0.7578125 0.89453125 0.1296875 0.1828125