3 0.85 0.80625 0.07265625 0.08984375
0 0.8328125 0.953125 0.0703125 0.09375
0 0.3921875 0.77578125 0.0390625 0.07578125
0 0.48125 0.753125 0.03203125 0.05859375
0 0.5625 0.68515625 0.03984375 0.065625
0 0.6984375 0.53046875 0.03046875 0.06328125
0 0.61953125 0.440625 0.03515625 0.05859375
0 0.67734375 0.34765625 0.0328125 0.0609375
0 0.721875 0.31328125 0.03125 0.05625
0 0.571875 0.13125 0.02109375 0.0453125
0 0.5484375 0.178125 0.02109375 0.03828125
0 0.46328125 0.2359375 0.02109375 0.03671875
0 0.4421875 0.26875 0.02578125 0.03671875
0 0.4875 0.2453125 0.025 0.03359375
0 0.37890625 0.38671875 0.02578125 0.03671875
0 0.38515625 0.43203125 0.021875 0.0421875