0 0.11640625 0.03203125 0.03515625 0.06171875
3 0.36484375 0.83125 0.0359375 0.0640625
0 0.4234375 0.80859375 0.03359375 0.05703125
0 0.271875 0.93203125 0.05 0.0734375
0 0.4953125 0.66484375 0.03125 0.05859375
0 0.3453125 0.76171875 0.0375 0.06796875
0 0.1171875 0.840625 0.03359375 0.07109375
0 0.25 0.60078125 0.0359375 0.059375
0 0.334375 0.50859375 0.03046875 0.05
0 0.2765625 0.51171875 0.0296875 0.06015625
0 0.02734375 0.37265625 0.03984375 0.06640625
0 0.2015625 0.246875 0.03125 0.05546875
0 0.0578125 0.1328125 0.0453125 0.0453125
0 0.09921875 0.1953125 0.03828125 0.06328125