0 0.5421875 0.54296875 0.0234375 0.03046875
0 0.17578125 0.9109375 0.025 0.04453125
0 0.834375 0.6890625 0.03828125 0.05
0 0.909375 0.4484375 0.0296875 0.046875
0 0.85234375 0.46171875 0.02578125 0.0375
0 0.7859375 0.509375 0.03515625 0.04453125
0 0.6703125 0.6734375 0.03046875 0.05
0 0.6140625 0.6546875 0.02890625 0.05234375
0 0.52421875 0.53203125 0.01953125 0.03046875
0 0.5265625 0.628125 0.02890625 0.05
0 0.46328125 0.56015625 0.0203125 0.04375
0 0.45234375 0.91328125 0.03515625 0.0640625
0 0.26015625 0.96171875 0.0328125 0.04375
0 0.2609375 0.89453125 0.03203125 0.04453125