2 0.6390625 0.70546875 0.02890625 0.0609375
3 0.32421875 0.7078125 0.034375 0.05859375
3 0.62109375 0.92734375 0.03671875 0.07265625
3 0.27890625 0.32578125 0.0453125 0.04609375
0 0.353125 0.7125 0.03203125 0.05390625
0 0.290625 0.7 0.04609375 0.05859375
0 0.60390625 0.56328125 0.03984375 0.0578125
0 0.503125 0.44453125 0.03125 0.05703125
0 0.3796875 0.5171875 0.0375 0.0578125
0 0.33125 0.53046875 0.02890625 0.04765625
0 0.2734375 0.5453125 0.03828125 0.0625
0 0.2921875 0.4921875 0.03515625 0.04765625
0 0.1625 0.53359375 0.03515625 0.05625
0 0.4578125 0.06328125 0.03125 0.05859375