2 0.74921875 0.3265625 0.0390625 0.065625
0 0.353125 0.80234375 0.0453125 0.08359375
0 0.415625 0.91015625 0.053125 0.10390625
0 0.2484375 0.97265625 0.04921875 0.05390625
0 0.28515625 0.86640625 0.05625 0.07890625
3 0.896875 0.49765625 0.04921875 0.06640625
3 0.49140625 0.95078125 0.06328125 0.08984375
3 0.121875 0.73046875 0.0625 0.10390625
0 0.12578125 0.08515625 0.05078125 0.0953125
0 0.3921875 0.675 0.0390625 0.0734375
0 0.2765625 0.33203125 0.0359375 0.04453125
0 0.475 0.3484375 0.0375 0.06640625
0 0.946875 0.41875 0.05546875 0.08359375
0 0.86171875 0.96171875 0.0703125 0.0765625
0 0.9171875 0.07109375 0.05234375 0.05859375