0 0.26640625 0.34453125 0.03828125 0.05546875
0 0.575 0.41484375 0.0453125 0.0734375
0 0.6140625 0.3765625 0.0375 0.0734375
0 0.4609375 0.10546875 0.02734375 0.0515625
0 0.25234375 0.2 0.028125 0.04453125
0 0.2078125 0.240625 0.0296875 0.0390625
0 0.15703125 0.2328125 0.02890625 0.04296875
0 0.03125 0.33125 0.03203125 0.05
0 0.209375 0.4 0.0390625 0.05703125
0 0.3484375 0.52265625 0.02265625 0.04765625
0 0.25390625 0.63046875 0.03125 0.053125
0 0.03515625 0.75703125 0.03984375 0.053125
3 0.7875 0.59765625 0.0265625 0.071875
3 0.53203125 0.28125 0.02734375 0.04453125
3 0.23671875 0.3765625 0.03203125 0.05078125