0 0.46015625 0.95546875 0.0515625 0.0890625
0 0.84765625 0.90625 0.0390625 0.06484375
0 0.6078125 0.6546875 0.053125 0.0953125
0 0.6328125 0.56171875 0.05390625 0.08359375
0 0.615625 0.46484375 0.05390625 0.0859375
0 0.51875 0.4546875 0.04375 0.07578125
0 0.284375 0.38125 0.03515625 0.065625
0 0.071875 0.803125 0.04375 0.06640625
0 0.1265625 0.48359375 0.03515625 0.059375
3 0.5484375 0.04453125 0.0234375 0.0734375
3 0.8515625 0.54375 0.0234375 0.0765625
3 0.48359375 0.53671875 0.04140625 0.06953125
3 0.16796875 0.58046875 0.0359375 0.05546875