3 0.82421875 0.62421875 0.02109375 0.08046875
3 0.6171875 0.0359375 0.02578125 0.06484375
3 0.49453125 0.42265625 0.03515625 0.053125
3 0.171875 0.6859375 0.04609375 0.0640625
0 0.19921875 0.63671875 0.0515625 0.0828125
0 0.13125 0.7390625 0.034375 0.0625
0 0.53515625 0.27109375 0.0296875 0.05390625
0 0.33125 0.80078125 0.0359375 0.0671875
0 0.40859375 0.75546875 0.04375 0.07890625
0 0.55390625 0.7171875 0.0359375 0.0515625
0 0.5765625 0.57109375 0.053125 0.08984375
0 0.6125 0.5046875 0.05078125 0.07421875
0 0.61328125 0.42109375 0.04296875 0.0703125
0 0.5375 0.371875 0.0421875 0.07265625
0 0.3671875 0.23203125 0.02890625 0.05625
0 0.23203125 0.2359375 0.02890625 0.04140625
0 0.146875 0.46328125 0.0296875 0.05390625
0 0.1 0.54453125 0.0359375 0.05
0 0.034375 0.5640625 0.03828125 0.0515625