3 0.95859375 0.88125 0.08203125 0.10625
3 0.7921875 0.74140625 0.05703125 0.04140625
3 0.7359375 0.77265625 0.05546875 0.07421875
3 0.478125 0.96484375 0.03828125 0.0703125
0 0.71640625 0.97578125 0.05625 0.04765625
0 0.79296875 0.88203125 0.07734375 0.1265625
0 0.76171875 0.63515625 0.02578125 0.04921875
0 0.72109375 0.63359375 0.028125 0.05390625
0 0.62109375 0.6 0.028125 0.0359375
0 0.60625 0.6734375 0.0265625 0.04765625
0 0.48046875 0.809375 0.03046875 0.05625
0 0.3109375 0.86875 0.0265625 0.04375