1 0.42578125 0.1515625 0.16875 0.13984375
2 0.22890625 0.503125 0.14921875 0.21796875
3 0.925 0.89921875 0.084375 0.11328125
3 0.4671875 0.65390625 0.0640625 0.1359375
3 0.4359375 0.59921875 0.05078125 0.09296875
3 0.3890625 0.7265625 0.09296875 0.165625
3 0.28515625 0.7609375 0.0890625 0.11484375
3 0.13359375 0.80703125 0.09140625 0.1046875
3 0.896875 0.60078125 0.12890625 0.15390625
3 0.7421875 0.5140625 0.1046875 0.1484375
3 0.57109375 0.10703125 0.11015625 0.19375
3 0.26796875 0.08359375 0.07109375 0.09921875
3 0.07421875 0.42421875 0.1484375 0.19140625
0 0.56015625 0.2765625 0.13203125 0.1859375
0 0.53515625 0.565625 0.13671875 0.21875
0 0.58515625 0.6890625 0.07265625 0.11796875
0 0.06015625 0.19765625 0.11953125 0.1640625
3 0.95625 0.4 0.0609375 0.09609375
3 0.82265625 0.809375 0.06484375 0.07578125