0 0.3453125 0.35078125 0.065625 0.078125
0 0.9359375 0.709375 0.12421875 0.125
0 0.8328125 0.59609375 0.11640625 0.12421875
0 0.79609375 0.484375 0.09609375 0.12578125
0 0.6296875 0.7890625 0.06015625 0.1140625
0 0.521875 0.596875 0.05390625 0.1140625
0 0.58359375 0.48671875 0.08125 0.128125
0 0.60234375 0.60625 0.0921875 0.13515625
0 0.3390625 0.7734375 0.090625 0.13515625
0 0.3 0.446875 0.03984375 0.0640625
0 0.5359375 0.0515625 0.0609375 0.0984375
3 0.3453125 0.41015625 0.059375 0.06328125
3 0.02890625 0.38671875 0.05703125 0.0640625
3 0.30234375 0.05703125 0.06953125 0.065625
3 0.08984375 0.31953125 0.0953125 0.071875
3 0.88984375 0.23125 0.08984375 0.0609375
3 0.73203125 0.48828125 0.06640625 0.09375
3 0.74296875 0.27421875 0.0546875 0.0703125
3 0.66015625 0.125 0.06171875 0.0796875
3 0.5921875 0.36328125 0.05390625 0.06875
3 0.4828125 0.3515625 0.05390625 0.07421875
3 0.490625 0.55859375 0.0703125 0.11640625
3 0.4296875 0.65234375 0.08828125 0.13984375
3 0.4328125 0.48828125 0.05859375 0.109375
3 0.371875 0.528125 0.065625 0.11484375
3 0.3140625 0.69609375 0.06015625 0.08359375
3 0.35859375 0.85546875 0.096875 0.134375