3 0.82578125 0.71796875 0.12421875 0.16015625
3 0.096875 0.04140625 0.090625 0.0828125
3 0.43984375 0.27890625 0.05234375 0.0859375
3 0.4625 0.609375 0.03671875 0.071875
3 0.56796875 0.88125 0.06796875 0.1015625
3 0.378125 0.978125 0.06796875 0.04375
3 0.2453125 0.88046875 0.09296875 0.121875
3 0.15078125 0.9609375 0.05234375 0.078125
3 0.22421875 0.7015625 0.09140625 0.10859375
0 0.80390625 0.04140625 0.0546875 0.0828125
0 0.4515625 0.94375 0.05859375 0.0953125
0 0.28828125 0.96171875 0.07265625 0.0765625
0 0.1484375 0.85 0.09453125 0.11875
0 0.30390625 0.5390625 0.09453125 0.12109375
0 0.63046875 0.64296875 0.12734375 0.15859375
0 0.5203125 0.1046875 0.05703125 0.09296875
0 0.14453125 0.1015625 0.10078125 0.1046875