3 0.96015625 0.69765625 0.0796875 0.11953125
3 0.95 0.89375 0.1 0.178125
3 0.74140625 0.5515625 0.05546875 0.0890625
3 0.67265625 0.54765625 0.07578125 0.10859375
3 0.30234375 0.68125 0.09296875 0.1140625
3 0.478125 0.5734375 0.06484375 0.1015625
3 0.3515625 0.35859375 0.07109375 0.09375
0 0.81328125 0.6265625 0.07890625 0.11015625
0 0.65390625 0.60625 0.0640625 0.11171875
0 0.53046875 0.55546875 0.065625 0.1015625
0 0.365625 0.28359375 0.06640625 0.09609375
0 0.32109375 0.18046875 0.059375 0.08203125
0 0.20703125 0.090625 0.07421875 0.0734375
0 0.1078125 0.71953125 0.1640625 0.14921875