0 0.4828125 0.96875 0.0875 0.0625
0 0.721875 0.73984375 0.05859375 0.08125
0 0.353125 0.721875 0.053125 0.09921875
0 0.09453125 0.7390625 0.06640625 0.08828125
0 0.1265625 0.9328125 0.0921875 0.134375
0 0.20390625 0.878125 0.071875 0.12421875
0 0.371875 0.55390625 0.03515625 0.04609375
0 0.4296875 0.55078125 0.03046875 0.04140625
0 0.43203125 0.5171875 0.0234375 0.040625
0 0.74609375 0.3671875 0.02890625 0.0484375
0 0.78671875 0.35859375 0.02890625 0.04140625
3 0.334375 0.528125 0.03359375 0.0390625
3 0.5859375 0.55078125 0.040625 0.05703125
0 0.76484375 0.5375 0.04296875 0.04921875