0 0.27109375 0.74140625 0.05390625 0.08359375
0 0.98828125 0.340625 0.0234375 0.08828125
0 0.8015625 0.40078125 0.0625 0.08359375
0 0.71796875 0.55 0.05859375 0.0890625
0 0.625 0.78203125 0.059375 0.08984375
0 0.67578125 0.690625 0.06015625 0.0796875
0 0.51796875 0.56640625 0.065625 0.11640625
0 0.32734375 0.76640625 0.07734375 0.11484375
3 0.86953125 0.459375 0.04296875 0.05859375
3 0.79609375 0.521875 0.06875 0.1015625
3 0.7296875 0.390625 0.03984375 0.09296875
3 0.53671875 0.9625 0.0578125 0.075
3 0.50546875 0.63515625 0.05625 0.07421875
3 0.3015625 0.68203125 0.0703125 0.08984375