3 0.53828125 0.38046875 0.05625 0.0671875
0 0.321875 0.25546875 0.0171875 0.03515625
0 0.37578125 0.3234375 0.02578125 0.03515625
0 0.290625 0.31484375 0.021875 0.034375
0 0.01875 0.91328125 0.0375 0.07109375
0 0.184375 0.97265625 0.04765625 0.05390625
3 0.2984375 0.43671875 0.05 0.0359375
3 0.253125 0.48984375 0.05546875 0.084375
0 0.21171875 0.5078125 0.04296875 0.05703125
0 0.88359375 0.8703125 0.06015625 0.08671875
0 0.859375 0.56171875 0.08828125 0.13203125
0 0.67109375 0.3671875 0.06875 0.078125
0 0.73671875 0.35625 0.04765625 0.08359375
0 0.6 0.3875 0.06484375 0.0625
0 0.6984375 0.428125 0.040625 0.05078125
0 0.38125 0.46171875 0.03671875 0.0484375
0 0.453125 0.44453125 0.0484375 0.0625
0 0.49375 0.56484375 0.06796875 0.10703125
0 0.5796875 0.61875 0.084375 0.11875